527688000.000000
527688001.000000
527688002.000000
527688003.000000
527688004.000000
527688005.000000
527688006.000000
527688007.000000
527688008.000000
527688009.000000
527688010.000000
527688011.000000
527688012.000000
527688013.000000
527688014.000000
527688015.000000
527688016.000000
527688017.000000
527688018.000000
527688019.000000
527688020.000000
527688021.000000
527688022.000000
527688023.000000
527688024.000000
527688025.000000
527688026.000000
527688027.000000
527688028.000000
527688029.000000
527688030.000000
527688031.000000
527688032.000000
527688033.000000
527688034.000000
527688035.000000
527688036.000000
527688037.000000
527688038.000000
527688039.000000
527688040.000000
527688041.000000
527688042.000000
527688043.000000
527688044.000000
527688045.000000
527688046.000000
527688047.000000
527688048.000000
527688049.000000
527688050.000000
527688051.000000
527688052.000000
527688053.000000
527688054.000000
527688055.000000
527688056.000000
527688057.000000
527688058.000000
527688059.000000
5276