-4.271918886122e-01 1.092950258037e+00 2.137287352494e+00
-4.271906408229e-01 1.092970896141e+00 2.137196535183e+00
-4.271798275835e-01 1.093065531993e+00 2.136771164944e+00
-4.271504849965e-01 1.093222385494e+00 2.136063677790e+00
-4.270959182349e-01 1.093430787767e+00 2.135121836127e+00
-4.270114281983e-01 1.093681130014e+00 2.133988917606e+00
-4.268940526029e-01 1.093964806693e+00 2.132703923370e+00
-4.267423226512e-01 1.094274154956e+00 2.131301800517e+00
-4.265560364072e-01 1.094602391861e+00 2.129813674234e+00
-4.263360492835e-01 1.094943550783e+00 2.128267085629e+00
-4.260840820327e-01 1.095292418118e+00 2.126686231781e+00
-4.258025459683e-01 1.095644471203e+00 2.125092205109e+00
-4.254943853406e-01 1.095995818172e+00 2.123503229593e+00
-4.251629363149e-01 1.096343140302e+00 2.121934891706e+00
-4.248118019378e-01 1.096683637224e+00 2.120400364495e+00
-4.244447423622e-01 1.097014975287e+00 2.118910623354e+00
-4.240655795591e-01 1.097335239235e+00 2.117474652508e+00
-4.236781156480e-01 1.097642887231e+00 2.116099641427e+00
-4.232860638684e-01 1.097936709258e+00 2.114791170632e+00
-4.228929912743e-01 1.098215788813e+00 2.113553386538e+00
-4.225022722558e-01 1.098479467824e+00 2.112389165152e+00
-4.221170519265e-01 1.098727314572e+00 2.111300264674e+00
-4.217402182800e-01 1.098959094545e+00 2.110287467023e+00
-4.213743823800e-01 1.099174744029e+00 2.109350708514e+00
-4.210218657134e-01 1.099374346194e+00 2.108489200049e+00
-4.206846936974e-01 1.099558109583e+00 2.107701537045e+00
-4.203645947209e-01 1.099726348770e+00 2.106985799608e+00
-4.200630039051e-01 1.099879466984e+00 2.106339643392e+00
-4.197810706419e-01 1.100017940606e+00 2.105760381546e+00
-4.195196696520e-01 1.100142305366e+00 2.105245058297e+00
-4.192794147500e-01 1.100253143980e+00 2.104790514687e+00
-4.190606745925e-01 1.100351075243e+00 2.104393446921e+00
-4.188635901432e-01 1.100436744395e+00 2.104050457837e+00
-4.186880933830e-01 1.100510814554e+00 2.103758102046e+00
-4.185339266481e-01 1.100573959251e+00 2.103512925149e+00
-4.184006624445e-01 1.100626855869e+00 2.103311497566e+00
-4.182877232260e-01 1.100670179940e+00 2.103150443382e+00
-4.181944011567e-01 1.100704600201e+00 2.103026464680e+00
-4.181198771906e-01 1.100730774345e+00 2.102936361757e+00
-4.180632397164e-01 1.100749345391e+00 2.102877049617e+00
-4.180235022462e-01 1.100760938620e+00 2.102845571112e+00
-4.179996202050e-01 1.100766159022e+00 2.102839107091e+00
-4.179905067069e-01 1.100765589204e+00 2.102854983868e+00
-4.179950471111e-01 1.100759787687e+00 2.102890678334e+00
-4.180121124838e-01 1.100749287613e+00 2.102943820965e+00
-4.180405718300e-01 1.100734595785e+00 2.103012197005e+00
-4.180793031815e-01 1.100716191928e+00 2.103093746106e+00
-4.181272032547e-01 1.100694528320e+00 2.103186560569e+00
-4.181831961147e-01 1.100670029615e+00 2.103288882438e+00
-4.182462406783e-01 1.100643092860e+00 2.103399099635e+00
-4.183153369253e-01 1.100614087727e+00 2.103515741291e+00
-4.183895312527e-01 1.100583356901e+00 2.103637472409e+00
-4.184679207094e-01 1.100551216599e+00 2.103763088041e+00
-4.185496562850e-01 1.100517957229e+00 2.103891507048e+00
-4.186339453601e-01 1.100483844140e+00 2.104021765591e+00
-4.187200533303e-01 1.100449118468e+00 2.104153010433e+00
-4.188073045125e-01 1.100413998051e+00 2.104284492151e+00
-4.188950823018e-01 1.100378678429e+00 2.104415558289e+00
-4.189828288655e-01 1.100343333816e+00 2.104545646607e+00
-4.190700441311e-01 1.100308118256e+00 2.104674278331e+00
-4.191562845907e-01 1.100273166605e+00 2.104801051640e+00
-4.192411613360e-01 1.100238595703e+00 2.104925635261e+00
-4.193243380697e-01 1.100204505474e+00 2.105047762307e+00
-4.194055287367e-01 1.100170980007e+00 2.105167224351e+00
-4.194844948826e-01 1.100138088678e+00 2.105283865741e+00
-4.195610428904e-01 1.100105887243e+00 2.105397578197e+00
-4.196350210899e-01 1.100074418851e+00 2.105508295714e+00
-4.197063166862e-01 1.100043715153e+00 2.105615989713e+00
-4.197748528004e-01 1.100013797279e+00 2.105720664520e+00
-4.198405854090e-01 1.099984676801e+00 2.105822353131e+00
-4.199035002571e-01 1.099956356706e+00 2.105921113272e+00
-4.199636099451e-01 1.099928832297e+00 2.106017023727e+00
-4.200209510379e-01 1.099902092033e+00 2.106110180999e+00
-4.200755812271e-01 1.099876118336e+00 2.106200696217e+00
-4.201275765252e-01 1.099850888405e+00 2.106288692304e+00
-4.201770287744e-01 1.099826374942e+00 2.106374301401e+00
-4.202240431590e-01 1.099802546818e+00 2.106457662556e+00
-4.202687359034e-01 1.099779369743e+00 2.106538919625e+00
-4.203112321487e-01 1.099756806822e+00 2.106618219427e+00
-4.203516638514e-01 1.099734819148e+00 2.106695710082e+00
-4.203901679984e-01 1.099713366279e+00 2.106771539549e+00
-4.204268848336e-01 1.099692406757e+00 2.106845854340e+00
-4.204619564227e-01 1.099671898452e+00 2.106918798454e+00
-4.204955250919e-01 1.099651799025e+00 2.106990512397e+00
-4.205277323147e-01 1.099632066238e+00 2.107061132408e+00
-4.205587175503e-01 1.099612658247e+00 2.107130789804e+00
-4.205886172305e-01 1.099593533941e+00 2.107199610418e+00
-4.206175640643e-01 1.099574653093e+00 2.107267714220e+00
-4.206456862006e-01 1.099555976632e+00 2.107335214963e+00
-4.206731067029e-01 1.099537466775e+00 2.107402219977e+00
-4.206999429801e-01 1.099519087199e+00 2.107468830024e+00
-4.207263064255e-01 1.099500803178e+00 2.107535139215e+00
-4.207523021642e-01 1.099482581649e+00 2.107601235022e+00
-4.207780288411e-01 1.099464391315e+00 2.107667198311e+00
-4.208035785326e-01 1.099446202641e+00 2.107733103471e+00
-4.208290365836e-01 1.099427987950e+00 2.107799018541e+00
-4.208544816860e-01 1.099409721431e+00 2.107865005385e+00
-4.208799860023e-01 1.099391379078e+00 2.107931119931e+00
-4.209056151581e-01 1.099372938750e+00 2.107997412379e+00
-4.209314285214e-01 1.099354380086e+00 2.108063927477e+00
-4.209574792772e-01 1.099335684522e+00 2.108130704776e+00
-4.209838147826e-01 1.099316835192e+00 2.108197778925e+00
-4.210104767514e-01 1.099297816878e+00 2.108265179966e+00
-4.210375015008e-01 1.099278615983e+00 2.108332933610e+00
-4.210649202853e-01 1.099259220430e+00 2.108401061544e+00
-4.210927596143e-01 1.099239619585e+00 2.108469581725e+00
-4.211210415058e-01 1.099219804210e+00 2.108538508654e+00
-4.211497838423e-01 1.099199766332e+00 2.108607853695e+00
-4.211790006275e-01 1.099179499222e+00 2.108677625308e+00
-4.212087023789e-01 1.099158997272e+00 2.108747829346e+00
-4.212388964114e-01 1.099138255899e+00 2.108818469309e+00
-4.212695870718e-01 1.099117271508e+00 2.108889546578e+00
-4.213007760541e-01 1.099096041377e+00 2.108961060664e+00
-4.213324627359e-01 1.099074563605e+00 2.109033009414e+00
-4.213646444360e-01 1.099052836992e+00 2.109105389242e+00
-4.213973166484e-01 1.099030860989e+00 2.109178195314e+00
-4.214304732783e-01 1.099008635625e+00 2.109251421733e+00
-4.214641068732e-01 1.098986161444e+00 2.109325061712e+00
-4.214982088598e-01 1.098963439412e+00 2.109399107739e+00
-4.215327697093e-01 1.098940470878e+00 2.109473551718e+00
-4.215677790988e-01 1.098917257538e+00 2.109548385081e+00
-4.216032262211e-01 1.098893801317e+00 2.109623598941e+00
-4.216390998174e-01 1.098870104366e+00 2.109699184183e+00
-4.216753883444e-01 1.098846168980e+00 2.109775131580e+00
-4.217120800848e-01 1.098821997588e+00 2.109851431865e+00
-4.217491632864e-01 1.098797592707e+00 2.109928075803e+00
-4.217866262649e-01 1.098772956875e+00 2.110005054287e+00
-4.218244574720e-01 1.098748092671e+00 2.110082358368e+00
-4.218626456517e-01 1.098723002613e+00 2.110159979326e+00
-4.219011798174e-01 1.098697689188e+00 2.110237908697e+00
-4.219400493282e-01 1.098672154817e+00 2.110316138313e+00
-4.219792439702e-01 1.098646401824e+00 2.110394660349e+00
-4.220187539870e-01 1.098620432408e+00 2.110473467337e+00
-4.220585700467e-01 1.098594248676e+00 2.110552552165e+00
-4.220986833560e-01 1.098567852564e+00 2.110631908103e+00
-4.221390855885e-01 1.098541245894e+00 2.110711528794e+00
-4.221797689548e-01 1.098514430327e+00 2.110791408290e+00
-4.222207262031e-01 1.098487407350e+00 2.110871541044e+00
-4.222619505854e-01 1.098460178303e+00 2.110951921876e+00
-4.223034358465e-01 1.098432744372e+00 2.111032545984e+00
-4.223451762998e-01 1.098405106550e+00 2.111113408966e+00
-4.223871667041e-01 1.098377265689e+00 2.111194506746e+00
-4.224294023258e-01 1.098349222469e+00 2.111275835628e+00
-4.224718788716e-01 1.098320977401e+00 2.111357392249e+00
-4.225145924707e-01 1.098292530873e+00 2.111439173535e+00
-4.225575397196e-01 1.098263883107e+00 2.111521176732e+00
-4.226007176038e-01 1.098235034161e+00 2.111603399364e+00
-4.226441234437e-01 1.098205983990e+00 2.111685839226e+00
-4.226877549172e-01 1.098176732395e+00 2.111768494376e+00
-4.227316099913e-01 1.098147279068e+00 2.111851363110e+00
-4.227756869599e-01 1.098117623589e+00 2.111934443910e+00
-4.228199844037e-01 1.098087765426e+00 2.112017735465e+00
-4.228645011739e-01 1.098057703930e+00 2.112101236647e+00
-4.229092362959e-01 1.098027438370e+00 2.112184946517e+00
-4.229541890188e-01 1.097996967933e+00 2.112268864246e+00
-4.229993587938e-01 1.097966291717e+00 2.112352989166e+00
-4.230447452064e-01 1.097935408755e+00 2.112437320723e+00
-4.230903479892e-01 1.097904318027e+00 2.112521858446e+00
-4.231361670253e-01 1.097873018420e+00 2.112606601982e+00
-4.231822022576e-01 1.097841508813e+00 2.112691551043e+00
-4.232284537499e-01 1.097809788008e+00 2.112776705418e+00
-4.232749215910e-01 1.097777854788e+00 2.112862064939e+00
-4.233216059487e-01 1.097745707908e+00 2.112947629498e+00
-4.233685070601e-01 1.097713346071e+00 2.113033399016e+00
-4.234156251593e-01 1.097680767989e+00 2.113119373431e+00
-4.234629605455e-01 1.097647972327e+00 2.113205552705e+00
-4.235105135105e-01 1.097614957749e+00 2.113291936833e+00
-4.235582843650e-01 1.097581722895e+00 2.113378525813e+00
-4.236062733752e-01 1.097548266414e+00 2.113465319627e+00
-4.236544808120e-01 1.097514586952e+00 2.113552318269e+00
-4.237029069398e-01 1.097480683152e+00 2.113639521708e+00
-4.237515519856e-01 1.097446553648e+00 2.113726929925e+00
-4.238004161129e-01 1.097412197105e+00 2.113814542880e+00
-4.238494995125e-01 1.097377612167e+00 2.113902360499e+00
-4.238988022771e-01 1.097342797518e+00 2.113990382699e+00
-4.239483245236e-01 1.097307751824e+00 2.114078609380e+00
-4.239980663018e-01 1.097272473775e+00 2.114167040409e+00
-4.240480276182e-01 1.097236962066e+00 2.114255675640e+00
-4.240982084266e-01 1.097201215406e+00 2.114344514900e+00
-4.241486086164e-01 1.097165232534e+00 2.114433557984e+00
-4.241992280670e-01 1.097129012205e+00 2.114522804649e+00
-4.242500666095e-01 1.097092553170e+00 2.114612254651e+00
-4.243011240135e-01 1.097055854191e+00 2.114701907719e+00
-4.243523999826e-01 1.097018914093e+00 2.114791763532e+00
-4.244038942379e-01 1.096981731660e+00 2.114881821786e+00
-4.244556064284e-01 1.096944305714e+00 2.114972082127e+00
-4.245075361608e-01 1.096906635098e+00 2.115062544165e+00
-4.245596829879e-01 1.096868718671e+00 2.115153207502e+00
-4.246120464597e-01 1.096830555300e+00 2.115244071723e+00
-4.246646261006e-01 1.096792143855e+00 2.115335136407e+00
-4.247174213726e-01 1.096753483222e+00 2.115426401089e+00
-4.247704316842e-01 1.096714572329e+00 2.115517865295e+00
-4.248236564737e-01 1.096675410084e+00 2.115609528535e+00
-4.248770951209e-01 1.096635995415e+00 2.115701390304e+00
-4.249307469736e-01 1.096596327254e+00 2.115793450094e+00
-4.249846113377e-01 1.096556404569e+00 2.115885707375e+00
-4.250386875182e-01 1.096516226314e+00 2.115978161611e+00
-4.250929747795e-01 1.096475791476e+00 2.116070812239e+00
-4.251474723753e-01 1.096435099028e+00 2.116163658709e+00
-4.252021795631e-01 1.096394147956e+00 2.116256700439e+00
-4.252570955427e-01 1.096352937267e+00 2.116349936865e+00
-4.253122195495e-01 1.096311465956e+00 2.116443367388e+00
-4.253675507624e-01 1.096269733036e+00 2.116536991426e+00
-4.254230883697e-01 1.096227737515e+00 2.116630808385e+00
-4.254788315021e-01 1.096185478423e+00 2.116724817678e+00
-4.255347793230e-01 1.096142954795e+00 2.116819018696e+00
-4.255909309813e-01 1.096100165647e+00 2.116913410849e+00
-4.256472855942e-01 1.096057110023e+00 2.117007993519e+00
-4.257038422818e-01 1.096013786979e+00 2.117102766094e+00
-4.257606001884e-01 1.095970195525e+00 2.117197727982e+00
-4.258175583888e-01 1.095926334732e+00 2.117292878566e+00
-4.258747159889e-01 1.095882203652e+00 2.117388217237e+00
-4.259320720910e-01 1.095837801323e+00 2.117483743396e+00
-4.259896257515e-01 1.095793126814e+00 2.117579456436e+00
-4.260473760598e-01 1.095748179187e+00 2.117675355741e+00
-4.261053220963e-01 1.095702957497e+00 2.117771440713e+00
-4.261634629497e-01 1.095657460805e+00 2.117867710740e+00
-4.262217976834e-01 1.095611688164e+00 2.117964165237e+00
-4.262803253442e-01 1.095565638658e+00 2.118060803586e+00
-4.263390449895e-01 1.095519311345e+00 2.118157625201e+00
-4.263979556806e-01 1.095472705300e+00 2.118254629478e+00
-4.264570564445e-01 1.095425819597e+00 2.118351815836e+00
-4.265163463567e-01 1.095378653297e+00 2.118449183682e+00
-4.265758244437e-01 1.095331205482e+00 2.118546732416e+00
-4.266354897333e-01 1.095283475238e+00 2.118644461450e+00
-4.266953412471e-01 1.095235461632e+00 2.118742370192e+00
-4.267553780095e-01 1.095187163770e+00 2.118840458050e+00
-4.268155990677e-01 1.095138580716e+00 2.118938724450e+00
-4.268760034240e-01 1.095089711540e+00 2.119037168824e+00
-4.269365900499e-01 1.095040555365e+00 2.119135790580e+00
-4.269973579551e-01 1.094991111282e+00 2.119234589131e+00
-4.270583061665e-01 1.094941378373e+00 2.119333563907e+00
-4.271194336871e-01 1.094891355727e+00 2.119432714336e+00
-4.271807395052e-01 1.094841042443e+00 2.119532039847e+00
-4.272422226140e-01 1.094790437611e+00 2.119631539861e+00
-4.273038819775e-01 1.094739540353e+00 2.119731213800e+00
-4.273657165879e-01 1.094688349764e+00 2.119831061099e+00
-4.274277254056e-01 1.094636864952e+00 2.119931081184e+00
-4.274899073934e-01 1.094585085030e+00 2.120031273491e+00
-4.275522615057e-01 1.094533009125e+00 2.120131637445e+00
-4.276147867372e-01 1.094480636332e+00 2.120232172475e+00
-4.276774820221e-01 1.094427965771e+00 2.120332878024e+00
-4.277403462806e-01 1.094374996576e+00 2.120433753529e+00
-4.278033784646e-01 1.094321727867e+00 2.120534798419e+00
-4.278665775102e-01 1.094268158785e+00 2.120636012114e+00
-4.279299423422e-01 1.094214288453e+00 2.120737394065e+00
-4.279934719001e-01 1.094160116000e+00 2.120838943697e+00
-4.280571650751e-01 1.094105640585e+00 2.120940660442e+00
-4.281210208132e-01 1.094050861336e+00 2.121042543744e+00
-4.281850380144e-01 1.093995777383e+00 2.121144593039e+00
-4.282492155543e-01 1.093940387909e+00 2.121246807754e+00
-4.283135523429e-01 1.093884692047e+00 2.121349187329e+00
-4.283780472623e-01 1.093828688977e+00 2.121451731181e+00
-4.284426992031e-01 1.093772377831e+00 2.121554438765e+00
-4.285075070230e-01 1.093715757808e+00 2.121657309506e+00
-4.285724696200e-01 1.093658828051e+00 2.121760342845e+00
-4.286375858417e-01 1.093601587740e+00 2.121863538214e+00
-4.287028545506e-01 1.093544036063e+00 2.121966895041e+00
-4.287682746103e-01 1.093486172187e+00 2.122070412757e+00
-4.288338448594e-01 1.093427995308e+00 2.122174090799e+00
-4.288995641320e-01 1.093369504616e+00 2.122277928605e+00
-4.289654312557e-01 1.093310699304e+00 2.122381925608e+00
-4.290314450517e-01 1.093251578587e+00 2.122486081233e+00
-4.290976043490e-01 1.093192141652e+00 2.122590394924e+00
-4.291639079549e-01 1.093132387732e+00 2.122694866097e+00
-4.292303547206e-01 1.093072316004e+00 2.122799494184e+00
-4.292969434125e-01 1.093011925713e+00 2.122904278604e+00
-4.293636728441e-01 1.092951216075e+00 2.123009218798e+00
-4.294305418044e-01 1.092890186313e+00 2.123114314198e+00
-4.294975490888e-01 1.092828835658e+00 2.123219564233e+00
-4.295646934761e-01 1.092767163349e+00 2.123324968323e+00
-4.296319737516e-01 1.092705168617e+00 2.123430525896e+00
-4.296993886740e-01 1.092642850720e+00 2.123536236383e+00
-4.297669370195e-01 1.092580208896e+00 2.123642099208e+00
-4.298346175439e-01 1.092517242408e+00 2.123748113790e+00
-4.299024289960e-01 1.092453950513e+00 2.123854279561e+00
-4.299703701406e-01 1.092390332480e+00 2.123960595943e+00
-4.300384397208e-01 1.092326387557e+00 2.124067062359e+00
-4.301066364621e-01 1.092262115048e+00 2.124173678232e+00
-4.301749591313e-01 1.092197514197e+00 2.124280442987e+00
-4.302434064343e-01 1.092132584306e+00 2.124387356036e+00
-4.303119770891e-01 1.092067324664e+00 2.124494416803e+00
-4.303806698250e-01 1.092001734558e+00 2.124601624717e+00
-4.304494833547e-01 1.091935813294e+00 2.124708979196e+00
-4.305184163945e-01 1.091869560157e+00 2.124816479668e+00
-4.305874676309e-01 1.091802974459e+00 2.124924125560e+00
-4.306566357543e-01 1.091736055521e+00 2.125031916290e+00
-4.307259194730e-01 1.091668802657e+00 2.125139851277e+00
-4.307953174712e-01 1.091601215186e+00 2.125247929936e+00
-4.308648284474e-01 1.091533292430e+00 2.125356151683e+00
-4.309344510730e-01 1.091465033735e+00 2.125464515922e+00
-4.310041840192e-01 1.091396438415e+00 2.125573022087e+00
-4.310740259198e-01 1.091327505860e+00 2.125681669575e+00
-4.311439754907e-01 1.091258235370e+00 2.125790457812e+00
-4.312140313560e-01 1.091188626329e+00 2.125899386211e+00
-4.312841922006e-01 1.091118678082e+00 2.126008454173e+00
-4.313544566650e-01 1.091048389986e+00 2.126117661124e+00
-4.314248234062e-01 1.090977761410e+00 2.126227006471e+00
-4.314952910525e-01 1.090906791727e+00 2.126336489638e+00
-4.315658582480e-01 1.090835480312e+00 2.126446110036e+00
-4.316365236132e-01 1.090763826559e+00 2.126555867082e+00
-4.317072857821e-01 1.090691829851e+00 2.126665760162e+00
-4.317781433811e-01 1.090619489591e+00 2.126775788687e+00
-4.318490950325e-01 1.090546805169e+00 2.126885952074e+00
-4.319201393352e-01 1.090473776001e+00 2.126996249726e+00
-4.319912749264e-01 1.090400401489e+00 2.127106681037e+00
-4.320625004059e-01 1.090326681031e+00 2.127217245451e+00
-4.321338143422e-01 1.090252614090e+00 2.127327942342e+00
-4.322052153421e-01 1.090178200070e+00 2.127438771127e+00
-4.322767020092e-01 1.090103438420e+00 2.127549731189e+00
-4.323482729425e-01 1.090028328559e+00 2.127660821946e+00
-4.324199267193e-01 1.089952869945e+00 2.127772042792e+00
-4.324916619347e-01 1.089877062005e+00 2.127883393134e+00
-4.325634771592e-01 1.089800904206e+00 2.127994872369e+00
-4.326353709698e-01 1.089724396004e+00 2.128106479921e+00
-4.327073419696e-01 1.089647536852e+00 2.128218215178e+00
-4.327793887258e-01 1.089570326192e+00 2.128330077548e+00
-4.328515097631e-01 1.089492763532e+00 2.128442066424e+00
-4.329237036339e-01 1.089414848379e+00 2.128554181184e+00
-4.329959689187e-01 1.089336580182e+00 2.128666421253e+00
-4.330683041506e-01 1.089257958447e+00 2.128778786015e+00
-4.331407078650e-01 1.089178982695e+00 2.128891274847e+00
-4.332131786369e-01 1.089099652406e+00 2.129003887154e+00
-4.332857150063e-01 1.089019967094e+00 2.129116622328e+00
-4.333583155102e-01 1.088939926261e+00 2.129229479764e+00
-4.334309786713e-01 1.088859529440e+00 2.129342458839e+00
-4.335037030061e-01 1.088778776174e+00 2.129455558956e+00
-4.335764870655e-01 1.088697665982e+00 2.129568779501e+00
-4.336493293892e-01 1.088616198382e+00 2.129682119860e+00
-4.337222284813e-01 1.088534372931e+00 2.129795579409e+00
-4.337951828469e-01 1.088452189200e+00 2.129909157533e+00
-4.338681910149e-01 1.088369646715e+00 2.130022853630e+00
-4.339412514792e-01 1.088286745062e+00 2.130136667081e+00
-4.340143627524e-01 1.088203483791e+00 2.130250597270e+00
-4.340875233268e-01 1.088119862499e+00 2.130364643576e+00
-4.341607317151e-01 1.088035880739e+00 2.130478805384e+00
-4.342339863934e-01 1.087951538120e+00 2.130593082064e+00
-4.343072858690e-01 1.087866834242e+00 2.130707472988e+00
-4.343806286533e-01 1.087781768667e+00 2.130821977542e+00
-4.344540132159e-01 1.087696341022e+00 2.130936595102e+00
-4.345274380509e-01 1.087610550899e+00 2.131051325056e+00
-4.346009016307e-01 1.087524397931e+00 2.131166166753e+00
-4.346744024295e-01 1.087437881737e+00 2.131281119582e+00
-4.347479389435e-01 1.087351001944e+00 2.131396182914e+00
-4.348215096647e-01 1.087263758150e+00 2.131511356147e+00
-4.348951130575e-01 1.087176150006e+00 2.131626638632e+00
-4.349687475751e-01 1.087088177163e+00 2.131742029751e+00
-4.350424116863e-01 1.086999839268e+00 2.131857528881e+00
-4.351161038308e-01 1.086911135991e+00 2.131973135387e+00
-4.351898224967e-01 1.086822067000e+00 2.132088848602e+00
-4.352635661439e-01 1.086732631943e+00 2.132204667917e+00
-4.353373332424e-01 1.086642830500e+00 2.132320592663e+00
-4.354111222220e-01 1.086552662357e+00 2.132436622235e+00
-4.354849315372e-01 1.086462127204e+00 2.132552755991e+00
-4.355587596454e-01 1.086371224728e+00 2.132668993274e+00
-4.356326049922e-01 1.086279954629e+00 2.132785333461e+00
-4.357064660154e-01 1.086188316606e+00 2.132901775898e+00
-4.357803411241e-01 1.086096310409e+00 2.133018319939e+00
-4.358542287954e-01 1.086003935733e+00 2.133134964935e+00
-4.359281274379e-01 1.085911192304e+00 2.133251710257e+00
-4.360020354974e-01 1.085818079862e+00 2.133368555253e+00
-4.360759514229e-01 1.085724598132e+00 2.133485499268e+00
-4.361498736373e-01 1.085630746852e+00 2.133602541654e+00
-4.362238005493e-01 1.085536525786e+00 2.133719681772e+00
-4.362977306079e-01 1.085441934685e+00 2.133836918956e+00
-4.363715985923e-01 1.085347030831e+00 2.133954213463e+00
-4.364454031781e-01 1.085251814061e+00 2.134071564783e+00
-4.365192064855e-01 1.085156226666e+00 2.134189011485e+00
-4.365930069785e-01 1.085060268381e+00 2.134306552913e+00
-4.366668030946e-01 1.084963938981e+00 2.134424188402e+00
-4.367405932518e-01 1.084867238265e+00 2.134541917284e+00
-4.368143758977e-01 1.084770166006e+00 2.134659738895e+00
-4.368881494323e-01 1.084672722012e+00 2.134777652567e+00
-4.369619123120e-01 1.084574906102e+00 2.134895657582e+00
-4.370355386139e-01 1.084476834262e+00 2.135013676233e+00
-4.371091514407e-01 1.084378390214e+00 2.135131785091e+00
-4.371827491957e-01 1.084279573767e+00 2.135249983584e+00
-4.372563303110e-01 1.084180384744e+00 2.135368271002e+00
-4.373298932493e-01 1.084080822953e+00 2.135486646678e+00
-4.374034364212e-01 1.083980888216e+00 2.135605109941e+00
-4.374769582494e-01 1.083880580369e+00 2.135723660147e+00
-4.375504571598e-01 1.083779899260e+00 2.135842296594e+00
-4.376239315661e-01 1.083678844761e+00 2.135961018586e+00
-4.376973798754e-01 1.083577416715e+00 2.136079825459e+00
-4.377708005132e-01 1.083475614999e+00 2.136198716529e+00
-4.378441918743e-01 1.083373439472e+00 2.136317691114e+00
-4.379175523919e-01 1.083270890033e+00 2.136436748494e+00
-4.379908804497e-01 1.083167966585e+00 2.136555887992e+00
-4.380641744343e-01 1.083064669025e+00 2.136675108947e+00
-4.381374327309e-01 1.082960997233e+00 2.136794410712e+00
-4.382106537477e-01 1.082856951111e+00 2.136913792604e+00
-4.382838358521e-01 1.082752530613e+00 2.137033253928e+00
-4.383569774190e-01 1.082647735686e+00 2.137152793985e+00
-4.384300768421e-01 1.082542566246e+00 2.137272412090e+00
-4.385031325426e-01 1.082437022206e+00 2.137392107542e+00
-4.385761429092e-01 1.082331103536e+00 2.137511879628e+00
-4.386491062852e-01 1.082224810199e+00 2.137631727661e+00
-4.387220210749e-01 1.082118142154e+00 2.137751650941e+00
-4.387948856360e-01 1.082011099384e+00 2.137871648783e+00
-4.388676983461e-01 1.081903681870e+00 2.137991720478e+00
-4.389404575884e-01 1.081795889585e+00 2.138111865329e+00
-4.390131617444e-01 1.081687722531e+00 2.138232082615e+00
-4.390858091959e-01 1.081579180687e+00 2.138352371656e+00
-4.391583983195e-01 1.081470264059e+00 2.138472731734e+00
-4.392309274784e-01 1.081360972660e+00 2.138593162155e+00
-4.393033950502e-01 1.081251306502e+00 2.138713662223e+00
-4.393757993894e-01 1.081141265623e+00 2.138834231223e+00
-4.394481388776e-01 1.081030850045e+00 2.138954868450e+00
-4.395204118927e-01 1.080920059828e+00 2.139075573163e+00
-4.395926168095e-01 1.080808894996e+00 2.139196344646e+00
-4.396647520176e-01 1.080697355598e+00 2.139317182181e+00
-4.397368158840e-01 1.080585441692e+00 2.139438085053e+00
-4.398088067959e-01 1.080473153335e+00 2.139559052539e+00
-4.398807231411e-01 1.080360490580e+00 2.139680083916e+00
-4.399525632843e-01 1.080247453493e+00 2.139801178480e+00
-4.400243255903e-01 1.080134042175e+00 2.139922335505e+00
-4.400960084284e-01 1.080020256721e+00 2.140043554255e+00
-4.401676101725e-01 1.079906097210e+00 2.140164834023e+00
-4.402391292117e-01 1.079791563761e+00 2.140286174051e+00
-4.403105639023e-01 1.079676656483e+00 2.140407573614e+00
-4.403819126427e-01 1.079561375469e+00 2.140529031991e+00
-4.404531738105e-01 1.079445720836e+00 2.140650548462e+00
-4.405243457561e-01 1.079329692718e+00 2.140772122302e+00
-4.405954268753e-01 1.079213291232e+00 2.140893752761e+00
-4.406664155473e-01 1.079096516529e+00 2.141015439116e+00
-4.407373101417e-01 1.078979368768e+00 2.141137180582e+00
-4.408081090449e-01 1.078861848096e+00 2.141258976440e+00
-4.408788106488e-01 1.078743954664e+00 2.141380825932e+00
-4.409494133495e-01 1.078625688632e+00 2.141502728289e+00
-4.410199155253e-01 1.078507050164e+00 2.141624682784e+00
-4.410903155415e-01 1.078388039447e+00 2.141746688679e+00
-4.411606117847e-01 1.078268656673e+00 2.141868745219e+00
-4.412308026239e-01 1.078148902023e+00 2.141990851656e+00
-4.413008864669e-01 1.078028775688e+00 2.142113007251e+00
-4.413708616726e-01 1.077908277902e+00 2.142235211225e+00
-4.414407266307e-01 1.077787408849e+00 2.142357462844e+00
-4.415104797637e-01 1.077666168743e+00 2.142479761330e+00
-4.415801194162e-01 1.077544557815e+00 2.142602105937e+00
-4.416496440189e-01 1.077422576284e+00 2.142724495886e+00
-4.417190519182e-01 1.077300224410e+00 2.142846930416e+00
-4.417883415373e-01 1.077177502427e+00 2.142969408772e+00
-4.418575112379e-01 1.077054410591e+00 2.143091930174e+00
-4.419265594471e-01 1.076930949126e+00 2.143214493886e+00
-4.419954845403e-01 1.076807118316e+00 2.143337099121e+00
-4.420642849054e-01 1.076682918419e+00 2.143459745124e+00
-4.421329589667e-01 1.076558349708e+00 2.143582431092e+00
-4.422015051235e-01 1.076433412478e+00 2.143705156254e+00
-4.422699217525e-01 1.076308107018e+00 2.143827919818e+00
-4.423382072928e-01 1.076182433593e+00 2.143950721024e+00
-4.424063601380e-01 1.076056392517e+00 2.144073559067e+00
-4.424743787037e-01 1.075929984085e+00 2.144196433195e+00
-4.425422613667e-01 1.075803208622e+00 2.144319342622e+00
-4.426100065348e-01 1.075676066434e+00 2.144442286596e+00
-4.426776126235e-01 1.075548557846e+00 2.144565264312e+00
-4.427450780297e-01 1.075420683213e+00 2.144688274985e+00
-4.428124011872e-01 1.075292442868e+00 2.144811317795e+00
-4.428795805054e-01 1.075163837142e+00 2.144934391964e+00
-4.429466144063e-01 1.075034866388e+00 2.145057496707e+00
-4.430135013078e-01 1.074905530961e+00 2.145180631208e+00
-4.430802396244e-01 1.074775831240e+00 2.145303794689e+00
-4.431468277586e-01 1.074645767578e+00 2.145426986370e+00
-4.432132641587e-01 1.074515340357e+00 2.145550205435e+00
-4.432795472376e-01 1.074384549965e+00 2.145673451084e+00
-4.433456754210e-01 1.074253396787e+00 2.145796722522e+00
-4.434116471426e-01 1.074121881209e+00 2.145920018947e+00
-4.434774608361e-01 1.073990003636e+00 2.146043339561e+00
-4.435431149060e-01 1.073857764485e+00 2.146166683562e+00
-4.436086077981e-01 1.073725164165e+00 2.146290050149e+00
-4.436739379783e-01 1.073592203086e+00 2.146413438480e+00
-4.437391038837e-01 1.073458881695e+00 2.146536847721e+00
-4.438041039389e-01 1.073325200422e+00 2.146660277096e+00
-4.438689366029e-01 1.073191159686e+00 2.146783725782e+00
-4.439336003274e-01 1.073056759923e+00 2.146907192963e+00
-4.439980935518e-01 1.072922001608e+00 2.147030677821e+00
-4.440624147315e-01 1.072786885185e+00 2.147154179523e+00
-4.441265623187e-01 1.072651411130e+00 2.147277697241e+00
-4.441905347484e-01 1.072515579935e+00 2.147401230161e+00
-4.442543304936e-01 1.072379392074e+00 2.147524777440e+00
-4.443179480176e-01 1.072242848034e+00 2.147648338248e+00
-4.443813858066e-01 1.072105948267e+00 2.147771911764e+00
-4.444446423200e-01 1.071968693280e+00 2.147895497149e+00
-4.445077160227e-01 1.071831083574e+00 2.148019093590e+00
-4.445706053834e-01 1.071693119668e+00 2.148142700248e+00
-4.446333088631e-01 1.071554802067e+00 2.148266316294e+00
-4.446958249406e-01 1.071416131285e+00 2.148389940911e+00
-4.447581521156e-01 1.071277107870e+00 2.148513573224e+00
-4.448202888538e-01 1.071137732353e+00 2.148637212385e+00
-4.448822336638e-01 1.070998005251e+00 2.148760857576e+00
-4.449439850183e-01 1.070857927126e+00 2.148884507950e+00
-4.450055414072e-01 1.070717498510e+00 2.149008162658e+00
-4.450669013577e-01 1.070576719960e+00 2.149131820851e+00
-4.451280633290e-01 1.070435592064e+00 2.149255481676e+00
-4.451890258490e-01 1.070294115369e+00 2.149379144283e+00
-4.452497874229e-01 1.070152290455e+00 2.149502807806e+00
-4.453103465574e-01 1.070010117906e+00 2.149626471392e+00
-4.453707017684e-01 1.069867598316e+00 2.149750134175e+00
-4.454308515615e-01 1.069724732267e+00 2.149873795306e+00
-4.454907944746e-01 1.069581520362e+00 2.149997453917e+00
-4.455505290000e-01 1.069437963206e+00 2.150121109172e+00
-4.456100536663e-01 1.069294061412e+00 2.150244760208e+00
-4.456693669956e-01 1.069149815591e+00 2.150368406171e+00
-4.457284675189e-01 1.069005226387e+00 2.150492046170e+00
-4.457873537781e-01 1.068860294429e+00 2.150615679342e+00
-4.458460243146e-01 1.068715020360e+00 2.150739304803e+00
-4.459044776785e-01 1.068569404796e+00 2.150862921686e+00
-4.459627124325e-01 1.068423448380e+00 2.150986529114e+00
-4.460207271243e-01 1.068277151755e+00 2.151110126220e+00
-4.460785203000e-01 1.068130515589e+00 2.151233712127e+00
-4.461360905241e-01 1.067983540534e+00 2.151357285973e+00
-4.461934363420e-01 1.067836227268e+00 2.151480846878e+00
-4.462505563347e-01 1.067688576451e+00 2.151604393967e+00
-4.463074490506e-01 1.067540588799e+00 2.151727926346e+00
-4.463641130736e-01 1.067392264960e+00 2.151851443150e+00
-4.464205469751e-01 1.067243605648e+00 2.151974943482e+00
-4.464767493196e-01 1.067094611579e+00 2.152098426470e+00
-4.465327186847e-01 1.066945283450e+00 2.152221891227e+00
-4.465884536991e-01 1.066795621956e+00 2.152345336843e+00
-4.466439529428e-01 1.066645627827e+00 2.152468762414e+00
-4.466992150180e-01 1.066495301762e+00 2.152592167064e+00
-4.467542385161e-01 1.066344644511e+00 2.152715549880e+00
-4.468090220530e-01 1.066193656801e+00 2.152838909975e+00
-4.468635642393e-01 1.066042339389e+00 2.152962246422e+00
-4.469178636761e-01 1.065890693001e+00 2.153085558362e+00
-4.469719189719e-01 1.065738718399e+00 2.153208844890e+00
-4.470257287641e-01 1.065586416324e+00 2.153332105097e+00
-4.470792917054e-01 1.065433787537e+00 2.153455338065e+00
-4.471326064067e-01 1.065280832795e+00 2.153578542909e+00
-4.471856714956e-01 1.065127552855e+00 2.153701718741e+00
-4.472384856083e-01 1.064973948533e+00 2.153824864633e+00
-4.472910473997e-01 1.064820020607e+00 2.153947979657e+00
-4.473433555494e-01 1.064665769832e+00 2.154071062898e+00
-4.473954086913e-01 1.064511197021e+00 2.154194113449e+00
-4.474472054720e-01 1.064356302981e+00 2.154317130420e+00
-4.474987445412e-01 1.064201088519e+00 2.154440112890e+00
-4.475500245986e-01 1.064045554416e+00 2.154563059953e+00
-4.476010442926e-01 1.063889701511e+00 2.154685970672e+00
-4.476518022999e-01 1.063733530594e+00 2.154808844167e+00
-4.477022973094e-01 1.063577042531e+00 2.154931679479e+00
-4.477525280119e-01 1.063420238147e+00 2.155054475669e+00
-4.478024931101e-01 1.063263118279e+00 2.155177231821e+00
-4.478521912769e-01 1.063105683767e+00 2.155299947012e+00
-4.479016212444e-01 1.062947935459e+00 2.155422620322e+00
-4.479507816900e-01 1.062789874211e+00 2.155545250810e+00
-4.479996713503e-01 1.062631500852e+00 2.155667837573e+00
-4.480482889283e-01 1.062472816259e+00 2.155790379675e+00
-4.480966331346e-01 1.062313821295e+00 2.155912876185e+00
-4.481447027419e-01 1.062154516835e+00 2.156035326154e+00
-4.481924964353e-01 1.061994903788e+00 2.156157728635e+00
-4.482400129775e-01 1.061834982992e+00 2.156280082720e+00
-4.482872510990e-01 1.061674755343e+00 2.156402387466e+00
-4.483342095624e-01 1.061514221752e+00 2.156524641925e+00
-4.483808871070e-01 1.061353383129e+00 2.156646845141e+00
-4.484272825075e-01 1.061192240349e+00 2.156768996182e+00
-4.484733945216e-01 1.061030794343e+00 2.156891094098e+00
-4.485192219129e-01 1.060869046019e+00 2.157013137958e+00
-4.485647634409e-01 1.060706996303e+00 2.157135126813e+00
-4.486100179102e-01 1.060544646122e+00 2.157257059714e+00
-4.486549840928e-01 1.060381996412e+00 2.157378935695e+00
-4.486996608067e-01 1.060219048071e+00 2.157500753822e+00
-4.487440468316e-01 1.060055802061e+00 2.157622513129e+00
-4.487881409661e-01 1.059892259321e+00 2.157744212681e+00
-4.488319420373e-01 1.059728420813e+00 2.157865851500e+00
-4.488754488529e-01 1.059564287478e+00 2.157987428641e+00
-4.489186602272e-01 1.059399860267e+00 2.158108943150e+00
-4.489615749954e-01 1.059235140133e+00 2.158230394078e+00
-4.490041919929e-01 1.059070128061e+00 2.158351780449e+00
-4.490465100391e-01 1.058904825033e+00 2.158473101307e+00
-4.490885279854e-01 1.058739231989e+00 2.158594355711e+00
-4.491302447128e-01 1.058573349934e+00 2.158715542662e+00
-4.491716590256e-01 1.058407179866e+00 2.158836661224e+00
-4.492127698076e-01 1.058240722754e+00 2.158957710437e+00
-4.492535759175e-01 1.058073979591e+00 2.159078689346e+00
-4.492940762324e-01 1.057906951388e+00 2.159199596966e+00
-4.493342696273e-01 1.057739639149e+00 2.159320432337e+00
-4.493741549967e-01 1.057572043866e+00 2.159441194493e+00
-4.494137312394e-01 1.057404166561e+00 2.159561882454e+00
-4.494529972299e-01 1.057236008266e+00 2.159682495260e+00
-4.494919518825e-01 1.057067569971e+00 2.159803031959e+00
-4.495305941129e-01 1.056898852704e+00 2.159923491559e+00
-4.495689228271e-01 1.056729857483e+00 2.160043873116e+00
-4.496069369421e-01 1.056560585368e+00 2.160164175635e+00
-4.496446353766e-01 1.056391037402e+00 2.160284398152e+00
-4.496820170816e-01 1.056221214637e+00 2.160404539680e+00
-4.497190809899e-01 1.056051118113e+00 2.160524599236e+00
-4.497558260628e-01 1.055880748852e+00 2.160644575846e+00
-4.497922512785e-01 1.055710107925e+00 2.160764468506e+00
-4.498283555683e-01 1.055539196401e+00 2.160884276241e+00
-4.498641379154e-01 1.055368015340e+00 2.161003998076e+00
-4.498995972680e-01 1.055196565833e+00 2.161123633027e+00
-4.499347326260e-01 1.055024848933e+00 2.161243180112e+00
-4.499695429859e-01 1.054852865727e+00 2.161362638338e+00
-4.500040273161e-01 1.054680617288e+00 2.161482006722e+00
-4.500381846361e-01 1.054508104672e+00 2.161601284298e+00
-4.500720139429e-01 1.054335329007e+00 2.161720470054e+00
-4.501055142604e-01 1.054162291381e+00 2.161839562989e+00
-4.501386846149e-01 1.053988992896e+00 2.161958562120e+00
-4.501715240056e-01 1.053815434667e+00 2.162077466461e+00
-4.502040314798e-01 1.053641617780e+00 2.162196275039e+00
-4.502362060703e-01 1.053467543346e+00 2.162314986853e+00
-4.502680468253e-01 1.053293212482e+00 2.162433600925e+00
-4.502995527944e-01 1.053118626301e+00 2.162552116256e+00
-4.503307230587e-01 1.052943785907e+00 2.162670531854e+00
-4.503615566833e-01 1.052768692432e+00 2.162788846718e+00
-4.503920527202e-01 1.052593346969e+00 2.162907059888e+00
-4.504222102595e-01 1.052417750683e+00 2.163025170349e+00
-4.504520283726e-01 1.052241904721e+00 2.163143177112e+00
-4.504815061785e-01 1.052065810220e+00 2.163261079167e+00
-4.505106427718e-01 1.051889468325e+00 2.163378875501e+00
-4.505394372871e-01 1.051712880160e+00 2.163496565117e+00
-4.505678888263e-01 1.051536046887e+00 2.163614147014e+00
-4.505959965235e-01 1.051358969661e+00 2.163731620186e+00
-4.506237595072e-01 1.051181649656e+00 2.163848983629e+00
-4.506511769018e-01 1.051004088015e+00 2.163966236360e+00
-4.506782478590e-01 1.050826285888e+00 2.164083377388e+00
-4.507049715468e-01 1.050648244463e+00 2.164200405682e+00
-4.507313471294e-01 1.050469964875e+00 2.164317320257e+00
-4.507573737529e-01 1.050291448317e+00 2.164434120119e+00
-4.507830505778e-01 1.050112695970e+00 2.164550804288e+00
-4.508083767849e-01 1.049933708995e+00 2.164667371763e+00
-4.508333515954e-01 1.049754488568e+00 2.164783821518e+00
-4.508579741825e-01 1.049575035891e+00 2.164900152553e+00
-4.508822437514e-01 1.049395352148e+00 2.165016363874e+00
-4.509061595289e-01 1.049215438529e+00 2.165132454461e+00
-4.509297207211e-01 1.049035296227e+00 2.165248423317e+00
-4.509529265598e-01 1.048854926453e+00 2.165364269440e+00
-4.509757762457e-01 1.048674330422e+00 2.165479991828e+00
-4.509982690563e-01 1.048493509291e+00 2.165595589489e+00
-4.510204042342e-01 1.048312464308e+00 2.165711061384e+00
-4.510421810143e-01 1.048131196674e+00 2.165826406524e+00
-4.510635986753e-01 1.047949707584e+00 2.165941623910e+00
-4.510846564947e-01 1.047767998300e+00 2.166056712499e+00
-4.511053537582e-01 1.047586070024e+00 2.166171671300e+00
-4.511256897487e-01 1.047403923971e+00 2.166286499291e+00
-4.511456637771e-01 1.047221561351e+00 2.166401195476e+00
-4.511652751151e-01 1.047038983395e+00 2.166515758847e+00
-4.511845231069e-01 1.046856191319e+00 2.166630188400e+00
-4.512034070585e-01 1.046673186377e+00 2.166744483109e+00
-4.512219262930e-01 1.046489969797e+00 2.166858641975e+00
-4.512400801398e-01 1.046306542817e+00 2.166972664007e+00
-4.512578679181e-01 1.046122906685e+00 2.167086548198e+00
-4.512752889935e-01 1.045939062619e+00 2.167200293541e+00
-4.512923427366e-01 1.045755011870e+00 2.167313899006e+00
-4.513090285145e-01 1.045570755700e+00 2.167427363579e+00
-4.513253456991e-01 1.045386295357e+00 2.167540686252e+00
-4.513412936565e-01 1.045201632100e+00 2.167653866032e+00
-4.513568717818e-01 1.045016767164e+00 2.167766901914e+00
-4.513720794599e-01 1.044831701794e+00 2.167879792892e+00
-4.513869161109e-01 1.044646437258e+00 2.167992537951e+00
-4.514013811393e-01 1.044460974831e+00 2.168105136076e+00
-4.514154739890e-01 1.044275315775e+00 2.168217586244e+00
-4.514291940776e-01 1.044089461356e+00 2.168329887449e+00
-4.514425408291e-01 1.043903412820e+00 2.168442038708e+00
-4.514555136817e-01 1.043717171456e+00 2.168554039006e+00
-4.514681120980e-01 1.043530738546e+00 2.168665887335e+00
-4.514803355405e-01 1.043344115367e+00 2.168777582672e+00
-4.514921834847e-01 1.043157303188e+00 2.168889124019e+00
-4.515036553951e-01 1.042970303254e+00 2.169000510380e+00
-4.515147507677e-01 1.042783116856e+00 2.169111740740e+00
-4.515254690911e-01 1.042595745280e+00 2.169222814102e+00
-4.515358098652e-01 1.042408189827e+00 2.169333729440e+00
-4.515457725915e-01 1.042220451757e+00 2.169444485774e+00
-4.515553568041e-01 1.042032532385e+00 2.169555082061e+00
-4.515645620389e-01 1.041844432993e+00 2.169665517304e+00
-4.515733878130e-01 1.041656154880e+00 2.169775790494e+00
-4.515818336792e-01 1.041467699316e+00 2.169885900651e+00
-4.515898991636e-01 1.041279067613e+00 2.169995846766e+00
-4.515975838568e-01 1.041090261031e+00 2.170105627850e+00
-4.516048872856e-01 1.040901280895e+00 2.170215242888e+00
-4.516118090435e-01 1.040712128468e+00 2.170324690903e+00
-4.516183487229e-01 1.040522805098e+00 2.170433970861e+00
-4.516245058982e-01 1.040333312066e+00 2.170543081776e+00
-4.516302801718e-01 1.040143650667e+00 2.170652022657e+00
-4.516356711653e-01 1.039953822221e+00 2.170760792485e+00
-4.516406785015e-01 1.039763828023e+00 2.170869390254e+00
-4.516453018156e-01 1.039573669382e+00 2.170977814960e+00
-4.516495407185e-01 1.039383347602e+00 2.171086065624e+00
-4.516533948622e-01 1.039192863977e+00 2.171194141245e+00
-4.516568639072e-01 1.039002219831e+00 2.171302040816e+00
-4.516599474937e-01 1.038811416484e+00 2.171409763353e+00
-4.516626452898e-01 1.038620455256e+00 2.171517307862e+00
-4.516649569786e-01 1.038429337462e+00 2.171624673337e+00
-4.516668822530e-01 1.038238064395e+00 2.171731858794e+00
-4.516684207897e-01 1.038046637383e+00 2.171838863232e+00
-4.516695723080e-01 1.037855057708e+00 2.171945685673e+00
-4.516703365158e-01 1.037663326731e+00 2.172052325108e+00
-4.516707131252e-01 1.037471445762e+00 2.172158780554e+00
-4.516707018609e-01 1.037279416094e+00 2.172265051033e+00
-4.516703024822e-01 1.037087239042e+00 2.172371135536e+00
-4.516695147296e-01 1.036894915947e+00 2.172477033081e+00
-4.516683383359e-01 1.036702448119e+00 2.172582742687e+00
-4.516667730872e-01 1.036509836846e+00 2.172688263373e+00
-4.516648187348e-01 1.036317083486e+00 2.172793594153e+00
-4.516624750411e-01 1.036124189362e+00 2.172898734062e+00
-4.516597418151e-01 1.035931155797e+00 2.173003682096e+00
-4.516566188370e-01 1.035737984105e+00 2.173108437291e+00
-4.516531059303e-01 1.035544675595e+00 2.173212998645e+00
-4.516492029238e-01 1.035351231594e+00 2.173317365174e+00
-4.516449096358e-01 1.035157653437e+00 2.173421535898e+00
-4.516402258697e-01 1.034963942472e+00 2.173525509858e+00
-4.516351514474e-01 1.034770100006e+00 2.173629286093e+00
-4.516296862367e-01 1.034576127372e+00 2.173732863620e+00
-4.516238300903e-01 1.034382025896e+00 2.173836241460e+00
-4.516175828909e-01 1.034187796900e+00 2.173939418629e+00
-4.516109444997e-01 1.033993441703e+00 2.174042394163e+00
-4.516039148052e-01 1.033798961636e+00 2.174145167096e+00
-4.515964936868e-01 1.033604358045e+00 2.174247736453e+00
-4.515886810515e-01 1.033409632235e+00 2.174350101285e+00
-4.515804768081e-01 1.033214785545e+00 2.174452260603e+00
-4.515718808474e-01 1.033019819299e+00 2.174554213472e+00
-4.515628931338e-01 1.032824734817e+00 2.174655958913e+00
-4.515535135859e-01 1.032629533450e+00 2.174757495948e+00
-4.515437421321e-01 1.032434216476e+00 2.174858823651e+00
-4.515335787558e-01 1.032238785244e+00 2.174959941036e+00
-4.515230233997e-01 1.032043241109e+00 2.175060847160e+00
-4.515120760200e-01 1.031847585377e+00 2.175161541073e+00
-4.515007366068e-01 1.031651819340e+00 2.175262021828e+00
-4.514890051346e-01 1.031455944343e+00 2.175362288466e+00
-4.514768816154e-01 1.031259961687e+00 2.175462340047e+00
-4.514643660374e-01 1.031063872720e+00 2.175562175606e+00
-4.514514584268e-01 1.030867678755e+00 2.175661794213e+00
-4.514381587826e-01 1.030671381127e+00 2.175761194914e+00
-4.514244671494e-01 1.030474981142e+00 2.175860376782e+00
-4.514103835410e-01 1.030278480153e+00 2.175959338866e+00
-4.513959080184e-01 1.030081879457e+00 2.176058080238e+00
-4.513810406402e-01 1.029885180362e+00 2.176156599950e+00
-4.513657814703e-01 1.029688384194e+00 2.176254897063e+00
-4.513501305787e-01 1.029491492268e+00 2.176352970646e+00
-4.513340880687e-01 1.029294505919e+00 2.176450819750e+00
-4.513176540194e-01 1.029097426446e+00 2.176548443453e+00
-4.513008285262e-01 1.028900255165e+00 2.176645840831e+00
-4.512836116873e-01 1.028702993411e+00 2.176743010973e+00
-4.512660036064e-01 1.028505642492e+00 2.176839952948e+00
-4.512480044303e-01 1.028308203691e+00 2.176936665832e+00
-4.512296142891e-01 1.028110678316e+00 2.177033148706e+00
-4.512108333291e-01 1.027913067693e+00 2.177129400642e+00
-4.511916617024e-01 1.027715373125e+00 2.177225420731e+00
-4.511720995563e-01 1.027517595924e+00 2.177321208060e+00
-4.511521470668e-01 1.027319737387e+00 2.177416761719e+00
-4.511318043953e-01 1.027121798831e+00 2.177512080803e+00
-4.511110717197e-01 1.026923781563e+00 2.177607164409e+00
-4.510899492416e-01 1.026725686891e+00 2.177702011630e+00
-4.510684371622e-01 1.026527516105e+00 2.177796621551e+00
-4.510465357180e-01 1.026329270507e+00 2.177890993272e+00
-4.510242451064e-01 1.026130951421e+00 2.177985125889e+00
-4.510015655504e-01 1.025932560113e+00 2.178079018518e+00
-4.509784972928e-01 1.025734097887e+00 2.178172670264e+00
-4.509550405811e-01 1.025535566044e+00 2.178266080228e+00
-4.509311956646e-01 1.025336965856e+00 2.178359247532e+00
-4.509069628023e-01 1.025138298638e+00 2.178452171286e+00
-4.508823422595e-01 1.024939565664e+00 2.178544850615e+00
-4.508573343112e-01 1.024740768227e+00 2.178637284630e+00
-4.508319392467e-01 1.024541907599e+00 2.178729472457e+00
-4.508061573824e-01 1.024342985069e+00 2.178821413214e+00
-4.507799889960e-01 1.024144001940e+00 2.178913106015e+00
-4.507534344092e-01 1.023944959467e+00 2.179004550007e+00
-4.507264939595e-01 1.023745858944e+00 2.179095744297e+00
-4.506991679713e-01 1.023546701653e+00 2.179186688022e+00
-4.506714567893e-01 1.023347488851e+00 2.179277380329e+00
-4.506433607415e-01 1.023148221812e+00 2.179367820355e+00
-4.506148801867e-01 1.022948901799e+00 2.179458007252e+00
-4.505860154595e-01 1.022749530072e+00 2.179547940164e+00
-4.505567669829e-01 1.022550107882e+00 2.179637618228e+00
-4.505271351213e-01 1.022350636529e+00 2.179727040586e+00
-4.504971202466e-01 1.022151117261e+00 2.179816206400e+00
-4.504667227534e-01 1.021951551354e+00 2.179905114820e+00
-4.504359430807e-01 1.021751940049e+00 2.179993765006e+00
-4.504047816338e-01 1.021552284623e+00 2.180082156096e+00
-4.503732388182e-01 1.021352586279e+00 2.180170287283e+00
-4.503413150825e-01 1.021152846278e+00 2.180258157720e+00
-4.503090108453e-01 1.020953065878e+00 2.180345766578e+00
-4.502763265489e-01 1.020753246293e+00 2.180433113052e+00
-4.502432626724e-01 1.020553388793e+00 2.180520196285e+00
-4.502098196496e-01 1.020353494604e+00 2.180607015473e+00
-4.501759979744e-01 1.020153564984e+00 2.180693569791e+00
-4.501417981098e-01 1.019953601167e+00 2.180779858425e+00
-4.501072205558e-01 1.019753604345e+00 2.180865880564e+00
-4.500722658090e-01 1.019553575779e+00 2.180951635394e+00
-4.500369343535e-01 1.019353516680e+00 2.181037122124e+00
-4.500012266765e-01 1.019153428264e+00 2.181122339956e+00
-4.499651433459e-01 1.018953311749e+00 2.181207288082e+00
-4.499286848725e-01 1.018753168391e+00 2.181291965693e+00
-4.498918517844e-01 1.018552999377e+00 2.181376372004e+00
-4.498546446364e-01 1.018352805896e+00 2.181460506227e+00
-4.498170639863e-01 1.018152589165e+00 2.181544367567e+00
-4.497791103728e-01 1.017952350400e+00 2.181627955243e+00
-4.497407843861e-01 1.017752090772e+00 2.181711268482e+00
-4.497020865877e-01 1.017551811509e+00 2.181794306490e+00
-4.496630175656e-01 1.017351513787e+00 2.181877068509e+00
-4.496235779035e-01 1.017151198821e+00 2.181959553756e+00
-4.495837682176e-01 1.016950867793e+00 2.182041761464e+00
-4.495435891134e-01 1.016750521892e+00 2.182123690867e+00
-4.495030412046e-01 1.016550162292e+00 2.182205341206e+00
-4.494621251023e-01 1.016349790171e+00 2.182286711724e+00
-4.494208414580e-01 1.016149406699e+00 2.182367801666e+00
-4.493791909067e-01 1.015949013072e+00 2.182448610268e+00
-4.493371740954e-01 1.015748610427e+00 2.182529136796e+00
-4.492947916729e-01 1.015548199957e+00 2.182609380500e+00
-4.492520443047e-01 1.015347782806e+00 2.182689340650e+00
-4.492089326751e-01 1.015147360131e+00 2.182769016501e+00
-4.491654574320e-01 1.014946933095e+00 2.182848407327e+00
-4.491216192555e-01 1.014746502821e+00 2.182927512415e+00
-4.490774188719e-01 1.014546070466e+00 2.183006331015e+00
-4.490328569505e-01 1.014345637171e+00 2.183084862428e+00
-4.489879342049e-01 1.014145204061e+00 2.183163105925e+00
-4.489426513451e-01 1.013944772281e+00 2.183241060799e+00
-4.488970090912e-01 1.013744342977e+00 2.183318726335e+00
-4.488510082034e-01 1.013543917270e+00 2.183396101822e+00
-4.488046493945e-01 1.013343496302e+00 2.183473186552e+00
-4.487579334151e-01 1.013143081160e+00 2.183549979835e+00
-4.487108610273e-01 1.012942672979e+00 2.183626480959e+00
-4.486634329955e-01 1.012742272859e+00 2.183702689242e+00
-4.486156500885e-01 1.012541881919e+00 2.183778603986e+00
-4.485675130740e-01 1.012341501250e+00 2.183854224520e+00
-4.485190227344e-01 1.012141131956e+00 2.183929550157e+00
-4.484701798408e-01 1.011940775129e+00 2.184004580223e+00
-4.484209852154e-01 1.011740431837e+00 2.184079314056e+00
-4.483714396563e-01 1.011540103225e+00 2.184153750960e+00
-4.483215439523e-01 1.011339790335e+00 2.184227890304e+00
-4.482712989572e-01 1.011139494266e+00 2.184301731403e+00
-4.482207054739e-01 1.010939216090e+00 2.184375273609e+00
-4.481697643308e-01 1.010738956884e+00 2.184448516265e+00
-4.481184763762e-01 1.010538717700e+00 2.184521458739e+00
-4.480668424675e-01 1.010338499608e+00 2.184594100362e+00
-4.480148634316e-01 1.010138303661e+00 2.184666440505e+00
-4.479625401632e-01 1.009938130900e+00 2.184738478529e+00
-4.479098735346e-01 1.009737982398e+00 2.184810213790e+00
-4.478568643830e-01 1.009537859179e+00 2.184881645681e+00
-4.478035136026e-01 1.009337762270e+00 2.184952773577e+00
-4.477498220672e-01 1.009137692737e+00 2.185023596854e+00
-4.476957906800e-01 1.008937651592e+00 2.185094114911e+00
-4.476414203707e-01 1.008737639867e+00 2.185164327112e+00
-4.475867120265e-01 1.008537658577e+00 2.185234232861e+00
-4.475316665479e-01 1.008337708722e+00 2.185303831567e+00
-4.474762848500e-01 1.008137791324e+00 2.185373122629e+00
-4.474205678709e-01 1.007937907373e+00 2.185442105456e+00
-4.473645165638e-01 1.007738057900e+00 2.185510779441e+00
-4.473081318533e-01 1.007538243905e+00 2.185579144000e+00
-4.472514147129e-01 1.007338466354e+00 2.185647198561e+00
-4.471943660751e-01 1.007138726268e+00 2.185714942532e+00
-4.471369868936e-01 1.006939024613e+00 2.185782375361e+00
-4.470792781544e-01 1.006739362376e+00 2.185849496475e+00
-4.470212408340e-01 1.006539740526e+00 2.185916305295e+00
-4.469628758990e-01 1.006340160011e+00 2.185982801279e+00
-4.469041843444e-01 1.006140621808e+00 2.186048983867e+00
-4.468451671596e-01 1.005941126856e+00 2.186114852514e+00
-4.467858253270e-01 1.005741676117e+00 2.186180406674e+00
-4.467261598555e-01 1.005542270545e+00 2.186245645815e+00
-4.466661717556e-01 1.005342911088e+00 2.186310569390e+00
-4.466058620639e-01 1.005143598685e+00 2.186375176864e+00
-4.465452317858e-01 1.004944334277e+00 2.186439467712e+00
-4.464842819757e-01 1.004745118770e+00 2.186503441401e+00
-4.464230136666e-01 1.004545953103e+00 2.186567097416e+00
-4.463614279103e-01 1.004346838186e+00 2.186630435237e+00
-4.462995257439e-01 1.004147774921e+00 2.186693454365e+00
-4.462373082095e-01 1.003948764221e+00 2.186756154295e+00
-4.461747763702e-01 1.003749806991e+00 2.186818534535e+00
-4.461119312739e-01 1.003550904110e+00 2.186880594592e+00
-4.460487740277e-01 1.003352056460e+00 2.186942333960e+00
-4.459853056916e-01 1.003153264945e+00 2.187003752156e+00
-4.459215273557e-01 1.002954530429e+00 2.187064848699e+00
-4.458574401280e-01 1.002755853790e+00 2.187125623110e+00
-4.457930450706e-01 1.002557235885e+00 2.187186074922e+00
-4.457283432893e-01 1.002358677577e+00 2.187246203677e+00
-4.456633358934e-01 1.002160179744e+00 2.187306008903e+00
-4.455980239724e-01 1.001961743205e+00 2.187365490155e+00
-4.455324086732e-01 1.001763368842e+00 2.187424646964e+00
-4.454664911042e-01 1.001565057489e+00 2.187483478895e+00
-4.454002724097e-01 1.001366809984e+00 2.187541985488e+00
-4.453337537070e-01 1.001168627145e+00 2.187600166319e+00
-4.452669361484e-01 1.000970509797e+00 2.187658020946e+00
-4.451998208607e-01 1.000772458768e+00 2.187715548949e+00
-4.451324089955e-01 1.000574474855e+00 2.187772749911e+00
-4.450647016999e-01 1.000376558882e+00 2.187829623406e+00
-4.449967001236e-01 1.000178711637e+00 2.187886169030e+00
-4.449284054419e-01 9.999809339253e-01 2.187942386368e+00
-4.448598188247e-01 9.997832265413e-01 2.187998275011e+00
-4.447909414733e-01 9.995855902634e-01 2.188053834557e+00
-4.447217745702e-01 9.993880258819e-01 2.188109064606e+00
-4.446523192597e-01 9.991905341337e-01 2.188163964787e+00
-4.445825767431e-01 9.989931157962e-01 2.188218534711e+00
-4.445125482131e-01 9.987957716396e-01 2.188272774012e+00
-4.444422348542e-01 9.985985024324e-01 2.188326682303e+00
-4.443716378769e-01 9.984013088936e-01 2.188380259227e+00
-4.443007585137e-01 9.982041917791e-01 2.188433504404e+00
-4.442295979556e-01 9.980071518325e-01 2.188486417479e+00
-4.441581574321e-01 9.978101897657e-01 2.188538998102e+00
-4.440864381679e-01 9.976133063135e-01 2.188591245922e+00
-4.440144413685e-01 9.974165022015e-01 2.188643160605e+00
-4.439421682660e-01 9.972197781387e-01 2.188694741808e+00
-4.438696200992e-01 9.970231348270e-01 2.188745989197e+00
-4.437967981365e-01 9.968265729910e-01 2.188796902435e+00
-4.437237036134e-01 9.966300933027e-01 2.188847481204e+00
-4.436503377790e-01 9.964336964539e-01 2.188897725179e+00
-4.435767018684e-01 9.962373831306e-01 2.188947634056e+00
-4.435027971636e-01 9.960411539876e-01 2.188997207530e+00
-4.434286249069e-01 9.958450097369e-01 2.189046445280e+00
-4.433541863699e-01 9.956489510085e-01 2.189095347030e+00
-4.432794828553e-01 9.954529784935e-01 2.189143912467e+00
-4.432045155923e-01 9.952570928215e-01 2.189192141317e+00
-4.431292858894e-01 9.950612946316e-01 2.189240033294e+00
-4.430537950090e-01 9.948655845824e-01 2.189287588125e+00
-4.429780442530e-01 9.946699633094e-01 2.189334805530e+00
-4.429020349041e-01 9.944744314371e-01 2.189381685251e+00
-4.428257682614e-01 9.942789895707e-01 2.189428227023e+00
-4.427492456233e-01 9.940836383342e-01 2.189474430594e+00
-4.426724682733e-01 9.938883783500e-01 2.189520295712e+00
-4.425954375104e-01 9.936932102075e-01 2.189565822139e+00
-4.425181546784e-01 9.934981345094e-01 2.189611009625e+00
-4.424406210891e-01 9.933031518447e-01 2.189655857936e+00
-4.423628380344e-01 9.931082627810e-01 2.189700366851e+00
-4.422848068137e-01 9.929134679106e-01 2.189744536148e+00
-4.422065287496e-01 9.927187677919e-01 2.189788365612e+00
-4.421280052104e-01 9.925241629950e-01 2.189831855015e+00
-4.420492375111e-01 9.923296540935e-01 2.189875004147e+00
-4.419702269898e-01 9.921352416291e-01 2.189917812808e+00
-4.418909749908e-01 9.919409261462e-01 2.189960280795e+00
-4.418114828479e-01 9.917467081875e-01 2.190002407921e+00
-4.417317519022e-01 9.915525882656e-01 2.190044193996e+00
-4.416517835019e-01 9.913585669303e-01 2.190085638840e+00
-4.415715789824e-01 9.911646446998e-01 2.190126742280e+00
-4.414911397051e-01 9.909708220905e-01 2.190167504144e+00
-4.414104670182e-01 9.907770996199e-01 2.190207924263e+00
-4.413295623096e-01 9.905834777554e-01 2.190248002474e+00
-4.412484269385e-01 9.903899570216e-01 2.190287738616e+00
-4.411670622370e-01 9.901965378876e-01 2.190327132551e+00
-4.410854696026e-01 9.900032208377e-01 2.190366184129e+00
-4.410036503706e-01 9.898100063584e-01 2.190404893214e+00
-4.409216059346e-01 9.896168948886e-01 2.190443259674e+00
-4.408393376850e-01 9.894238869249e-01 2.190481283373e+00
-4.407568469781e-01 9.892309829246e-01 2.190518964197e+00
-4.406741351738e-01 9.890381833185e-01 2.190556302026e+00
-4.405912036810e-01 9.888454885355e-01 2.190593296744e+00
-4.405080539201e-01 9.886528990674e-01 2.190629948235e+00
-4.404246872308e-01 9.884604153319e-01 2.190666256409e+00
-4.403411050232e-01 9.882680377239e-01 2.190702221168e+00
-4.402573087068e-01 9.880757666838e-01 2.190737842412e+00
-4.401732996601e-01 9.878836026210e-01 2.190773120057e+00
-4.400890792853e-01 9.876915459232e-01 2.190808054032e+00
-4.400046489980e-01 9.874995969891e-01 2.190842644249e+00
-4.399200101919e-01 9.873077562249e-01 2.190876890644e+00
-4.398351642461e-01 9.871160240008e-01 2.190910793161e+00
-4.397501125756e-01 9.869244006871e-01 2.190944351737e+00
-4.396648565913e-01 9.867328866691e-01 2.190977566313e+00
-4.395793977239e-01 9.865414822931e-01 2.191010436849e+00
-4.394937373711e-01 9.863501879626e-01 2.191042963294e+00
-4.394078769459e-01 9.861590040060e-01 2.191075145615e+00
-4.393218178688e-01 9.859679307600e-01 2.191106983786e+00
-4.392355615517e-01 9.857769685761e-01 2.191138477773e+00
-4.391491094097e-01 9.855861177860e-01 2.191169627562e+00
-4.390624628675e-01 9.853953787208e-01 2.191200433141e+00
-4.389756233510e-01 9.852047517031e-01 2.191230894491e+00
-4.388885922734e-01 9.850142370246e-01 2.191261011617e+00
-4.388013710739e-01 9.848238349946e-01 2.191290784510e+00
-4.387139611642e-01 9.846335459231e-01 2.191320213178e+00
-4.386263639789e-01 9.844433700964e-01 2.191349297638e+00
-4.385385809738e-01 9.842533078131e-01 2.191378037897e+00
-4.384506135556e-01 9.840633593573e-01 2.191406433986e+00
-4.383624631667e-01 9.838735249928e-01 2.191434485928e+00
-4.382741312391e-01 9.836838049764e-01 2.191462193754e+00
-4.381856192139e-01 9.834941995780e-01 2.191489557497e+00
-4.380969285302e-01 9.833047090733e-01 2.191516577206e+00
-4.380080606362e-01 9.831153336967e-01 2.191543252931e+00
-4.379190169800e-01 9.829260736954e-01 2.191569584719e+00
-4.378297989905e-01 9.827369292983e-01 2.191595572634e+00
-4.377404080981e-01 9.825479007348e-01 2.191621216740e+00
-4.376508457410e-01 9.823589882073e-01 2.191646517115e+00
-4.375611133912e-01 9.821701919386e-01 2.191671473821e+00
-4.374712124708e-01 9.819815121369e-01 2.191696086951e+00
-4.373811444285e-01 9.817929490200e-01 2.191720356582e+00
-4.372909107195e-01 9.816045027729e-01 2.191744282816e+00
-4.372005127663e-01 9.814161735941e-01 2.191767865742e+00
-4.371099520388e-01 9.812279616438e-01 2.191791105469e+00
-4.370192299841e-01 9.810398671574e-01 2.191814002098e+00
-4.369283480365e-01 9.808518902690e-01 2.191836555752e+00
-4.368373076632e-01 9.806640311569e-01 2.191858766539e+00
-4.367461103179e-01 9.804762899826e-01 2.191880634589e+00
-4.366547574530e-01 9.802886668936e-01 2.191902160033e+00
-4.365632504984e-01 9.801011620252e-01 2.191923343005e+00
-4.364715909010e-01 9.799137755050e-01 2.191944183645e+00
-4.363797801027e-01 9.797265074678e-01 2.191964682105e+00
-4.362878195545e-01 9.795393580386e-01 2.191984838528e+00
-4.361957107405e-01 9.793523273435e-01 2.192004653065e+00
-4.361034551023e-01 9.791654154970e-01 2.192024125888e+00
-4.360110540845e-01 9.789786225985e-01 2.192043257155e+00
-4.359185091272e-01 9.787919487679e-01 2.192062047040e+00
-4.358258216954e-01 9.786053940837e-01 2.192080495722e+00
-4.357329932524e-01 9.784189586354e-01 2.192098603378e+00
-4.356400252532e-01 9.782326425006e-01 2.192116370197e+00
-4.355469191473e-01 9.780464457685e-01 2.192133796370e+00
-4.354536763790e-01 9.778603684977e-01 2.192150882097e+00
-4.353602984003e-01 9.776744107358e-01 2.192167627585e+00
-4.352667866730e-01 9.774885725395e-01 2.192184033032e+00
-4.351731426169e-01 9.773028539588e-01 2.192200098662e+00
-4.350793677065e-01 9.771172550322e-01 2.192215824690e+00
-4.349854634029e-01 9.769317758045e-01 2.192231211337e+00
-4.348914311210e-01 9.767464163031e-01 2.192246258836e+00
-4.347972723423e-01 9.765611765467e-01 2.192260967424e+00
-4.347029885045e-01 9.763760565702e-01 2.192275337337e+00
-4.346085810453e-01 9.761910563844e-01 2.192289368818e+00
-4.345140514362e-01 9.760061759752e-01 2.192303062125e+00
-4.344194011231e-01 9.758214153835e-01 2.192316417503e+00
-4.343246315244e-01 9.756367745738e-01 2.192329435221e+00
-4.342297441098e-01 9.754522535169e-01 2.192342115541e+00
-4.341347403293e-01 9.752678522196e-01 2.192354458730e+00
-4.340396216078e-01 9.750835706580e-01 2.192366465072e+00
-4.339443894065e-01 9.748994088090e-01 2.192378134844e+00
-4.338490451584e-01 9.747153666204e-01 2.192389468329e+00
-4.337535903060e-01 9.745314440269e-01 2.192400465821e+00
-4.336580263179e-01 9.743476409982e-01 2.192411127610e+00
-4.335623546162e-01 9.741639574889e-01 2.192421454000e+00
-4.334665766252e-01 9.739803934133e-01 2.192431445302e+00
-4.333706937936e-01 9.737969487036e-01 2.192441101818e+00
-4.332747075556e-01 9.736136232857e-01 2.192450423874e+00
-4.331786193487e-01 9.734304171073e-01 2.192459411784e+00
-4.330824306111e-01 9.732473300565e-01 2.192468065886e+00
-4.329861427850e-01 9.730643620725e-01 2.192476386497e+00
-4.328897572863e-01 9.728815130350e-01 2.192484373966e+00
-4.327932755578e-01 9.726987828590e-01 2.192492028624e+00
-4.326966990281e-01 9.725161714329e-01 2.192499350820e+00
-4.326000291564e-01 9.723336786019e-01 2.192506340911e+00
-4.325032673403e-01 9.721513042770e-01 2.192512999242e+00
-4.324064149919e-01 9.719690483050e-01 2.192519326186e+00
-4.323094735289e-01 9.717869105610e-01 2.192525322106e+00
-4.322124443780e-01 9.716048909094e-01 2.192530987373e+00
-4.321153289838e-01 9.714229891922e-01 2.192536322368e+00
-4.320181287435e-01 9.712412052775e-01 2.192541327459e+00
-4.319208450704e-01 9.710595389875e-01 2.192546003044e+00
-4.318234793969e-01 9.708779901776e-01 2.192550349507e+00
-4.317260331486e-01 9.706965586647e-01 2.192554367243e+00
-4.316285077359e-01 9.705152442740e-01 2.192558056659e+00
-4.315309045410e-01 9.703340468401e-01 2.192561418156e+00
-4.314332249620e-01 9.701529661498e-01 2.192564452151e+00
-4.313354704252e-01 9.699720020405e-01 2.192567159050e+00
-4.312376423392e-01 9.697911542914e-01 2.192569539279e+00
-4.311397421287e-01 9.696104227063e-01 2.192571593255e+00
-4.310417711755e-01 9.694298070856e-01 2.192573321410e+00
-4.309437308627e-01 9.692493072124e-01 2.192574724182e+00
-4.308456226038e-01 9.690689228432e-01 2.192575802013e+00
-4.307474477969e-01 9.688886537804e-01 2.192576555340e+00
-4.306492078106e-01 9.687084997936e-01 2.192576984621e+00
-4.305509040465e-01 9.685284606256e-01 2.192577090300e+00
-4.304525379019e-01 9.683485360288e-01 2.192576872840e+00
-4.303541107483e-01 9.681687257474e-01 2.192576332702e+00
-4.302556239464e-01 9.679890295296e-01 2.192575470355e+00
-4.301570788791e-01 9.678094471331e-01 2.192574286267e+00
-4.300584769429e-01 9.676299782938e-01 2.192572780922e+00
-4.299598195395e-01 9.674506227464e-01 2.192570954791e+00
-4.298611080260e-01 9.672713802048e-01 2.192568808370e+00
-4.297623437600e-01 9.670922504012e-01 2.192566342141e+00
-4.296635281230e-01 9.669132330142e-01 2.192563556609e+00
-4.295646624704e-01 9.667343277846e-01 2.192560452267e+00
-4.294657481715e-01 9.665555344041e-01 2.192557029623e+00
-4.293667865787e-01 9.663768525631e-01 2.192553289183e+00
-4.292677790341e-01 9.661982819418e-01 2.192549231460e+00
-4.291687269206e-01 9.660198222256e-01 2.192544856970e+00
-4.290696315806e-01 9.658414731096e-01 2.192540166243e+00
-4.289704943523e-01 9.656632342775e-01 2.192535159799e+00
-4.288713165931e-01 9.654851053854e-01 2.192529838176e+00
-4.287720996452e-01 9.653070861171e-01 2.192524201906e+00
-4.286728448415e-01 9.651291761132e-01 2.192518251535e+00
-4.285735535335e-01 9.649513750387e-01 2.192511987598e+00
-4.284742270354e-01 9.647736825394e-01 2.192505410652e+00
-4.283748667019e-01 9.645960982459e-01 2.192498521246e+00
-4.282754738511e-01 9.644186218264e-01 2.192491319938e+00
-4.281760498172e-01 9.642412529047e-01 2.192483807291e+00
-4.280765959329e-01 9.640639910965e-01 2.192475983877e+00
-4.279771135072e-01 9.638868360538e-01 2.192467850257e+00
-4.278776038448e-01 9.637097873846e-01 2.192459407015e+00
-4.277780682862e-01 9.635328446913e-01 2.192450654729e+00
-4.276785081475e-01 9.633560075865e-01 2.192441593981e+00
-4.275789247075e-01 9.631792756845e-01 2.192432225362e+00
-4.274793192521e-01 9.630026485676e-01 2.192422549468e+00
-4.273796931133e-01 9.628261258377e-01 2.192412566889e+00
-4.272800475679e-01 9.626497070936e-01 2.192402278232e+00
-4.271803839201e-01 9.624733919122e-01 2.192391684103e+00
-4.270807034736e-01 9.622971798814e-01 2.192380785107e+00
-4.269810074926e-01 9.621210705559e-01 2.192369581863e+00
-4.268812972670e-01 9.619450635107e-01 2.192358074982e+00
-4.267815740696e-01 9.617691583122e-01 2.192346265089e+00
-4.266818391840e-01 9.615933545142e-01 2.192334152809e+00
-4.265820939039e-01 9.614176516723e-01 2.192321738774e+00
-4.264823394942e-01 9.612420493469e-01 2.192309023613e+00
-4.263825771939e-01 9.610665470688e-01 2.192296007974e+00
-4.262828082760e-01 9.608911443858e-01 2.192282692493e+00
-4.261830339943e-01 9.607158408428e-01 2.192269077815e+00
-4.260832556210e-01 9.605406359671e-01 2.192255164605e+00
-4.259834743910e-01 9.603655292997e-01 2.192240953505e+00
-4.258836915373e-01 9.601905203506e-01 2.192226445178e+00
-4.257839083240e-01 9.600156086586e-01 2.192211640288e+00
-4.256841260107e-01 9.598407937364e-01 2.192196539502e+00
-4.255843458086e-01 9.596660750826e-01 2.192181143487e+00
-4.254845689683e-01 9.594914521882e-01 2.192165452918e+00
-4.253847967253e-01 9.593169245606e-01 2.192149468481e+00
-4.252850302781e-01 9.591424917002e-01 2.192133190851e+00
-4.251852708359e-01 9.589681530961e-01 2.192116620720e+00
-4.250855196204e-01 9.587939082347e-01 2.192099758775e+00
-4.249857778433e-01 9.586197566131e-01 2.192082605707e+00
-4.248860467191e-01 9.584456976779e-01 2.192065162218e+00
-4.247863274784e-01 9.582717309081e-01 2.192047429007e+00
-4.246866212919e-01 9.580978557869e-01 2.192029406779e+00
-4.245869293621e-01 9.579240717704e-01 2.192011096245e+00
-4.244872528904e-01 9.577503783326e-01 2.191992498117e+00
-4.243875930632e-01 9.575767749239e-01 2.191973613112e+00
-4.242879510633e-01 9.574032609887e-01 2.191954441953e+00
-4.241883280768e-01 9.572298359874e-01 2.191934985362e+00
-4.240887252685e-01 9.570564993762e-01 2.191915244070e+00
-4.239891438100e-01 9.568832505898e-01 2.191895218809e+00
-4.238895848909e-01 9.567100890546e-01 2.191874910314e+00
-4.237900496534e-01 9.565370142117e-01 2.191854319318e+00
-4.236905392446e-01 9.563640254774e-01 2.191833446570e+00
-4.235910548511e-01 9.561911222891e-01 2.191812292818e+00
-4.234915976108e-01 9.560183040791e-01 2.191790858808e+00
-4.233921686652e-01 9.558455702367e-01 2.191769145301e+00
-4.232927691588e-01 9.556729201838e-01 2.191747153048e+00
-4.231934002039e-01 9.555003533437e-01 2.191724882807e+00
-4.230940629432e-01 9.553278690943e-01 2.191702335349e+00
-4.229947585134e-01 9.551554668726e-01 2.191679511435e+00
-4.228954880467e-01 9.549831460561e-01 2.191656411846e+00
-4.227962526609e-01 9.548109060472e-01 2.191633037344e+00
-4.226970534575e-01 9.546387462132e-01 2.191609388717e+00
-4.225978915723e-01 9.544666659474e-01 2.191585466742e+00
-4.224987680903e-01 9.542946646446e-01 2.191561272204e+00
-4.223996841030e-01 9.541227416639e-01 2.191536805896e+00
-4.223006407221e-01 9.539508964042e-01 2.191512068602e+00
-4.222016390246e-01 9.537791282352e-01 2.191487061127e+00
-4.221026801134e-01 9.536074365122e-01 2.191461784266e+00
-4.220037650505e-01 9.534358206044e-01 2.191436238815e+00
-4.219048949331e-01 9.532642798702e-01 2.191410425586e+00
-4.218060708486e-01 9.530928136746e-01 2.191384345386e+00
-4.217072938385e-01 9.529214213543e-01 2.191357999022e+00
-4.216085649795e-01 9.527501022584e-01 2.191331387317e+00
-4.215098853229e-01 9.525788557501e-01 2.191304511085e+00
-4.214112559122e-01 9.524076811566e-01 2.191277371146e+00
-4.213126778043e-01 9.522365778191e-01 2.191249968331e+00
-4.212141520475e-01 9.520655450882e-01 2.191222303461e+00
-4.211156796620e-01 9.518945822689e-01 2.191194377371e+00
-4.210172616958e-01 9.517236887060e-01 2.191166190890e+00
-4.209188991637e-01 9.515528637359e-01 2.191137744852e+00
-4.208205931080e-01 9.513821066624e-01 2.191109040108e+00
-4.207223445802e-01 9.512114168192e-01 2.191080077496e+00
-4.206241545729e-01 9.510407935308e-01 2.191050857862e+00
-4.205260241152e-01 9.508702360894e-01 2.191021382062e+00
-4.204279541990e-01 9.506997438230e-01 2.190991650940e+00
-4.203299458107e-01 9.505293160196e-01 2.190961665355e+00
-4.202319999777e-01 9.503589519877e-01 2.190931426170e+00
-4.201341176677e-01 9.501886510510e-01 2.190900934244e+00
-4.200362998712e-01 9.500184124901e-01 2.190870190442e+00
-4.199385475653e-01 9.498482355986e-01 2.190839195633e+00
-4.198408617358e-01 9.496781196701e-01 2.190807950687e+00
-4.197432433474e-01 9.495080640047e-01 2.190776456482e+00
-4.196456933604e-01 9.493380678736e-01 2.190744713887e+00
-4.195482127323e-01 9.491681305481e-01 2.190712723785e+00
-4.194508024092e-01 9.489982513154e-01 2.190680487055e+00
-4.193534633544e-01 9.488284294484e-01 2.190648004585e+00
-4.192561965205e-01 9.486586642350e-01 2.190615277261e+00
-4.191590028293e-01 9.484889549365e-01 2.190582305969e+00
-4.190618832346e-01 9.483193008051e-01 2.190549091609e+00
-4.189648386766e-01 9.481497011058e-01 2.190515635080e+00
-4.188678700563e-01 9.479801551187e-01 2.190481937274e+00
-4.187709782938e-01 9.478106621024e-01 2.190447999101e+00
-4.186741642927e-01 9.476412213293e-01 2.190413821455e+00
-4.185774289629e-01 9.474718320298e-01 2.190379405246e+00
-4.184807732562e-01 9.473024934490e-01 2.190344751394e+00
-4.183841980460e-01 9.471332048691e-01 2.190309860800e+00
-4.182877042270e-01 9.469639655002e-01 2.190274734389e+00
-4.181912926877e-01 9.467947746016e-01 2.190239373074e+00
-4.180949642919e-01 9.466256314146e-01 2.190203777776e+00
-4.179987199315e-01 9.464565351925e-01 2.190167949418e+00
-4.179025604607e-01 9.462874851588e-01 2.190131888932e+00
-4.178064867694e-01 9.461184805542e-01 2.190095597234e+00
-4.177104996967e-01 9.459495206042e-01 2.190059075264e+00
-4.176146001308e-01 9.457806045310e-01 2.190022323953e+00
-4.175187889268e-01 9.456117315581e-01 2.189985344240e+00
-4.174230669152e-01 9.454429009184e-01 2.189948137064e+00
-4.173274349132e-01 9.452741118201e-01 2.189910703358e+00
-4.172318937672e-01 9.451053634912e-01 2.189873044065e+00
-4.171364443157e-01 9.449366551389e-01 2.189835160142e+00
-4.170410873701e-01 9.447679859944e-01 2.189797052527e+00
-4.169458237529e-01 9.445993552500e-01 2.189758722172e+00
-4.168506542816e-01 9.444307621254e-01 2.189720170034e+00
-4.167555797550e-01 9.442622058282e-01 2.189681397064e+00
-4.166606009862e-01 9.440936855588e-01 2.189642404228e+00
-4.165657187814e-01 9.439252005453e-01 2.189603192484e+00
-4.164709339025e-01 9.437567499826e-01 2.189563762792e+00
-4.163762471523e-01 9.435883330568e-01 2.189524116117e+00
-4.162816593029e-01 9.434199489728e-01 2.189484253420e+00
-4.161871711587e-01 9.432515968990e-01 2.189444175682e+00
-4.160927834814e-01 9.430832760528e-01 2.189403883867e+00
-4.159984970160e-01 9.429149856079e-01 2.189363378950e+00
-4.159043125404e-01 9.427467247578e-01 2.189322661909e+00
-4.158102307838e-01 9.425784927039e-01 2.189281733721e+00
-4.157162525080e-01 9.424102886207e-01 2.189240595369e+00
-4.156223784526e-01 9.422421117064e-01 2.189199247833e+00
-4.155286093520e-01 9.420739611234e-01 2.189157692099e+00
-4.154349459583e-01 9.419058360546e-01 2.189115929156e+00
-4.153413889705e-01 9.417377356814e-01 2.189073959987e+00
-4.152479391310e-01 9.415696591684e-01 2.189031785588e+00
-4.151545971600e-01 9.414016057005e-01 2.188989406956e+00
-4.150613637608e-01 9.412335744283e-01 2.188946825090e+00
-4.149682396149e-01 9.410655645511e-01 2.188904040981e+00
-4.148752254101e-01 9.408975752210e-01 2.188861055628e+00
-4.147823218293e-01 9.407296056104e-01 2.188817870027e+00
-4.146895295628e-01 9.405616548774e-01 2.188774485186e+00
-4.145968493006e-01 9.403937222030e-01 2.188730902108e+00
-4.145042817219e-01 9.402258067282e-01 2.188687121806e+00
-4.144118275180e-01 9.400579076203e-01 2.188643145293e+00
-4.143194873310e-01 9.398900240333e-01 2.188598973576e+00
-4.142272618022e-01 9.397221551257e-01 2.188554607667e+00
-4.141351516041e-01 9.395543000703e-01 2.188510048583e+00
-4.140431573699e-01 9.393864580085e-01 2.188465297341e+00
-4.139512797409e-01 9.392186280869e-01 2.188420354954e+00
-4.138595193523e-01 9.390508094482e-01 2.188375222445e+00
-4.137678768610e-01 9.388830012510e-01 2.188329900843e+00
-4.136763528774e-01 9.387152026436e-01 2.188284391177e+00
-4.135849480170e-01 9.385474127756e-01 2.188238694464e+00
-4.134936628791e-01 9.383796307977e-01 2.188192811735e+00
-4.134024980917e-01 9.382118558430e-01 2.188146744023e+00
-4.133114542428e-01 9.380440870519e-01 2.188100492358e+00
-4.132205319281e-01 9.378763235599e-01 2.188054057769e+00
-4.131297317187e-01 9.377085645096e-01 2.188007441291e+00
-4.130390542182e-01 9.375408090213e-01 2.187960643970e+00
-4.129484999917e-01 9.373730562759e-01 2.187913666833e+00
-4.128580695928e-01 9.372053053925e-01 2.187866510924e+00
-4.127677636192e-01 9.370375554959e-01 2.187819177290e+00
-4.126775826134e-01 9.368698057079e-01 2.187771666972e+00
-4.125875271417e-01 9.367020551921e-01 2.187723981010e+00
-4.124975977317e-01 9.365343030742e-01 2.187676120455e+00
-4.124077949621e-01 9.363665484887e-01 2.187628086359e+00
-4.123181193755e-01 9.361987905595e-01 2.187579879779e+00
-4.122285714944e-01 9.360310284050e-01 2.187531501760e+00
-4.121391518397e-01 9.358632611447e-01 2.187482953354e+00
-4.120498609152e-01 9.356954879208e-01 2.187434235615e+00
-4.119606992508e-01 9.355277078579e-01 2.187385349598e+00
-4.118716673500e-01 9.353599200761e-01 2.187336296367e+00
-4.117827657298e-01 9.351921236941e-01 2.187287076982e+00
-4.116939948697e-01 9.350243178501e-01 2.187237692497e+00
-4.116053552534e-01 9.348565016642e-01 2.187188143972e+00
-4.115168473910e-01 9.346886742344e-01 2.187138432479e+00
-4.114284717705e-01 9.345208346768e-01 2.187088559088e+00
-4.113402288512e-01 9.343529821261e-01 2.187038524861e+00
-4.112521190748e-01 9.341851157060e-01 2.186988330856e+00
-4.111641429119e-01 9.340172345251e-01 2.186937978146e+00
-4.110763008264e-01 9.338493376892e-01 2.186887467808e+00
-4.109885932838e-01 9.336814243223e-01 2.186836800914e+00
-4.109010207071e-01 9.335134935539e-01 2.186785978531e+00
-4.108135835419e-01 9.333455444872e-01 2.186735001739e+00
-4.107262822393e-01 9.331775762336e-01 2.186683871615e+00
-4.106391172063e-01 9.330095879007e-01 2.186632589237e+00
-4.105520888737e-01 9.328415785933e-01 2.186581155685e+00
-4.104651976540e-01 9.326735474475e-01 2.186529572036e+00
-4.103784439347e-01 9.325054935670e-01 2.186477839369e+00
-4.102918281404e-01 9.323374160663e-01 2.186425958768e+00
-4.102053506636e-01 9.321693140507e-01 2.186373931319e+00
-4.101190119174e-01 9.320011866085e-01 2.186321758112e+00
-4.100328122623e-01 9.318330328794e-01 2.186269440223e+00
-4.099467520753e-01 9.316648519450e-01 2.186216978742e+00
-4.098608317471e-01 9.314966429203e-01 2.186164374763e+00
-4.097750516374e-01 9.313284049347e-01 2.186111629367e+00
-4.096894120973e-01 9.311601370726e-01 2.186058743646e+00
-4.096039135052e-01 9.309918384318e-01 2.186005718700e+00
-4.095185562149e-01 9.308235081445e-01 2.185952555616e+00
-4.094333405633e-01 9.306551453159e-01 2.185899255496e+00
-4.093482668995e-01 9.304867490464e-01 2.185845819431e+00
-4.092633355549e-01 9.303183184361e-01 2.185792248523e+00
-4.091785468594e-01 9.301498525870e-01 2.185738543867e+00
-4.090939011073e-01 9.299813506202e-01 2.185684706551e+00
-4.090093986308e-01 9.298128116156e-01 2.185630737680e+00
-4.089250397347e-01 9.296442346872e-01 2.185576638359e+00
-4.088408247289e-01 9.294756189438e-01 2.185522409681e+00
-4.087567539082e-01 9.293069634808e-01 2.185468052757e+00
-4.086728275619e-01 9.291382674056e-01 2.185413568686e+00
-4.085890459629e-01 9.289695298271e-01 2.185358958564e+00
-4.085054094055e-01 9.288007498475e-01 2.185304223510e+00
-4.084219181797e-01 9.286319265645e-01 2.185249364629e+00
-4.083385725257e-01 9.284630590823e-01 2.185194383023e+00
-4.082553727070e-01 9.282941465193e-01 2.185139279791e+00
-4.081723189821e-01 9.281251879541e-01 2.185084056055e+00
-4.080894116254e-01 9.279561825005e-01 2.185028712924e+00
-4.080066508613e-01 9.277871292635e-01 2.184973251504e+00
-4.079240369337e-01 9.276180273540e-01 2.184917672904e+00
-4.078415700692e-01 9.274488758563e-01 2.184861978242e+00
-4.077592505095e-01 9.272796738680e-01 2.184806168629e+00
-4.076770784629e-01 9.271104205030e-01 2.184750245182e+00
-4.075950541456e-01 9.269411148892e-01 2.184694209007e+00
-4.075131777533e-01 9.267717561152e-01 2.184638061221e+00
-4.074314495107e-01 9.266023432767e-01 2.184581802941e+00
-4.073498696232e-01 9.264328754760e-01 2.184525435289e+00
-4.072684382852e-01 9.262633518092e-01 2.184468959385e+00
-4.071871556653e-01 9.260937713921e-01 2.184412376336e+00
-4.071060219526e-01 9.259241333182e-01 2.184355687270e+00
-4.070250373108e-01 9.257544367072e-01 2.184298893298e+00
-4.069442019130e-01 9.255846806598e-01 2.184241995543e+00
-4.068635159267e-01 9.254148642739e-01 2.184184995132e+00
-4.067829795085e-01 9.252449866549e-01 2.184127893181e+00
-4.067025928148e-01 9.250750469106e-01 2.184070690824e+00
-4.066223559795e-01 9.249050441669e-01 2.184013389172e+00
-4.065422691112e-01 9.247349775135e-01 2.183955989345e+00
-4.064623323673e-01 9.245648460711e-01 2.183898492466e+00
-4.063825458596e-01 9.243946489310e-01 2.183840899660e+00
-4.063029097243e-01 9.242243852062e-01 2.183783212057e+00
-4.062234240799e-01 9.240540540069e-01 2.183725430784e+00
-4.061440890073e-01 9.238836544553e-01 2.183667556950e+00
-4.060649046214e-01 9.237131856366e-01 2.183609591689e+00
-4.059858710420e-01 9.235426466572e-01 2.183551536139e+00
-4.059069883525e-01 9.233720366367e-01 2.183493391417e+00
-4.058282566360e-01 9.232013546907e-01 2.183435158654e+00
-4.057496759798e-01 9.230305999237e-01 2.183376838984e+00
-4.056712464552e-01 9.228597714597e-01 2.183318433528e+00
-4.055929681340e-01 9.226888683875e-01 2.183259943426e+00
-4.055148410746e-01 9.225178898373e-01 2.183201369799e+00
-4.054368653104e-01 9.223468349293e-01 2.183142713765e+00
-4.053590409022e-01 9.221757027605e-01 2.183083976467e+00
-4.052813679210e-01 9.220044924487e-01 2.183025159039e+00
-4.052038463920e-01 9.218332031199e-01 2.182966262610e+00
-4.051264763360e-01 9.216618338939e-01 2.182907288308e+00
-4.050492577938e-01 9.214903838975e-01 2.182848237264e+00
-4.049721907839e-01 9.213188522195e-01 2.182789110622e+00
-4.048952753283e-01 9.211472380057e-01 2.182729909500e+00
-4.048185114265e-01 9.209755403590e-01 2.182670635038e+00
-4.047418990836e-01 9.208037584012e-01 2.182611288366e+00
-4.046654382973e-01 9.206318912387e-01 2.182551870615e+00
-4.045891290399e-01 9.204599380103e-01 2.182492382916e+00
-4.045129713030e-01 9.202878978513e-01 2.182432826394e+00
-4.044369650649e-01 9.201157698784e-01 2.182373202195e+00
-4.043611103290e-01 9.199435532106e-01 2.182313511462e+00
-4.042854070388e-01 9.197712469930e-01 2.182253755311e+00
-4.042098551562e-01 9.195988503410e-01 2.182193934882e+00
-4.041344546471e-01 9.194263623779e-01 2.182134051314e+00
-4.040592054468e-01 9.192537822280e-01 2.182074105737e+00
-4.039841075058e-01 9.190811090315e-01 2.182014099282e+00
-4.039091607611e-01 9.189083419241e-01 2.181954033087e+00
-4.038343651444e-01 9.187354800604e-01 2.181893908281e+00
-4.037597205835e-01 9.185625225481e-01 2.181833726002e+00
-4.036852270203e-01 9.183894684971e-01 2.181773487401e+00
-4.036108843624e-01 9.182163170852e-01 2.181713193594e+00
-4.035366924916e-01 9.180430674395e-01 2.181652845713e+00
-4.034626513444e-01 9.178697186754e-01 2.181592444906e+00
-4.033887608107e-01 9.176962699301e-01 2.181531992304e+00
-4.033150207642e-01 9.175227203617e-01 2.181471489030e+00
-4.032414310758e-01 9.173490690971e-01 2.181410936215e+00
-4.031679916566e-01 9.171753152709e-01 2.181350335013e+00
-4.030947023669e-01 9.170014580742e-01 2.181289686543e+00
-4.030215630656e-01 9.168274966379e-01 2.181228991935e+00
-4.029485736448e-01 9.166534300881e-01 2.181168252342e+00
-4.028757339499e-01 9.164792575737e-01 2.181107468891e+00
-4.028030438314e-01 9.163049782412e-01 2.181046642714e+00
-4.027305031368e-01 9.161305912458e-01 2.180985774946e+00
-4.026581116985e-01 9.159560957520e-01 2.180924866719e+00
-4.025858693492e-01 9.157814908962e-01 2.180863919170e+00
-4.025137759252e-01 9.156067758463e-01 2.180802933428e+00
-4.024418312283e-01 9.154319497727e-01 2.180741910621e+00
-4.023700350895e-01 9.152570118092e-01 2.180680851887e+00
-4.022983873340e-01 9.150819611106e-01 2.180619758376e+00
-4.022268877497e-01 9.149067968583e-01 2.180558631205e+00
-4.021555361189e-01 9.147315182131e-01 2.180497471499e+00
-4.020843322379e-01 9.145561243515e-01 2.180436280386e+00
-4.020132758824e-01 9.143806144135e-01 2.180375059002e+00
-4.019423668585e-01 9.142049875730e-01 2.180313808479e+00
-4.018716049320e-01 9.140292430100e-01 2.180252529947e+00
-4.018009898841e-01 9.138533798763e-01 2.180191224545e+00
-4.017305214875e-01 9.136773973424e-01 2.180129893407e+00
-4.016601994862e-01 9.135012946004e-01 2.180068537656e+00
-4.015900236174e-01 9.133250708351e-01 2.180007158411e+00
-4.015199936477e-01 9.131487252086e-01 2.179945756819e+00
-4.014501093134e-01 9.129722569169e-01 2.179884333996e+00
-4.013803703410e-01 9.127956651150e-01 2.179822891076e+00
-4.013107764737e-01 9.126189490081e-01 2.179761429180e+00
-4.012413274172e-01 9.124421077694e-01 2.179699949436e+00
-4.011720229003e-01 9.122651405771e-01 2.179638452980e+00
-4.011028626370e-01 9.120880466310e-01 2.179576940928e+00
-4.010338463261e-01 9.119108251354e-01 2.179515414407e+00
-4.009649736783e-01 9.117334752684e-01 2.179453874555e+00
-4.008962443959e-01 9.115559962287e-01 2.179392322489e+00
-4.008276581492e-01 9.113783872032e-01 2.179330759329e+00
-4.007592146221e-01 9.112006473992e-01 2.179269186196e+00
-4.006909134868e-01 9.110227760038e-01 2.179207604210e+00
-4.006227544145e-01 9.108447722311e-01 2.179146014494e+00
-4.005547370931e-01 9.106666352814e-01 2.179084418177e+00
-4.004868611882e-01 9.104883643595e-01 2.179022816384e+00
-4.004191263394e-01 9.103099586769e-01 2.178961210230e+00
-4.003515322155e-01 9.101314174309e-01 2.178899600846e+00
-4.002840784600e-01 9.099527398487e-01 2.178837989349e+00
-4.002167646771e-01 9.097739251431e-01 2.178776376842e+00
-4.001495905178e-01 9.095949725181e-01 2.178714764449e+00
-4.000825555940e-01 9.094158812095e-01 2.178653153286e+00
-4.000156595276e-01 9.092366504537e-01 2.178591544454e+00
-3.999489019327e-01 9.090572794552e-01 2.178529939077e+00
-3.998822824384e-01 9.088777674136e-01 2.178468338287e+00
-3.998158006639e-01 9.086981135770e-01 2.178406743192e+00
-3.997494561748e-01 9.085183171922e-01 2.178345154894e+00
-3.996832485683e-01 9.083383774727e-01 2.178283574510e+00
-3.996171774438e-01 9.081582936445e-01 2.178222003155e+00
-3.995512423753e-01 9.079780649575e-01 2.178160441934e+00
-3.994854429334e-01 9.077976906550e-01 2.178098891954e+00
-3.994197786786e-01 9.076171699606e-01 2.178037354323e+00
-3.993542491835e-01 9.074365021205e-01 2.177975830146e+00
-3.992888539791e-01 9.072556863953e-01 2.177914320519e+00
-3.992235926378e-01 9.070747220288e-01 2.177852826552e+00
-3.991584647134e-01 9.068936082795e-01 2.177791349354e+00
-3.990934697460e-01 9.067123443906e-01 2.177729890031e+00
-3.990286072796e-01 9.065309296055e-01 2.177668449691e+00
-3.989638768426e-01 9.063493632028e-01 2.177607029431e+00
-3.988992779432e-01 9.061676444363e-01 2.177545630347e+00
-3.988348101147e-01 9.059857725965e-01 2.177484253530e+00
-3.987704728572e-01 9.058037469361e-01 2.177422900079e+00
-3.987062657162e-01 9.056215667048e-01 2.177361571110e+00
-3.986421881876e-01 9.054392311572e-01 2.177300267725e+00
-3.985782397710e-01 9.052567395969e-01 2.177238991004e+00
-3.985144199433e-01 9.050740912984e-01 2.177177742045e+00
-3.984507282075e-01 9.048912855438e-01 2.177116521944e+00
-3.983871640249e-01 9.047083216148e-01 2.177055331787e+00
-3.983237268721e-01 9.045251988045e-01 2.176994172655e+00
-3.982604162320e-01 9.043419163921e-01 2.176933045653e+00
-3.981972315670e-01 9.041584736709e-01 2.176871951863e+00
-3.981341723210e-01 9.039748699340e-01 2.176810892357e+00
-3.980712379556e-01 9.037911044778e-01 2.176749868230e+00
-3.980084279149e-01 9.036071765863e-01 2.176688880569e+00
-3.979457416663e-01 9.034230855728e-01 2.176627930453e+00
-3.978831786153e-01 9.032388307402e-01 2.176567018960e+00
-3.978207382150e-01 9.030544113856e-01 2.176506147175e+00
-3.977584198797e-01 9.028698268375e-01 2.176445316175e+00
-3.976962230416e-01 9.026850763979e-01 2.176384527041e+00
-3.976341471180e-01 9.025001594203e-01 2.176323780839e+00
-3.975721915194e-01 9.023150751835e-01 2.176263078659e+00
-3.975103556634e-01 9.021298230130e-01 2.176202421574e+00
-3.974486389222e-01 9.019444022463e-01 2.176141810634e+00
-3.973870406934e-01 9.017588122049e-01 2.176081246914e+00
-3.973255603835e-01 9.015730522150e-01 2.176020731497e+00
-3.972641973660e-01 9.013871216190e-01 2.175960265434e+00
-3.972029510206e-01 9.012010197602e-01 2.175899849793e+00
-3.971418207105e-01 9.010147459768e-01 2.175839485637e+00
-3.970808058326e-01 9.008282995854e-01 2.175779174043e+00
-3.970199057528e-01 9.006416799573e-01 2.175718916074e+00
-3.969591197976e-01 9.004548864438e-01 2.175658712768e+00
-3.968984473104e-01 9.002679183898e-01 2.175598565183e+00
-3.968378876561e-01 9.000807751700e-01 2.175538474374e+00
-3.967774401722e-01 8.998934561476e-01 2.175478441397e+00
-3.967171042045e-01 8.997059606654e-01 2.175418467320e+00
-3.966568790923e-01 8.995182881029e-01 2.175358553185e+00
-3.965967641388e-01 8.993304378303e-01 2.175298700034e+00
-3.965367586700e-01 8.991424092268e-01 2.175238908913e+00
-3.964768620085e-01 8.989542016731e-01 2.175179180867e+00
-3.964170734648e-01 8.987658145366e-01 2.175119516948e+00
-3.963573923576e-01 8.985772471910e-01 2.175059918196e+00
-3.962978179847e-01 8.983884990390e-01 2.175000385658e+00
-3.962383496492e-01 8.981995694492e-01 2.174940920381e+00
-3.961789866422e-01 8.980104578484e-01 2.174881523385e+00
-3.961197282268e-01 8.978211636192e-01 2.174822195704e+00
-3.960605736870e-01 8.976316861521e-01 2.174762938371e+00
-3.960015223027e-01 8.974420248565e-01 2.174703752415e+00
-3.959425733365e-01 8.972521791409e-01 2.174644638865e+00
-3.958837260617e-01 8.970621484272e-01 2.174585598752e+00
-3.958249797237e-01 8.968719321320e-01 2.174526633087e+00
-3.957663335791e-01 8.966815296790e-01 2.174467742892e+00
-3.957077868920e-01 8.964909404639e-01 2.174408929209e+00
-3.956493389150e-01 8.963001639470e-01 2.174350193044e+00
-3.955909888735e-01 8.961091995378e-01 2.174291535415e+00
-3.955327360199e-01 8.959180466648e-01 2.174232957348e+00
-3.954745795606e-01 8.957267047611e-01 2.174174459843e+00
-3.954165187341e-01 8.955351732872e-01 2.174116043908e+00
-3.953585527515e-01 8.953434516931e-01 2.174057710548e+00
-3.953006808320e-01 8.951515394180e-01 2.173999460778e+00
-3.952429021879e-01 8.949594359152e-01 2.173941295598e+00
-3.951852160308e-01 8.947671406434e-01 2.173883216016e+00
-3.951276215636e-01 8.945746530630e-01 2.173825223029e+00
-3.950701179869e-01 8.943819726483e-01 2.173767317634e+00
-3.950127044876e-01 8.941890988468e-01 2.173709500830e+00
-3.949553802413e-01 8.939960311318e-01 2.173651773603e+00
-3.948981444503e-01 8.938027689758e-01 2.173594136953e+00
-3.948409962836e-01 8.936093118750e-01 2.173536591867e+00
-3.947839349029e-01 8.934156593103e-01 2.173479139318e+00
-3.947269594720e-01 8.932218107789e-01 2.173421780291e+00
-3.946700691730e-01 8.930277657552e-01 2.173364515778e+00
-3.946132631605e-01 8.928335237454e-01 2.173307346755e+00
-3.945565405768e-01 8.926390842403e-01 2.173250274192e+00
-3.944999005704e-01 8.924444467407e-01 2.173193299061e+00
-3.944433422716e-01 8.922496107669e-01 2.173136422325e+00
-3.943868648291e-01 8.920545758081e-01 2.173079644968e+00
-3.943304673865e-01 8.918593414104e-01 2.173022967945e+00
-3.942741490451e-01 8.916639070930e-01 2.172966392208e+00
-3.942179089465e-01 8.914682723815e-01 2.172909918728e+00
-3.941617462104e-01 8.912724367873e-01 2.172853548465e+00
-3.941056599699e-01 8.910763998565e-01 2.172797282377e+00
-3.940496493306e-01 8.908801611311e-01 2.172741121426e+00
-3.939937133980e-01 8.906837201349e-01 2.172685066554e+00
-3.939378512837e-01 8.904870764222e-01 2.172629118715e+00
-3.938820620794e-01 8.902902295383e-01 2.172573278854e+00
-3.938263448783e-01 8.900931790593e-01 2.172517547899e+00
-3.937706987624e-01 8.898959245105e-01 2.172461926807e+00
-3.937151228470e-01 8.896984654856e-01 2.172406416512e+00
-3.936596161845e-01 8.895008015365e-01 2.172351017947e+00
-3.936041778755e-01 8.893029322227e-01 2.172295732063e+00
-3.935488069834e-01 8.891048571618e-01 2.172240559761e+00
-3.934935025596e-01 8.889065759044e-01 2.172185501976e+00
-3.934382636952e-01 8.887080880456e-01 2.172130559638e+00
-3.933830894238e-01 8.885093931703e-01 2.172075733654e+00
-3.933279788090e-01 8.883104908819e-01 2.172021024947e+00
-3.932729309158e-01 8.881113807613e-01 2.171966434445e+00
-3.932179447997e-01 8.879120624345e-01 2.171911963066e+00
-3.931630194812e-01 8.877125355051e-01 2.171857611700e+00
-3.931081540044e-01 8.875127995825e-01 2.171803381260e+00
-3.930533474021e-01 8.873128543066e-01 2.171749272635e+00
-3.929985987031e-01 8.871126992757e-01 2.171695286736e+00
-3.929439069444e-01 8.869123341008e-01 2.171641424475e+00
-3.928892711398e-01 8.867117584339e-01 2.171587686730e+00
-3.928346903065e-01 8.865109719239e-01 2.171534074387e+00
-3.927801634594e-01 8.863099742142e-01 2.171480588339e+00
-3.927256896201e-01 8.861087649200e-01 2.171427229483e+00
-3.926712677873e-01 8.859073437159e-01 2.171373998689e+00
-3.926168969555e-01 8.857057102440e-01 2.171320896832e+00
-3.925625761227e-01 8.855038641833e-01 2.171267924783e+00
-3.925083042912e-01 8.853018051662e-01 2.171215083427e+00
-3.924540804564e-01 8.850995328813e-01 2.171162373638e+00
-3.923999036049e-01 8.848970470082e-01 2.171109796267e+00
-3.923457727153e-01 8.846943472362e-01 2.171057352188e+00
-3.922916867863e-01 8.844914332179e-01 2.171005042271e+00
-3.922376447831e-01 8.842883046614e-01 2.170952867368e+00
-3.921836456681e-01 8.840849612606e-01 2.170900828316e+00
-3.921296884040e-01 8.838814027215e-01 2.170848925956e+00
-3.920757719619e-01 8.836776287260e-01 2.170797161153e+00
-3.920218953007e-01 8.834736389782e-01 2.170745534746e+00
-3.919680573822e-01 8.832694332013e-01 2.170694047569e+00
-3.919142571541e-01 8.830650111195e-01 2.170642700462e+00
-3.918604935694e-01 8.828603724564e-01 2.170591494256e+00
-3.918067655793e-01 8.826555169429e-01 2.170540429785e+00
-3.917530721360e-01 8.824504443108e-01 2.170489507881e+00
-3.916994121734e-01 8.822451543005e-01 2.170438729361e+00
-3.916457846097e-01 8.820396466548e-01 2.170388095035e+00
-3.915921883950e-01 8.818339211278e-01 2.170337605715e+00
-3.915386224432e-01 8.816279774535e-01 2.170287262227e+00
-3.914850857061e-01 8.814218153960e-01 2.170237065382e+00
-3.914315770831e-01 8.812154347297e-01 2.170187015972e+00
-3.913780955073e-01 8.810088352258e-01 2.170137114805e+00
-3.913246398899e-01 8.808020166642e-01 2.170087362675e+00
-3.912712091361e-01 8.805949788148e-01 2.170037760373e+00
-3.912178021779e-01 8.803877214677e-01 2.169988308698e+00
-3.911644179083e-01 8.801802443985e-01 2.169939008441e+00
-3.911110552387e-01 8.799725474050e-01 2.169889860383e+00
-3.910577130674e-01 8.797646302895e-01 2.169840865302e+00
-3.910043902836e-01 8.795564928613e-01 2.169792023967e+00
-3.909510857705e-01 8.793481349268e-01 2.169743337144e+00
-3.908977984316e-01 8.791395563087e-01 2.169694805606e+00
-3.908445271549e-01 8.789307568337e-01 2.169646430115e+00
-3.907912708220e-01 8.787217363090e-01 2.169598211445e+00
-3.907380283175e-01 8.785124945783e-01 2.169550150334e+00
-3.906847985006e-01 8.783030314868e-01 2.169502247530e+00
-3.906315802711e-01 8.780933468585e-01 2.169454503798e+00
-3.905783724987e-01 8.778834405661e-01 2.169406919876e+00
-3.905251740485e-01 8.776733124377e-01 2.169359496508e+00
-3.904719837888e-01 8.774629623296e-01 2.169312234434e+00
-3.904188005873e-01 8.772523901144e-01 2.169265134384e+00
-3.903656233042e-01 8.770415956767e-01 2.169218197082e+00
-3.903124507996e-01 8.768305788874e-01 2.169171423256e+00
-3.902592819245e-01 8.766193396190e-01 2.169124813629e+00
-3.902061155340e-01 8.764078777599e-01 2.169078368915e+00
-3.901529504725e-01 8.761961932107e-01 2.169032089817e+00
-3.900997855888e-01 8.759842858638e-01 2.168985977046e+00
-3.900466197445e-01 8.757721556242e-01 2.168940031313e+00
-3.899934517758e-01 8.755598023962e-01 2.168894253327e+00
-3.899402805316e-01 8.753472260799e-01 2.168848643783e+00
-3.898871048435e-01 8.751344266122e-01 2.168803203363e+00
-3.898339235483e-01 8.749214039163e-01 2.168757932762e+00
-3.897807354911e-01 8.747081579161e-01 2.168712832666e+00
-3.897275395185e-01 8.744946885298e-01 2.168667903776e+00
-3.896743344384e-01 8.742809957154e-01 2.168623146751e+00
-3.896211190804e-01 8.740670794012e-01 2.168578562263e+00
-3.895678922793e-01 8.738529395616e-01 2.168534150982e+00
-3.895146528507e-01 8.736385761625e-01 2.168489913566e+00
-3.894613996150e-01 8.734239891354e-01 2.168445850688e+00
-3.894081314012e-01 8.732091784649e-01 2.168401962992e+00
-3.893548469947e-01 8.729941441304e-01 2.168358251115e+00
-3.893015452246e-01 8.727788861100e-01 2.168314715707e+00
-3.892482249048e-01 8.725634043871e-01 2.168271357422e+00
-3.891948848571e-01 8.723476989555e-01 2.168228176891e+00
-3.891415238616e-01 8.721317698252e-01 2.168185174733e+00
-3.890881407304e-01 8.719156169653e-01 2.168142351582e+00
-3.890347342792e-01 8.716992404038e-01 2.168099708065e+00
-3.889813033081e-01 8.714826401598e-01 2.168057244803e+00
-3.889278466274e-01 8.712658162519e-01 2.168014962415e+00
-3.888743630304e-01 8.710487686933e-01 2.167972861517e+00
-3.888208513249e-01 8.708314975240e-01 2.167930942714e+00
-3.887673102908e-01 8.706140027746e-01 2.167889206601e+00
-3.887137387438e-01 8.703962844873e-01 2.167847653785e+00
-3.886601354625e-01 8.701783427097e-01 2.167806284856e+00
-3.886064992388e-01 8.699601774908e-01 2.167765100407e+00
-3.885528288729e-01 8.697417888871e-01 2.167724101022e+00
-3.884991231452e-01 8.695231769813e-01 2.167683287270e+00
-3.884453808264e-01 8.693043418125e-01 2.167642659735e+00
-3.883916007240e-01 8.690852834891e-01 2.167602218973e+0