1.355197246003e-03
2.618472287228e-01
8.964051898912e-01
1.725688203766e+00
2.618446882708e+00
3.482336926260e+00
4.255967208429e+00
4.902110220445e+00
5.401983425280e+00
5.750498776013e+00
5.952373405892e+00
6.018995017657e+00
5.965938967727e+00
5.811041296385e+00
5.572938886806e+00
5.269997400154e+00
4.919555898605e+00
4.537426764173e+00
4.137597108469e+00
3.732086551867e+00
3.330922680465e+00
2.942203227327e+00
2.572218357488e+00
2.225612218651e+00
1.905567665773e+00
1.614000813105e+00
1.351755722166e+00
1.118792627448e+00
9.143638766902e-01
7.371746209106e-01
5.855268072200e-01
4.574448523035e-01
3.507832887953e-01
2.633172573903e-01
1.928163675109e-01
1.371035623472e-01
9.410033086867e-02
6.185992020544e-02
3.859007686397e-02
2.266693952038e-02
1.264148265872e-02
7.239943878705e-03
5.359471062120e-03
6.060109580062e-03
8.554113926015e-03
1.219346279594e-02
1.645625279961e-02
2.093261830182e-02
2.531065625362e-02
2.936271527857e-02
3.293236705246e-02
3.592229338269e-02
3.828316203380e-02
4.000366308634e-02
4.110167552625e-02
4.161660001128e-02
4.160279066420e-02
4.112408807765e-02
4.024922861492e-02
3.904834242158e-02
3.759001069079e-02
3.593922536215e-02
3.415588144532e-02
3.229376028745e-02
3.039999708982e-02
2.851488231828e-02
2.667188136913e-02
2.489798539581e-02
2.321411327502e-02
2.163564339679e-02
2.017304389275e-02
1.883251489747e-02
1.761660277580e-02
1.652481962797e-02
1.555424079154e-02
1.470005491440e-02
1.395602759698e-02
1.331494929957e-02
1.276898581499e-02
1.231000508882e-02
1.192982117699e-02
1.162042544462e-02
1.137410623103e-02
1.118359742517e-02
1.104215131380e-02
1.094357114609e-02
1.088226890968e-02
1.085323021051e-02
1.085202468013e-02
1.087476054297e-02
1.091805980503e-02
1.097901697349e-02
1.105514710378e-02
1.114434532046e-02
1.124482682263e-02
1.135509602791e-02
1.147390556884e-02
1.160019884682e-02
1.173309655317e-02
1.187185340523e-02
1.201583758946e-02
1.216450709235e-02
1.231738087256e-02
1.247404020115e-02
1.263410404362e-02
1.279722142638e-02
1.296307361533e-02
1.313134891482e-02
1.330176249378e-02
1.347404314071e-02
1.364792288470e-02
1.382315629584e-02
1.399950300881e-02
1.417674795656e-02
1.435468205379e-02
1.453311148741e-02
1.471186097549e-02
1.489077548816e-02
1.506970883787e-02
1.524853466555e-02
1.542715094753e-02
1.560547148547e-02
1.578342771656e-02
1.596096095258e-02
1.613803159432e-02
1.631462110154e-02
1.649071549011e-02
1.666633002066e-02
1.684147171715e-02
1.701616739825e-02
1.719045895519e-02
1.736438997966e-02
1.753800931607e-02
1.771137407748e-02
1.788453569869e-02
1.805756321871e-02
1.823052676276e-02
1.840348547206e-02
1.857650647565e-02
1.874966806571e-02
1.892302214474e-02
1.909664494392e-02
1.927059698094e-02
1.944493385613e-02
1.961971586977e-02
1.979499652915e-02
1.997082637719e-02
2.014725434291e-02
2.032432383767e-02
2.050207293587e-02
2.068053966894e-02
2.085976250293e-02
2.103977669240e-02
2.122059701724e-02
2.140225553057e-02
2.158477379612e-02
2.176816525692e-02
2.195245477225e-02
2.213764561108e-02
2.232375640189e-02
2.251078461108e-02
2.269874367257e-02
2.288764196763e-02
2.307747012832e-02
2.326823863438e-02
2.345994644274e-02
2.365259752828e-02
2.384618336015e-02
2.404070243142e-02
2.423614395419e-02
2.443251211647e-02
2.462979686922e-02
2.482798952628e-02
2.502708655941e-02
2.522707984635e-02
2.542796752536e-02
2.562973495754e-02
2.583237759020e-02
2.603588357575e-02
2.624024212715e-02
2.644545765383e-02
2.665151924493e-02
2.685840563410e-02
2.706612520218e-02
2.727466889317e-02
2.748401988971e-02
2.769417568517e-02
2.790512982803e-02
2.811688577558e-02
2.832943098147e-02
2.854275171124e-02
2.875685431723e-02
2.897172612816e-02
2.918736611243e-02
2.940376171863e-02
2.962091416085e-02
2.983881688530e-02
3.005747284024e-02
3.027686602239e-02
3.049700040077e-02
3.071787341420e-02
3.093948143404e-02
3.116181513384e-02
3.138487585412e-02
3.160866080082e-02
3.183317386454e-02
3.205840126202e-02
3.228434018391e-02
3.251100003341e-02
3.273836421965e-02
3.296644253329e-02
3.319523394239e-02
3.342472180501e-02
3.365491213295e-02
3.388580939281e-02
3.411740517040e-02
3.434970499468e-02
3.458269596289e-02
3.481638611444e-02
3.505076381266e-02
3.528583719836e-02
3.552160191131e-02
3.575805573243e-02
3.599519323735e-02
3.623301845449e-02
3.647150996419e-02
3.671069843220e-02
3.695056935298e-02
3.719110119401e-02
3.743231761317e-02
3.767421193074e-02
3.791677975245e-02
3.816001865790e-02
3.840391612860e-02
3.864847746610e-02
3.889370201293e-02
3.913959912242e-02
3.938615130328e-02
3.963335859238e-02
3.988122344135e-02
4.012974400195e-02
4.037891327196e-02
4.062873353494e-02
4.087919255826e-02
4.113031127641e-02
4.138207395137e-02
4.163448036565e-02
4.188752361433e-02
4.214121493197e-02
4.239552985879e-02
4.265048582072e-02
4.290607187022e-02
4.316229537111e-02
4.341913659299e-02
4.367660982430e-02
4.393470126123e-02
4.419339534963e-02
4.445272036667e-02
4.471265617028e-02
4.497320953251e-02
4.523437690388e-02
4.549614739893e-02
4.575852592746e-02
4.602150911323e-02
4.628510559745e-02
4.654929384542e-02
4.681407684878e-02
4.707946550121e-02
4.734544643615e-02
4.761202298924e-02
4.787917629256e-02
4.814692680157e-02
4.841526328308e-02
4.868417199106e-02
4.895366641375e-02
4.922373918764e-02
4.949440817926e-02
4.976563109831e-02
5.003743475516e-02
5.030980620182e-02
5.058275516650e-02
5.085625398910e-02
5.113033617100e-02
5.140497632318e-02
5.168017695345e-02
5.195592408051e-02
5.223222395648e-02
5.250908536347e-02
5.278649722934e-02
5.306447255938e-02
5.334299182554e-02
5.362204385283e-02
5.390164581632e-02
5.418178429244e-02
5.446245609889e-02
5.474366819666e-02
5.502541006133e-02
5.530769218092e-02
5.559050579788e-02
5.587384990916e-02
5.615771874039e-02
5.644210125573e-02
5.672701447312e-02
5.701245094444e-02
5.729839357485e-02
5.758485625378e-02
5.787183465898e-02
5.815932346311e-02
5.844729898534e-02
5.873581038773e-02
5.902481272938e-02
5.931432615866e-02
5.960432796217e-02
5.989485243677e-02
6.018587672330e-02
6.047740678282e-02
6.076940476238e-02
6.106189093872e-02
6.135487196034e-02
6.164833748497e-02
6.194227781584e-02
6.223669786647e-02
6.253161475385e-02
6.282702738409e-02
6.312289367409e-02
6.341923443974e-02
6.371605988981e-02
6.401335650229e-02
6.431112379765e-02
6.460934005438e-02
6.490802654640e-02
6.520717116495e-02
6.550678784115e-02
6.580685488827e-02
6.610737700582e-02
6.640833542879e-02
6.670974655994e-02
6.701162915515e-02
6.731395299721e-02
6.761673822325e-02
6.791994855924e-02
6.822360569604e-02
6.852770635691e-02
6.883227266679e-02
6.913727551231e-02
6.944270498655e-02
6.974857386286e-02
7.005488347320e-02
7.036158644581e-02
7.066872874426e-02
7.097627936661e-02
7.128425951255e-02
7.159267932728e-02
7.190151637899e-02
7.221077361667e-02
7.252043605227e-02
7.283050591618e-02
7.314097231796e-02
7.345187426309e-02
7.376315936233e-02
7.407485952520e-02
7.438699535519e-02
7.469951339253e-02
7.501242416924e-02
7.532574314033e-02
7.563946706046e-02
7.595357282328e-02
7.626808882106e-02
7.658298490172e-02
7.689828407481e-02
7.721395925212e-02
7.752997463434e-02
7.784643359600e-02
7.816324475174e-02
7.848043914538e-02
7.879803488796e-02
7.911600101004e-02
7.943431612998e-02
7.975298610955e-02
8.007206615892e-02
8.039152610808e-02
8.071134462085e-02
8.103150214166e-02
8.135202819583e-02
8.167291978870e-02
8.199416662448e-02
8.231578965793e-02
8.263774958952e-02
8.296005552698e-02
8.328272145009e-02
8.360574859701e-02
8.392911590495e-02
8.425285065958e-02
8.457695273721e-02
8.490139520662e-02
8.522616355161e-02
8.555128146887e-02
8.587675269472e-02
8.620253228722e-02
8.652862808093e-02
8.685510077711e-02
8.718189627281e-02
8.750900853426e-02
8.783641360680e-02
8.816416085771e-02
8.849225993108e-02
8.882069571706e-02
8.914945918578e-02
8.947854055988e-02
8.980791352233e-02
9.013761404278e-02
9.046762135951e-02
9.079798463943e-02
9.112860335241e-02
9.145953265734e-02
9.179079922331e-02
9.212239209107e-02
9.245426351597e-02
9.278642082711e-02
9.311889141691e-02
9.345166591748e-02
9.378473693486e-02
9.411809883588e-02
9.445177925318e-02
9.478572788797e-02
9.512001183304e-02
9.545459072411e-02
9.578945998845e-02
9.612461901949e-02
9.646004086913e-02
9.679571850004e-02
9.713167789634e-02
9.746795906364e-02
9.780453010229e-02
9.814135997830e-02
9.847848094532e-02
9.881586988684e-02
9.915352548538e-02
9.949144441728e-02
9.982966208040e-02
1.001681143017e-01
1.005068693757e-01
1.008458972362e-01
1.011851461288e-01
1.015246564979e-01
1.018645119562e-01
1.022045523213e-01
1.025448760791e-01
1.028854380447e-01
1.032262790889e-01
1.035673979554e-01
1.039087465713e-01
1.042503449969e-01
1.045922207908e-01
1.049343588849e-01
1.052767058513e-01
1.056193087156e-01
1.059621602832e-01
1.063052723619e-01
1.066486218336e-01
1.069921935500e-01
1.073360575722e-01
1.076801493369e-01
1.080244414124e-01
1.083690179562e-01
1.087137583122e-01
1.090587606194e-01
1.094039899300e-01
1.097494877177e-01
1.100951879128e-01
1.104410904033e-01
1.107872595513e-01
1.111336739689e-01
1.114802600000e-01
1.118270973284e-01
1.121741380874e-01
1.125214154192e-01
1.128689268691e-01
1.132166668646e-01
1.135646202278e-01
1.139128118061e-01
1.142611869383e-01
1.146098149769e-01
1.149585983223e-01
1.153076049698e-01
1.156568496134e-01
1.160062682543e-01
1.163559270175e-01
1.167058094633e-01
1.170558894989e-01
1.174061654246e-01
1.177566380145e-01
1.181072732457e-01
1.184581551911e-01
1.188092598505e-01
1.191605151001e-01
1.195119630008e-01
1.198636431773e-01
1.202155391036e-01
1.205676442245e-01
1.209198835320e-01
1.212723614560e-01
1.216250288029e-01
1.219778380977e-01
1.223308828529e-01
1.226841143700e-01
1.230375496827e-01
1.233911723578e-01
1.237449372151e-01
1.240989417139e-01
1.244531215017e-01
1.248074671244e-01
1.251620074092e-01
1.255166981365e-01
1.258715770524e-01
1.262266035403e-01
1.265818132713e-01
1.269372127469e-01
1.272927909063e-01
1.276485881779e-01
1.280045648410e-01
1.283607045171e-01
1.287169821324e-01
1.290734176773e-01
1.294300538717e-01
1.297868766719e-01
1.301438663787e-01
1.305010107620e-01
1.308583387520e-01
1.312157889236e-01
1.315734217490e-01
1.319312490344e-01
1.322892339717e-01
1.326473827270e-01
1.330057030599e-01
1.333641972216e-01
1.337228390309e-01
1.340816456836e-01
1.344406025786e-01
1.347997354981e-01
1.351590181659e-01
1.355184755245e-01
1.358781026530e-01
1.362378656971e-01
1.365977741693e-01
1.369578467437e-01
1.373180616920e-01
1.376784676348e-01
1.380390194299e-01
1.383997088027e-01
1.387605425262e-01
1.391215466668e-01
1.394826512617e-01
1.398439754346e-01
1.402054250108e-01
1.405669992564e-01
1.409287650630e-01
1.412907015808e-01
1.416527524647e-01
1.420149344111e-01
1.423772390141e-01
1.427397219744e-01
1.431023392622e-01
1.434651094299e-01
1.438280089605e-01
1.441910471140e-01
1.445542491283e-01
1.449176279704e-01
1.452810860227e-01
1.456446878693e-01
1.460084715449e-01
1.463723858395e-01
1.467364396792e-01
1.471006503367e-01
1.474649704763e-01
1.478294052146e-01
1.481940304697e-01
1.485587917356e-01
1.489237017150e-01
1.492887367298e-01
1.496538899581e-01
1.500191988991e-01
1.503846327019e-01
1.507501947204e-01
1.511159258234e-01
1.514817895179e-01
1.518477399215e-01
1.522138674425e-01
1.525801162572e-01
1.529465040227e-01
1.533129891558e-01
1.536796207215e-01
1.540464284953e-01
1.544133610281e-01
1.547804288860e-01
1.551476301211e-01
1.555149847785e-01
1.558824385933e-01
1.562500372659e-01
1.566177610991e-01
1.569855989304e-01
1.573535884798e-01
1.577216656087e-01
1.580898866761e-01
1.584582252376e-01
1.588266802447e-01
1.591953281747e-01
1.595640573258e-01
1.599329367206e-01
1.603019212906e-01
1.606710482676e-01
1.610403022698e-01
1.614097046325e-01
1.617792446654e-01
1.621488949017e-01
1.625187099112e-01
1.628886368745e-01
1.632587254030e-01
1.636288794100e-01
1.639991805680e-01
1.643695668562e-01
1.647401401719e-01
1.651108516610e-01
1.654816843873e-01
1.658526450689e-01
1.662237170712e-01
1.665949475437e-01
1.669662946633e-01
1.673377517008e-01
1.677093698028e-01
1.680811062473e-01
1.684530012679e-01
1.688250413012e-01
1.691971635977e-01
1.695693813166e-01
1.699417673098e-01
1.703142783426e-01
1.706868960404e-01
1.710596766720e-01
1.714325817268e-01
1.718055975652e-01
1.721787525756e-01
1.725520838321e-01
1.729254910820e-01
1.732990106815e-01
1.736726663178e-01
1.740464642461e-01
1.744204212196e-01
1.747944680333e-01
1.751686834908e-01
1.755430191625e-01
1.759174484259e-01
1.762920788511e-01
1.766668014076e-01
1.770416725780e-01
1.774166950658e-01
1.777918051351e-01
1.781670460870e-01
1.785424618162e-01
1.789179867405e-01
1.792936670526e-01
1.796694889135e-01
1.800454035583e-01
1.804215007485e-01
1.807976964553e-01
1.811740395521e-01
1.815504799427e-01
1.819270907720e-01
1.823038280505e-01
1.826806861775e-01
1.830576802938e-01
1.834348524580e-01
1.838121371605e-01
1.841895870752e-01
1.845672349676e-01
1.849449696152e-01
1.853227977591e-01
1.857007517638e-01
1.860789170415e-01
1.864572044803e-01
1.868356222383e-01
1.872141913857e-01
1.875928881131e-01
1.879717278764e-01
1.883507327153e-01
1.887298488709e-01
1.891091404714e-01
1.894885994406e-01
1.898681941638e-01
1.902479062007e-01
1.906277989379e-01
1.910078171450e-01
1.913879698827e-01
1.917682743055e-01
1.921487486804e-01
1.925293705943e-01
1.929101088675e-01
1.932910521823e-01
1.936720734062e-01
1.940532828147e-01
1.944346632999e-01
1.948161376516e-01
1.951978522085e-01
1.955797020738e-01
1.959616909980e-01
1.963438278227e-01
1.967261488803e-01
1.971086245046e-01
1.974912589794e-01
1.978740481432e-01
1.982569793969e-01
1.986400611948e-01
1.990233070581e-01
1.994066923541e-01
1.997902627486e-01
2.001739795372e-01
2.005578884657e-01
2.009419278752e-01
2.013261717176e-01
2.017105575270e-01
2.020950989102e-01
2.024798294970e-01
2.028646921607e-01
2.032497384876e-01
2.036349666416e-01
2.040203913793e-01
2.044059470605e-01
2.047916573066e-01
2.051775303236e-01
2.055635918472e-01
2.059498461322e-01
2.063362814045e-01
2.067228622935e-01
2.071096351608e-01
2.074965902270e-01
2.078837004543e-01
2.082709922280e-01
2.086584989617e-01
2.090462470321e-01
2.094341011704e-01
2.098221580159e-01
2.102103432475e-01
2.105987834913e-01
2.109873757353e-01
2.113761364478e-01
2.117650729033e-01
2.121542064646e-01
2.125435389035e-01
2.129330717772e-01
2.133227311937e-01
2.137126057666e-01
2.141027161165e-01
2.144929895142e-01
2.148834753275e-01
2.152741513697e-01
2.156649952710e-01
2.160560623431e-01
2.164473212679e-01
2.168387848639e-01
2.172304039939e-01
2.176222611085e-01
2.180143628770e-01
2.184066220410e-01
2.187990250866e-01
2.191917068356e-01
2.195845542744e-01
2.199776554542e-01
2.203709924650e-01
2.207644792389e-01
2.211581504929e-01
2.215520201196e-01
2.219461201434e-01
2.223404369902e-01
2.227349530996e-01
2.231297100335e-01
2.235246666045e-01
2.239198659189e-01
2.243152772055e-01
2.247109310062e-01
2.251067693947e-01
2.255028089889e-01
2.258990936268e-01
2.262956121675e-01
2.266923018918e-01
2.270892922031e-01
2.274864402403e-01
2.278838411060e-01
2.282814579886e-01
2.286792888221e-01
2.290773743155e-01
2.294756910343e-01
2.298742330234e-01
2.302730386629e-01
2.306719988238e-01
2.310712173187e-01
2.314706662117e-01
2.318704170552e-01
2.322704031422e-01
2.326706279283e-01
2.330710840171e-01
2.334717724007e-01
2.338727124948e-01
2.342738627014e-01
2.346752588955e-01
2.350769052847e-01
2.354788343399e-01
2.358809623111e-01
2.362833458764e-01
2.366859758111e-01
2.370888787150e-01
2.374920275689e-01
2.378954362876e-01
2.382990905667e-01
2.387030013000e-01
2.391072034547e-01
2.395116586789e-01
2.399163164794e-01
2.403212470302e-01
2.407264560951e-01
2.411319570549e-01
2.415377095414e-01
2.419436929285e-01
2.423499355591e-01
2.427564577206e-01
2.431632807093e-01
2.435703330053e-01
2.439776831205e-01
2.443852823928e-01
2.447930959168e-01
2.452012591278e-01
2.456097094546e-01
2.460184348374e-01
2.464274140111e-01
2.468366523477e-01
2.472462153600e-01
2.476559898958e-01
2.480661541965e-01
2.484765509310e-01
2.488871978629e-01
2.492981600093e-01
2.497094043057e-01
2.501209199717e-01
2.505327714281e-01
2.509449280587e-01
2.513573231964e-01
2.517700841416e-01
2.521830343011e-01
2.525963242889e-01
2.530098975295e-01
2.534237757358e-01
2.538379674998e-01
2.542524293809e-01
2.546671751414e-01
2.550822387734e-01
2.554976606756e-01
2.559133217644e-01
2.563293251613e-01
2.567456368259e-01
2.571622223754e-01
2.575791508971e-01
2.579963606866e-01
2.584139196636e-01
2.588317813518e-01
2.592499432055e-01
2.596684164710e-01
2.600871669590e-01
2.605063142908e-01
2.609257162708e-01
2.613454611268e-01
2.617655037257e-01
2.621859176429e-01
2.626066145573e-01
2.630276722214e-01
2.634490369316e-01
2.638706911420e-01
2.642927006245e-01
2.647150230142e-01
2.651376583767e-01
2.655606765505e-01
2.659840078971e-01
2.664077191165e-01
2.668317413875e-01
2.672560096182e-01
2.676806868916e-01
2.681057234392e-01
2.685310788132e-01
2.689567551014e-01
2.693827443982e-01
2.698090833777e-01
2.702358201282e-01
2.706628665003e-01
2.710902458076e-01
2.715179806719e-01
2.719460616939e-01
2.723744517340e-01
2.728032127137e-01
2.732323532514e-01
2.736618245626e-01
2.740916185801e-01
2.745218149676e-01
2.749523647462e-01
2.753832765090e-01
2.758145055195e-01
2.762461652584e-01
2.766781128642e-01
2.771103673854e-01
2.775430761100e-01
2.779761239488e-01
2.784095575226e-01
2.788432942358e-01
2.792773771608e-01
2.797118944353e-01
2.801467881403e-01
2.805820514926e-01
2.810177384757e-01
2.814537110604e-01
2.818900319139e-01
2.823267122132e-01
2.827637766305e-01
2.832012849851e-01
2.836391206114e-01
2.840773542402e-01
2.845158962775e-01
2.849548486222e-01
2.853942208648e-01
2.858339146614e-01
2.862740294719e-01
2.867146034317e-01
2.871555363625e-01
2.875967561602e-01
2.880384341318e-01
2.884804737690e-01
2.889228802155e-01
2.893657007354e-01
2.898089153049e-01
2.902524834723e-01
2.906963951742e-01
2.911408005897e-01
2.915855636511e-01
2.920306748345e-01
2.924762159375e-01
2.929221672269e-01
2.933684682773e-01
2.938151853474e-01
2.942623050213e-01
2.947098222291e-01
2.951577391857e-01
2.956060894754e-01
2.960548088230e-01
2.965039441473e-01
2.969534932798e-01
2.974034732653e-01
2.978537645452e-01
2.983044850183e-01
2.987556401499e-01
2.992072135164e-01
2.996592394488e-01
3.001116124379e-01
3.005643815912e-01
3.010175950676e-01
3.014712186538e-01
3.019252417487e-01
3.023796621240e-01
3.028344798980e-01
3.032897069088e-01
3.037453777407e-01
3.042014181309e-01
3.046579248267e-01
3.051148162656e-01
3.055721508128e-01
3.060298811559e-01
3.064880019319e-01
3.069466200762e-01
3.074056151903e-01
3.078650361621e-01
3.083248986769e-01
3.087851045058e-01
3.092458435632e-01
3.097069709075e-01
3.101684740825e-01
3.106304074914e-01
3.110928076660e-01
3.115556585016e-01
3.120189231068e-01
3.124825469875e-01
3.129466680064e-01
3.134111653772e-01
3.138761659886e-01
3.143415430101e-01
3.148073148275e-01
3.152735754349e-01
3.157402813455e-01
3.162074281024e-01
3.166749877169e-01
3.171429521650e-01
3.176113350498e-01
3.180802198635e-01
3.185495123083e-01
3.190192275584e-01
3.194893482896e-01
3.199599770749e-01
3.204309787084e-01
3.209024513638e-01
3.213743116982e-01
3.218466561975e-01
3.223194590746e-01
3.227926814547e-01
3.232663368596e-01
3.237404244944e-01
3.242149944874e-01
3.246899742622e-01
3.251654115346e-01
3.256412459574e-01
3.261175372329e-01
3.265942665709e-01
3.270714327449e-01
3.275490958888e-01
3.280271564445e-01
3.285057465579e-01
3.289846664855e-01
3.294640874142e-01
3.299439342114e-01
3.304242235936e-01
3.309050271682e-01
3.313862372348e-01
3.318679018121e-01
3.323499863561e-01
3.328325651619e-01
3.333156363496e-01
3.337990156548e-01
3.342829446771e-01
3.347672181224e-01
3.352519976237e-01
3.357372226725e-01
3.362229551380e-01
3.367090705334e-01
3.371956799318e-01
3.376827021237e-01
3.381701973584e-01
3.386581208051e-01
3.391465521853e-01
3.396353993733e-01
3.401246841349e-01
3.406143400117e-01
3.411045106813e-01
3.415951170226e-01
3.420862442052e-01
3.425777947979e-01
3.430698094571e-01
3.435621965029e-01
3.440551249472e-01
3.445484954321e-01
3.450422493568e-01
3.455364897216e-01
3.460312083372e-01
3.465263564532e-01
3.470219951271e-01
3.475180375797e-01
3.480145740179e-01
3.485115426117e-01
3.490089653946e-01
3.495068769448e-01
3.500052139405e-01
3.505040207824e-01
3.510032727585e-01
3.515029820237e-01
3.520030753142e-01
3.525037002358e-01
3.530047901533e-01
3.535062895279e-01
3.540082693628e-01
3.545106924483e-01
3.550135721060e-01
3.555168330099e-01
3.560205444031e-01
3.565247570912e-01
3.570294122440e-01
3.575345136868e-01
3.580400850370e-01
3.585461076556e-01
3.590526033396e-01
3.595595074441e-01
3.600668587552e-01
3.605746844206e-01
3.610829688166e-01
3.615916889512e-01
3.621008381482e-01
3.626104934180e-01
3.631205385958e-01
3.636310625427e-01
3.641420157338e-01
3.646534600842e-01
3.651652848555e-01
3.656776321292e-01
3.661904528567e-01
3.667036547009e-01
3.672173855711e-01
3.677315719454e-01
3.682461017282e-01
3.687611034853e-01
3.692765226671e-01
3.697924176118e-01
3.703088170794e-01
3.708256296387e-01
3.713428871167e-01
3.718605287923e-01
3.723786798179e-01
3.728972191755e-01
3.734162189297e-01
3.739356571791e-01
3.744555861015e-01
3.749759409956e-01
3.754967055778e-01
3.760179695182e-01
3.765395883714e-01
3.770616427142e-01
3.775842109014e-01
3.781072225292e-01
3.786306544945e-01
3.791545535180e-01
3.796788823559e-01
3.802036551812e-01
3.807288020824e-01
3.812544702737e-01
3.817805117252e-01
3.823069699215e-01
3.828339041522e-01
3.833612823174e-01
3.838890786817e-01
3.844173141429e-01
3.849459169298e-01
3.854750082912e-01
3.860044920199e-01
3.865345234754e-01
3.870649484599e-01
3.875957258888e-01
3.881269404555e-01
3.886585986844e-01
3.891907284103e-01
3.897232253544e-01
3.902561901601e-01
3.907895795553e-01
3.913233954131e-01
3.918576610695e-01
3.923923242043e-01
3.929274014313e-01
3.934629305944e-01
3.939988811668e-01
3.945352393911e-01
3.950720207126e-01
3.956092290284e-01
3.961468279548e-01
3.966848583974e-01
3.972233337407e-01
3.977621551054e-01
3.983014259937e-01
3.988411679577e-01
3.993812907817e-01
3.999218546507e-01
4.004627460977e-01
4.010040542346e-01
4.015458378412e-01
4.020879613538e-01
4.026305727422e-01
1.104828664654e+00
3.158463433717e+00
6.533384111761e+00
1.121315364318e+01
1.719035906429e+01
2.446272598072e+01
3.303013108642e+01
3.667629996950e+01
2.793911619287e+01
2.007794824257e+01
1.350682504008e+01
8.284072843946e+00
4.398546780717e+00
1.834159572356e+00
5.797999074523e-01
6.288819129248e-01
1.977741825895e+00
2.140637969537e+00
1.325266383440e+00
7.809037335799e-01
5.406551446631e-01
4.580380738112e-01
4.371247183549e-01
4.353787007586e-01
4.376477999726e-01
4.397035900978e-01
4.408937094977e-01
4.414570969704e-01
4.417139298680e-01
4.418727520258e-01
4.420503825616e-01
4.422872124181e-01
4.425932955752e-01
4.429629084239e-01
4.433857734803e-01
4.438431289630e-01
4.443316708776e-01
4.448407817730e-01
4.453647372632e-01
4.458960668676e-01
4.464366248426e-01
4.469825081797e-01
4.475315650818e-01
4.480838687201e-01
4.486397182940e-01
4.491917577325e-01
4.497467184265e-01
4.503021973727e-01
4.508588471084e-01
4.514151982885e-01
4.519743305591e-01
4.525321619941e-01
4.530909447803e-01
4.536498095832e-01
4.542077913514e-01
4.547695824729e-01
4.553277326547e-01
4.558864144736e-01
4.564488970080e-01
4.570074196422e-01
4.575699909315e-01
4.581305821205e-01
4.586923154216e-01
4.592552868299e-01
4.598163657670e-01
4.603801971418e-01
4.609421081161e-01
4.615066261246e-01
4.620717633836e-01
4.626351496535e-01
4.632005906282e-01
4.637624497421e-01
4.643300500053e-01
4.648961117067e-01
4.654623713798e-01
4.660249088137e-01
4.665914553013e-01
4.671585749942e-01
4.677255679193e-01
4.682910502649e-01
4.688605256716e-01
4.694277431230e-01
4.699974868162e-01
4.705656490068e-01
4.711322096684e-01
4.717023681887e-01
4.722726642471e-01
4.728426623467e-01
4.734117019961e-01
4.739805259602e-01
4.745498681757e-01
4.751225299394e-01
4.756924687150e-01
4.762642561852e-01
4.768374905517e-01
4.774063315781e-01
4.779797961254e-01
4.785535427385e-01
4.791266358472e-01
4.796994715313e-01
4.802723655983e-01
4.808431457955e-01
4.814187265510e-01
4.819916656202e-01
4.825687744989e-01
4.831419177612e-01
4.837171741636e-01
4.842915434156e-01
4.848672107674e-01
4.854435620239e-01
4.860193287707e-01
4.865947734498e-01
4.871706712964e-01
4.877456574796e-01
4.883238958676e-01
4.889028102123e-01
4.894783469921e-01
4.900570134905e-01
4.906339534777e-01
4.912122537919e-01
4.917906427245e-01
4.923688285162e-01
4.929483152410e-01
4.935277530512e-01
4.941057012759e-01
4.946862545489e-01
4.952670730623e-01
4.958447144216e-01
4.964243328530e-01
4.970058981001e-01
4.975873632900e-01
4.981668757753e-01
4.987476513792e-01
4.993280012429e-01
4.999125414283e-01
5.004931577550e-01
5.010731178771e-01
5.016557835555e-01
5.022390745960e-01
5.028207157982e-01
5.034042611919e-01
5.039878846261e-01
5.045705468153e-01
5.051531961907e-01
5.057385256524e-01
5.063196900256e-01
5.069047321934e-01
5.074888271829e-01
5.080723211538e-01
5.086582315189e-01
5.092405919884e-01
5.098253100239e-01
5.104125097779e-01
5.109981841583e-01
5.115824112539e-01
5.121672858653e-01
5.127528710275e-01
5.133382913370e-01
5.139260523436e-01
5.145111619015e-01
5.150984819389e-01
5.156838024098e-01
5.162709557767e-01
5.168575757319e-01
5.174446413830e-01
5.180310634878e-01
5.186188292374e-01
5.192070804657e-01
5.197932826852e-01
5.203824124175e-01
5.209699458830e-01
5.215563260400e-01
5.221463147278e-01
5.227326191533e-01
5.233216288558e-01
5.239112603383e-01
5.244999802716e-01
5.250884934891e-01
5.256773611690e-01
5.262658877902e-01
5.268557330926e-01
5.274441835968e-01
5.280340346081e-01
5.286250192508e-01
5.292137857215e-01
5.298027707148e-01
5.303917309403e-01
5.309833752280e-01
5.315727488951e-01
5.321615219077e-01
5.327542129035e-01
5.333425886783e-01
5.339344055669e-01
5.345261207124e-01
5.351139567422e-01
5.357062595197e-01
5.362970893190e-01
5.368866214006e-01
5.374777458331e-01
5.380700877374e-01
5.386611951028e-01
5.392540286666e-01
5.398425561928e-01
5.404340298837e-01
5.410271484668e-01
5.416166409114e-01
5.422108960944e-01
5.428029889940e-01
5.433932187515e-01
5.439836090516e-01
5.445780274397e-01
5.451700952796e-01
5.457589855607e-01
5.463506823315e-01
5.469441315208e-01
5.475378218510e-01
5.481288622098e-01
5.487195415924e-01
5.493149368866e-01
5.499054123774e-01
5.504970671524e-01
5.510893537218e-01
5.516827670563e-01
5.522765964277e-01
5.528674393637e-01
5.534617602702e-01
5.540519422171e-01
5.546433104644e-01
5.552367232188e-01
5.558295692164e-01
5.564211195911e-01
5.570149221827e-01
5.576084092313e-01
5.581996605511e-01
5.587923318326e-01
5.593857493901e-01
5.599783822536e-01
5.605