-1.165629e-05 -6.218793e+06 2.696268e+06
7.668586e+03 -6.218789e+06 2.696266e+06
1.533716e+04 -6.218777e+06 2.696261e+06
2.300572e+04 -6.218757e+06 2.696253e+06
3.067425e+04 -6.218729e+06 2.696241e+06
3.834273e+04 -6.218694e+06 2.696225e+06
4.601117e+04 -6.218650e+06 2.696206e+06
5.367955e+04 -6.218598e+06 2.696184e+06
6.134787e+04 -6.218538e+06 2.696158e+06
6.901610e+04 -6.218471e+06 2.696128e+06
7.668424e+04 -6.218395e+06 2.696096e+06
8.435229e+04 -6.218312e+06 2.696059e+06
9.202023e+04 -6.218220e+06 2.696020e+06
9.968805e+04 -6.218120e+06 2.695977e+06
1.073557e+05 -6.218013e+06 2.695930e+06
1.150233e+05 -6.217898e+06 2.695880e+06
1.226907e+05 -6.217774e+06 2.695826e+06
1.303580e+05 -6.217643e+06 2.695769e+06
1.380250e+05 -6.217504e+06 2.695709e+06
1.456919e+05 -6.217356e+06 2.695645e+06
1.533587e+05 -6.217201e+06 2.695578e+06
1.610252e+05 -6.217038e+06 2.695507e+06
1.686915e+05 -6.216867e+06 2.695433e+06
1.763576e+05 -6.216688e+06 2.695355e+06
1.840235e+05 -6.216501e+06 2.695274e+06
1.916891e+05 -6.216306e+06 2.695190e+06
1.993545e+05 -6.216103e+06 2.695102e+06
2.070197e+05 -6.215892e+06 2.695010e+06
2.146845e+05 -6.215673e+06 2.694915e+06
2.223492e+05 -6.215446e+06 2.694817e+06
2.300135e+05 -6.215211e+06 2.694715e+06
2.376775e+05 -6.214969e+06 2.694610e+06
2.453412e+05 -6.214718e+06 2.694501e+06
2.530046e+05 -6.214459e+06 2.694389e+06
2.606677e+05 -6.214193e+06 2.694274e+06
2.683304e+05 -6.213918e+06 2.694155e+06
2.759928e+05 -6.213636e+06 2.694032e+06
2.836549e+05 -6.213345e+06 2.693906e+06
2.913166e+05 -6.213047e+06 2.693777e+06
2.989779e+05 -6.212740e+06 2.693644e+06
3.066388e+05 -6.212426e+06 2.693508e+06
3.142994e+05 -6.212104e+06 2.693368e+06
3.219595e+05 -6.211774e+06 2.693225e+06
3.296192e+05 -6.211435e+06 2.693078e+06
3.372785e+05 -6.211089e+06 2.692928e+06
3.449374e+05 -6.210735e+06 2.692775e+06
3.525958e+05 -6.210373e+06 2.692618e+06
3.602538e+05 -6.210003e+06 2.692457e+06
3.679113e+05 -6.209625e+06 2.692293e+06
3.755684e+05 -6.209240e+06 2.692126e+06
3.832249e+05 -6.208846e+06 2.691955e+06
3.908810e+05 -6.208444e+06 2.691781e+06
3.985366e+05 -6.208034e+06 2.691603e+06
4.061916e+05 -6.207617e+06 2.691422e+06
4.138462e+05 -6.207191e+06 2.691238e+06
4.215002e+05 -6.206757e+06 2.691050e+06
4.291537e+05 -6.206316e+06 2.690858e+06
4.368066e+05 -6.205866e+06 2.690664e+06
4.444590e+05 -6.205409e+06 2.690465e+06
4.521108e+05 -6.204944e+06 2.690264e+06
4.597620e+05 -6.204471e+06 2.690058e+06
4.674126e+05 -6.203989e+06 2.689850e+06
4.750626e+05 -6.203500e+06 2.689638e+06
4.827121e+05 -6.203003e+06 2.689422e+06
4.903609e+05 -6.202498e+06 2.689203e+06
4.980091e+05 -6.201985e+06 2.688981e+06
5.056566e+05 -6.201464e+06 2.688755e+06
5.133035e+05 -6.200935e+06 2.688526e+06
5.209497e+05 -6.200399e+06 2.688293e+06
5.285953e+05 -6.199854e+06 2.688057e+06
5.362402e+05 -6.199301e+06 2.687817e+06
5.438844e+05 -6.198741e+06 2.687574e+06
5.515279e+05 -6.198172e+06 2.687328e+06
5.591707e+05 -6.197596e+06 2.687078e+06
5.668128e+05 -6.197011e+06 2.686824e+06
5.744542e+05 -6.196419e+06 2.686567e+06
5.820948e+05 -6.195819e+06 2.686307e+06
5.897347e+05 -6.195210e+06 2.686044e+06
5.973738e+05 -6.194594e+06 2.685776e+06
6.050122e+05 -6.193970e+06 2.685506e+06
6.126498e+05 -6.193338e+06 2.685232e+06
6.202866e+05 -6.192698e+06 2.684954e+06
6.279226e+05 -6.192051e+06 2.684674e+06
6.355578e+05 -6.191395e+06 2.684389e+06
6.431922e+05 -6.190731e+06 2.684101e+06
6.508257e+05 -6.190060e+06 2.683810e+06
6.584585e+05 -6.189380e+06 2.683516e+06
6.660904e+05 -6.188693e+06 2.683218e+06
6.737214e+05 -6.187997e+06 2.682916e+06
6.813516e+05 -6.187294e+06 2.682611e+06
6.889809e+05 -6.186583e+06 2.682303e+06
6.966093e+05 -6.185864e+06 2.681991e+06
7.042369e+05 -6.185137e+06 2.681676e+06
7.118635e+05 -6.184402e+06 2.681357e+06
7.194892e+05 -6.183659e+06 2.681035e+06
7.271140e+05 -6.182908e+06 2.680710e+06
7.347379e+05 -6.182149e+06 2.680381e+06
7.423608e+05 -6.181383e+06 2.680048e+06
7.499828e+05 -6.180608e+06 2.679712e+06
7.576038e+05 -6.179826e+06 2.679373e+06
7.652239e+05 -6.179035e+06 2.679030e+06
7.728429e+05 -6.178237e+06 2.678684e+06
7.804610e+05 -6.177431e+06 2.678335e+06
7.880781e+05 -6.176617e+06 2.677982e+06
7.956942e+05 -6.175795e+06 2.677626e+06
8.033092e+05 -6.174965e+06 2.677266e+06
8.109233e+05 -6.174127e+06 2.676902e+06
8.185362e+05 -6.173281e+06 2.676536e+06
8.261482e+05 -6.172428e+06 2.676166e+06
8.337591e+05 -6.171566e+06 2.675792e+06
8.413689e+05 -6.170697e+06 2.675415e+06
8.489776e+05 -6.169820e+06 2.675035e+06
8.565853e+05 -6.168934e+06 2.674651e+06
8.641918e+05 -6.168041e+06 2.674264e+06
8.717973e+05 -6.167140e+06 2.673873e+06
8.794016e+05 -6.166232e+06 2.673479e+06
8.870048e+05 -6.165315e+06 2.673082e+06
8.946069e+05 -6.164390e+06 2.672681e+06
9.022078e+05 -6.163458e+06 2.672276e+06
9.098076e+05 -6.162517e+06 2.671869e+06
9.174062e+05 -6.161569e+06 2.671458e+06
9.250036e+05 -6.160613e+06 2.671043e+06
9.325999e+05 -6.159648e+06 2.670625e+06
9.401949e+05 -6.158676e+06 2.670204e+06
9.477888e+05 -6.157697e+06 2.669779e+06
9.553814e+05 -6.156709e+06 2.669350e+06
9.629729e+05 -6.155713e+06 2.668919e+06
9.705630e+05 -6.154710e+06 2.668484e+06
9.781520e+05 -6.153698e+06 2.668045e+06
9.857397e+05 -6.152679e+06 2.667603e+06
9.933261e+05 -6.151652e+06 2.667158e+06
1.000911e+06 -6.150617e+06 2.666709e+06
1.008495e+06 -6.149574e+06 2.666257e+06
1.016078e+06 -6.148523e+06 2.665801e+06
1.023659e+06 -6.147465e+06 2.665342e+06
1.031239e+06 -6.146398e+06 2.664880e+06
1.038818e+06 -6.145324e+06 2.664414e+06
1.046395e+06 -6.144242e+06 2.663945e+06
1.053971e+06 -6.143151e+06 2.663472e+06
1.061546e+06 -6.142053e+06 2.662996e+06
1.069119e+06 -6.140948e+06 2.662517e+06
1.076691e+06 -6.139834e+06 2.662034e+06
1.084261e+06 -6.138712e+06 2.661548e+06
1.091830e+06 -6.137583e+06 2.661058e+06
1.099398e+06 -6.136446e+06 2.660565e+06
1.106965e+06 -6.135301e+06 2.660069e+06
1.114529e+06 -6.134148e+06 2.659569e+06
1.122093e+06 -6.132987e+06 2.659065e+06
1.129655e+06 -6.131818e+06 2.658559e+06
1.137216e+06 -6.130642e+06 2.658049e+06
1.144775e+06 -6.129457e+06 2.657535e+06
1.152332e+06 -6.128265e+06 2.657018e+06
1.159889e+06 -6.127065e+06 2.656498e+06
1.167443e+06 -6.125857e+06 2.655974e+06
1.174997e+06 -6.124641e+06 2.655447e+06
1.182548e+06 -6.123418e+06 2.654917e+06
1.190099e+06 -6.122187e+06 2.654383e+06
1.197647e+06 -6.120947e+06 2.653845e+06
1.205194e+06 -6.119700e+06 2.653305e+06
1.212740e+06 -6.118445e+06 2.652761e+06
1.220284e+06 -6.117183e+06 2.652213e+06
1.227827e+06 -6.115912e+06 2.651662e+06
1.235368e+06 -6.114634e+06 2.651108e+06
1.242907e+06 -6.113347e+06 2.650550e+06
1.250445e+06 -6.112053e+06 2.649989e+06
1.257981e+06 -6.110751e+06 2.649425e+06
1.265515e+06 -6.109442e+06 2.648857e+06
1.273048e+06 -6.108124e+06 2.648286e+06
1.280580e+06 -6.106799e+06 2.647711e+06
1.288109e+06 -6.105466e+06 2.647133e+06
1.295637e+06 -6.104125e+06 2.646552e+06
1.303164e+06 -6.102776e+06 2.645967e+06
1.310688e+06 -6.101419e+06 2.645379e+06
1.318211e+06 -6.100055e+06 2.644787e+06
1.325733e+06 -6.098683e+06 2.644192e+06
1.333252e+06 -6.097303e+06 2.643594e+06
1.340770e+06 -6.095915e+06 2.642992e+06
1.348286e+06 -6.094519e+06 2.642387e+06
1.355801e+06 -6.093116e+06 2.641779e+06
1.363314e+06 -6.091705e+06 2.641167e+06
1.370825e+06 -6.090286e+06 2.640551e+06
1.378334e+06 -6.088859e+06 2.639933e+06
1.385841e+06 -6.087424e+06 2.639311e+06
1.393347e+06 -6.085982e+06 2.638685e+06
1.400851e+06 -6.084531e+06 2.638057e+06
1.408353e+06 -6.083073e+06 2.637425e+06
1.415853e+06 -6.081608e+06 2.636789e+06
1.423352e+06 -6.080134e+06 2.636150e+06
1.430849e+06 -6.078653e+06 2.635508e+06
1.438344e+06 -6.077164e+06 2.634862e+06
1.445837e+06 -6.075667e+06 2.634213e+06
1.453328e+06 -6.074162e+06 2.633561e+06
1.460817e+06 -6.072650e+06 2.632905e+06
1.468304e+06 -6.071129e+06 2.632246e+06
1.475790e+06 -6.069601e+06 2.631583e+06
1.483274e+06 -6.068066e+06 2.630918e+06
1.490755e+06 -6.066522e+06 2.630248e+06
1.498235e+06 -6.064971e+06 2.629576e+06
1.505713e+06 -6.063412e+06 2.628900e+06
1.513189e+06 -6.061845e+06 2.628221e+06
1.520663e+06 -6.060270e+06 2.627538e+06
1.528135e+06 -6.058688e+06 2.626852e+06
1.535606e+06 -6.057098e+06 2.626162e+06
1.543074e+06 -6.055500e+06 2.625470e+06
1.550540e+06 -6.053895e+06 2.624773e+06
1.558004e+06 -6.052281e+06 2.624074e+06
1.565467e+06 -6.050660e+06 2.623371e+06
1.572927e+06 -6.049031e+06 2.622665e+06
1.580385e+06 -6.047395e+06 2.621955e+06
1.587841e+06 -6.045750e+06 2.621242e+06
1.595296e+06 -6.044098e+06 2.620526e+06
1.602748e+06 -6.042439e+06 2.619807e+06
1.610198e+06 -6.040771e+06 2.619084e+06
1.617646e+06 -6.039096e+06 2.618357e+06
1.625092e+06 -6.037413e+06 2.617628e+06
1.632536e+06 -6.035722e+06 2.616894e+06
1.639977e+06 -6.034024e+06 2.616158e+06
1.647417e+06 -6.032317e+06 2.615418e+06
1.654855e+06 -6.030604e+06 2.614675e+06
1.662290e+06 -6.028882e+06 2.613929e+06
1.669723e+06 -6.027153e+06 2.613179e+06
1.677155e+06 -6.025416e+06 2.612426e+06
1.684584e+06 -6.023671e+06 2.611669e+06
1.692011e+06 -6.021918e+06 2.610910e+06
1.699435e+06 -6.020158e+06 2.610146e+06
1.706858e+06 -6.018390e+06 2.609380e+06
1.714278e+06 -6.016615e+06 2.608610e+06
1.721696e+06 -6.014831e+06 2.607837e+06
1.729112e+06 -6.013040e+06 2.607060e+06
1.736526e+06 -6.011242e+06 2.606281e+06
1.743938e+06 -6.009435e+06 2.605497e+06
1.751347e+06 -6.007621e+06 2.604711e+06
1.758754e+06 -6.005800e+06 2.603921e+06
1.766159e+06 -6.003970e+06 2.603128e+06
1.773561e+06 -6.002133e+06 2.602331e+06
1.780962e+06 -6.000288e+06 2.601532e+06
1.788360e+06 -5.998436e+06 2.600728e+06
1.795755e+06 -5.996576e+06 2.599922e+06
1.803149e+06 -5.994708e+06 2.599112e+06
1.810540e+06 -5.992832e+06 2.598299e+06
1.817929e+06 -5.990949e+06 2.597482e+06
1.825315e+06 -5.989058e+06 2.596663e+06
1.832699e+06 -5.987160e+06 2.595839e+06
1.840081e+06 -5.985253e+06 2.595013e+06
1.847461e+06 -5.983340e+06 2.594183e+06
1.854838e+06 -5.981418e+06 2.593350e+06
1.862212e+06 -5.979489e+06 2.592514e+06
1.869585e+06 -5.977552e+06 2.591674e+06
1.876955e+06 -5.975608e+06 2.590831e+06
1.884322e+06 -5.973656e+06 2.589984e+06
1.891687e+06 -5.971696e+06 2.589135e+06
1.899050e+06 -5.969728e+06 2.588282e+06
1.906410e+06 -5.967753e+06 2.587425e+06
1.913768e+06 -5.965771e+06 2.586566e+06
1.921123e+06 -5.963780e+06 2.585703e+06
1.928476e+06 -5.961782e+06 2.584837e+06
1.935826e+06 -5.959777e+06 2.583967e+06
1.943174e+06 -5.957764e+06 2.583094e+06
1.950520e+06 -5.955743e+06 2.582218e+06
1.957863e+06 -5.953714e+06 2.581339e+06
1.965203e+06 -5.951678e+06 2.580456e+06
1.972541e+06 -5.949635e+06 2.579570e+06
1.979877e+06 -5.947583e+06 2.578680e+06
1.987210e+06 -5.945524e+06 2.577788e+06
1.994540e+06 -5.943458e+06 2.576892e+06
2.001868e+06 -5.941384e+06 2.575992e+06
2.009193e+06 -5.939302e+06 2.575090e+06
2.016516e+06 -5.937212e+06 2.574184e+06
2.023836e+06 -5.935116e+06 2.573275e+06
2.031153e+06 -5.933011e+06 2.572362e+06
2.038468e+06 -5.930899e+06 2.571447e+06
2.045780e+06 -5.928779e+06 2.570527e+06
2.053090e+06 -5.926652e+06 2.569605e+06
2.060397e+06 -5.924517e+06 2.568679e+06
2.067701e+06 -5.922374e+06 2.567751e+06
2.075003e+06 -5.920224e+06 2.566818e+06
2.082302e+06 -5.918067e+06 2.565883e+06
2.089599e+06 -5.915901e+06 2.564944e+06
2.096892e+06 -5.913729e+06 2.564002e+06
2.104183e+06 -5.911548e+06 2.563057e+06
2.111472e+06 -5.909360e+06 2.562108e+06
2.118757e+06 -5.907165e+06 2.561156e+06
2.126040e+06 -5.904962e+06 2.560201e+06
2.133321e+06 -5.902751e+06 2.559243e+06
2.140598e+06 -5.900533e+06 2.558281e+06
2.147873e+06 -5.898307e+06 2.557316e+06
2.155145e+06 -5.896074e+06 2.556348e+06
2.162414e+06 -5.893833e+06 2.555376e+06
2.169681e+06 -5.891585e+06 2.554401e+06
2.176944e+06 -5.889329e+06 2.553423e+06
2.184205e+06 -5.887065e+06 2.552442e+06
2.191463e+06 -5.884794e+06 2.551457e+06
2.198719e+06 -5.882516e+06 2.550469e+06
2.205971e+06 -5.880230e+06 2.549478e+06
2.213221e+06 -5.877936e+06 2.548484e+06
2.220468e+06 -5.875635e+06 2.547486e+06
2.227712e+06 -5.873327e+06 2.546485e+06
2.234953e+06 -5.871010e+06 2.545481e+06
2.242191e+06 -5.868687e+06 2.544473e+06
2.249427e+06 -5.866356e+06 2.543463e+06
2.256659e+06 -5.864017e+06 2.542449e+06
2.263889e+06 -5.861671e+06 2.541431e+06
2.271116e+06 -5.859317e+06 2.540411e+06
2.278339e+06 -5.856956e+06 2.539387e+06
2.285560e+06 -5.854587e+06 2.538360e+06
2.292778e+06 -5.852211e+06 2.537330e+06
2.299993e+06 -5.849827e+06 2.536297e+06
2.307206e+06 -5.847436e+06 2.535260e+06
2.314415e+06 -5.845038e+06 2.534220e+06
2.321621e+06 -5.842631e+06 2.533177e+06
2.328824e+06 -5.840218e+06 2.532130e+06
2.336024e+06 -5.837797e+06 2.531080e+06
2.343222e+06 -5.835368e+06 2.530028e+06
2.350416e+06 -5.832932e+06 2.528971e+06
2.357607e+06 -5.830489e+06 2.527912e+06
2.364795e+06 -5.828038e+06 2.526849e+06
2.371981e+06 -5.825579e+06 2.525783e+06
2.379163e+06 -5.823114e+06 2.524714e+06
2.386342e+06 -5.820640e+06 2.523642e+06
2.393518e+06 -5.818159e+06 2.522566e+06
2.400691e+06 -5.815671e+06 2.521488e+06
2.407861e+06 -5.813176e+06 2.520406e+06
2.415028e+06 -5.810673e+06 2.519320e+06
2.422192e+06 -5.808162e+06 2.518232e+06
2.429352e+06 -5.805644e+06 2.517140e+06
2.436510e+06 -5.803119e+06 2.516045e+06
2.443664e+06 -5.800586e+06 2.514947e+06
2.450816e+06 -5.798046e+06 2.513846e+06
2.457964e+06 -5.795498e+06 2.512741e+06
2.465109e+06 -5.792943e+06 2.511633e+06
2.472251e+06 -5.790380e+06 2.510522e+06
2.479390e+06 -5.787810e+06 2.509408e+06
2.486525e+06 -5.785233e+06 2.508291e+06
2.493657e+06 -5.782648e+06 2.507170e+06
2.500787e+06 -5.780056e+06 2.506046e+06
2.507913e+06 -5.777457e+06 2.504919e+06
2.515035e+06 -5.774850e+06 2.503789e+06
2.522155e+06 -5.772235e+06 2.502655e+06
2.529271e+06 -5.769614e+06 2.501518e+06
2.536384e+06 -5.766985e+06 2.500379e+06
2.543494e+06 -5.764348e+06 2.499236e+06
2.550601e+06 -5.761704e+06 2.498089e+06
2.557704e+06 -5.759053e+06 2.496940e+06
2.564804e+06 -5.756394e+06 2.495787e+06
2.571901e+06 -5.753729e+06 2.494631e+06
2.578994e+06 -5.751055e+06 2.493472e+06
2.586084e+06 -5.748374e+06 2.492310e+06
2.593171e+06 -5.745686e+06 2.491144e+06
2.600255e+06 -5.742991e+06 2.489976e+06
2.607335e+06 -5.740288e+06 2.488804e+06
2.614412e+06 -5.737578e+06 2.487629e+06
2.621485e+06 -5.734861e+06 2.486451e+06
2.628555e+06 -5.732136e+06 2.485269e+06
2.635622e+06 -5.729404e+06 2.484085e+06
2.642686e+06 -5.726664e+06 2.482897e+06
2.649746e+06 -5.723918e+06 2.481706e+06
2.656802e+06 -5.721163e+06 2.480512e+06
2.663856e+06 -5.718402e+06 2.479315e+06
2.670905e+06 -5.715633e+06 2.478114e+06
2.677952e+06 -5.712857e+06 2.476911e+06
2.684995e+06 -5.710074e+06 2.475704e+06
2.692034e+06 -5.707283e+06 2.474494e+06
2.699070e+06 -5.704485e+06 2.473281e+06
2.706103e+06 -5.701680e+06 2.472065e+06
2.713132e+06 -5.698867e+06 2.470845e+06
2.720158e+06 -5.696047e+06 2.469622e+06
2.727180e+06 -5.693220e+06 2.468397e+06
2.734199e+06 -5.690386e+06 2.467168e+06
2.741214e+06 -5.687544e+06 2.465936e+06
2.748226e+06 -5.684695e+06 2.464700e+06
2.755234e+06 -5.681839e+06 2.463462e+06
2.762239e+06 -5.678975e+06 2.462220e+06
2.769240e+06 -5.676104e+06 2.460976e+06
2.776238e+06 -5.673226e+06 2.459728e+06
2.783232e+06 -5.670341e+06 2.458477e+06
2.790222e+06 -5.667448e+06 2.457223e+06
2.797209e+06 -5.664548e+06 2.455965e+06
2.804192e+06 -5.661641e+06 2.454705e+06
2.811172e+06 -5.658727e+06 2.453441e+06
2.818148e+06 -5.655805e+06 2.452175e+06
2.825121e+06 -5.652876e+06 2.450905e+06
2.832090e+06 -5.649940e+06 2.449632e+06
2.839055e+06 -5.646997e+06 2.448356e+06
2.846017e+06 -5.644046e+06 2.447076e+06
2.852975e+06 -5.641088e+06 2.445794e+06
2.859929e+06 -5.638123e+06 2.444508e+06
2.866880e+06 -5.635151e+06 2.443220e+06
2.873827e+06 -5.632172e+06 2.441928e+06
2.880770e+06 -5.629185e+06 2.440633e+06
2.887710e+06 -5.626191e+06 2.439335e+06
2.894646e+06 -5.623190e+06 2.438034e+06
2.901578e+06 -5.620182e+06 2.436730e+06
2.908507e+06 -5.617166e+06 2.435422e+06
2.915432e+06 -5.614144e+06 2.434112e+06
2.922353e+06 -5.611114e+06 2.432798e+06
2.929270e+06 -5.608077e+06 2.431481e+06
2.936184e+06 -5.605033e+06 2.430161e+06
2.943094e+06 -5.601981e+06 2.428838e+06
2.950000e+06 -5.598923e+06 2.427512e+06
2.956902e+06 -5.595857e+06 2.426183e+06
2.963801e+06 -5.592784e+06 2.424851e+06
2.970695e+06 -5.589704e+06 2.423515e+06
2.977586e+06 -5.586617e+06 2.422177e+06
2.984473e+06 -5.583523e+06 2.420835e+06
2.991357e+06 -5.580421e+06 2.419491e+06
2.998236e+06 -5.577313e+06 2.418143e+06
3.005112e+06 -5.574197e+06 2.416792e+06
3.011984e+06 -5.571074e+06 2.415438e+06
3.018851e+06 -5.567944e+06 2.414081e+06
3.025716e+06 -5.564807e+06 2.412721e+06
3.032576e+06 -5.561662e+06 2.411358e+06
3.039432e+06 -5.558511e+06 2.409991e+06
3.046284e+06 -5.555353e+06 2.408622e+06
3.053133e+06 -5.552187e+06 2.407249e+06
3.059978e+06 -5.549014e+06 2.405874e+06
3.066818e+06 -5.545834e+06 2.404495e+06
3.073655e+06 -5.542647e+06 2.403113e+06
3.080488e+06 -5.539453e+06 2.401728e+06
3.087317e+06 -5.536252e+06 2.400341e+06
3.094142e+06 -5.533044e+06 2.398950e+06
3.100963e+06 -5.529829e+06 2.397556e+06
3.107780e+06 -5.526606e+06 2.396158e+06
3.114593e+06 -5.523377e+06 2.394758e+06
3.121402e+06 -5.520141e+06 2.393355e+06
3.128207e+06 -5.516897e+06 2.391949e+06
3.135008e+06 -5.513646e+06 2.390539e+06
3.141805e+06 -5.510389e+06 2.389127e+06
3.148598e+06 -5.507124e+06 2.387711e+06
3.155387e+06 -5.503852e+06 2.386293e+06
3.162172e+06 -5.500573e+06 2.384871e+06
3.168953e+06 -5.497287e+06 2.383447e+06
3.175730e+06 -5.493995e+06 2.382019e+06
3.182503e+06 -5.490695e+06 2.380588e+06
3.189271e+06 -5.487388e+06 2.379154e+06
3.196036e+06 -5.484074e+06 2.377718e+06
3.202796e+06 -5.480753e+06 2.376278e+06
3.209553e+06 -5.477425e+06 2.374835e+06
3.216305e+06 -5.474090e+06 2.373389e+06
3.223053e+06 -5.470748e+06 2.371940e+06
3.229797e+06 -5.467398e+06 2.370488e+06
3.236537e+06 -5.464042e+06 2.369033e+06
3.243273e+06 -5.460679e+06 2.367575e+06
3.250005e+06 -5.457309e+06 2.366113e+06
3.256732e+06 -5.453932e+06 2.364649e+06
3.263456e+06 -5.450548e+06 2.363182e+06
3.270175e+06 -5.447157e+06 2.361712e+06
3.276890e+06 -5.443759e+06 2.360239e+06
3.283601e+06 -5.440355e+06 2.358762e+06
3.290307e+06 -5.436943e+06 2.357283e+06
3.297010e+06 -5.433524e+06 2.355801e+06
3.303708e+06 -5.430098e+06 2.354315e+06
3.310402e+06 -5.426665e+06 2.352827e+06
3.317091e+06 -5.423226e+06 2.351336e+06
3.323777e+06 -5.419779e+06 2.349841e+06
3.330458e+06 -5.416325e+06 2.348344e+06
3.337135e+06 -5.412865e+06 2.346844e+06
3.343807e+06 -5.409397e+06 2.345340e+06
3.350476e+06 -5.405923e+06 2.343834e+06
3.357140e+06 -5.402442e+06 2.342325e+06
3.363800e+06 -5.398954e+06 2.340812e+06
3.370455e+06 -5.395459e+06 2.339297e+06
3.377106e+06 -5.391957e+06 2.337779e+06
3.383753e+06 -5.388448e+06 2.336257e+06
3.390395e+06 -5.384932e+06 2.334733e+06
3.397034e+06 -5.381409e+06 2.333205e+06
3.403667e+06 -5.377880e+06 2.331675e+06
3.410297e+06 -5.374343e+06 2.330142e+06
3.416922e+06 -5.370800e+06 2.328606e+06
3.423543e+06 -5.367250e+06 2.327066e+06
3.430159e+06 -5.363692e+06 2.325524e+06
3.436771e+06 -5.360128e+06 2.323979e+06
3.443379e+06 -5.356558e+06 2.322431e+06
3.449982e+06 -5.352980e+06 2.320880e+06
3.456580e+06 -5.349395e+06 2.319325e+06
3.463175e+06 -5.345804e+06 2.317768e+06
3.469765e+06 -5.342206e+06 2.316208e+06
3.476350e+06 -5.338601e+06 2.314645e+06
3.482931e+06 -5.334989e+06 2.313079e+06
3.489507e+06 -5.331370e+06 2.311510e+06
3.496079e+06 -5.327745e+06 2.309938e+06
3.502647e+06 -5.324112e+06 2.308363e+06
3.509210e+06 -5.320473e+06 2.306786e+06
3.515769e+06 -5.316827e+06 2.305205e+06
3.522323e+06 -5.313174e+06 2.303621e+06
3.528872e+06 -5.309515e+06 2.302034e+06
3.535417e+06 -5.305848e+06 2.300445e+06
3.541958e+06 -5.302175e+06 2.298852e+06
3.548494e+06 -5.298495e+06 2.297257e+06
3.555025e+06 -5.294808e+06 2.295658e+06
3.561552e+06 -5.291115e+06 2.294057e+06
3.568075e+06 -5.287415e+06 2.292453e+06
3.574593e+06 -5.283708e+06 2.290845e+06
3.581106e+06 -5.279994e+06 2.289235e+06
3.587614e+06 -5.276273e+06 2.287622e+06
3.594118e+06 -5.272546e+06 2.286006e+06
3.600618e+06 -5.268812e+06 2.284387e+06
3.607113e+06 -5.265071e+06 2.282765e+06
3.613603e+06 -5.261323e+06 2.281140e+06
3.620089e+06 -5.257569e+06 2.279512e+06
3.626569e+06 -5.253808e+06 2.277882e+06
3.633046e+06 -5.250040e+06 2.276248e+06
3.639517e+06 -5.246266e+06 2.274612e+06
3.645984e+06 -5.242485e+06 2.272972e+06
3.652447e+06 -5.238697e+06 2.271330e+06
3.658904e+06 -5.234902e+06 2.269685e+06
3.665357e+06 -5.231101e+06 2.268037e+06
3.671806e+06 -5.227293e+06 2.266386e+06
3.678249e+06 -5.223478e+06 2.264732e+06
3.684688e+06 -5.219657e+06 2.263075e+06
3.691122e+06 -5.215829e+06 2.261415e+06
3.697552e+06 -5.211994e+06 2.259752e+06
3.703976e+06 -5.208152e+06 2.258087e+06
3.710396e+06 -5.204304e+06 2.256419e+06
3.716812e+06 -5.200450e+06 2.254747e+06
3.723222e+06 -5.196588e+06 2.253073e+06
3.729628e+06 -5.192720e+06 2.251396e+06
3.736029e+06 -5.188845e+06 2.249716e+06
3.742425e+06 -5.184964e+06 2.248033e+06
3.748816e+06 -5.181076e+06 2.246348e+06
3.755203e+06 -5.177181e+06 2.244659e+06
3.761584e+06 -5.173280e+06 2.242968e+06
3.767961e+06 -5.169372e+06 2.241273e+06
3.774334e+06 -5.165458e+06 2.239576e+06
3.780701e+06 -5.161537e+06 2.237876e+06
3.787063e+06 -5.157609e+06 2.236173e+06
3.793421e+06 -5.153675e+06 2.234467e+06
3.799774e+06 -5.149734e+06 2.232759e+06
3.806121e+06 -5.145786e+06 2.231047e+06
3.812464e+06 -5.141832e+06 2.229333e+06
3.818802e+06 -5.137872e+06 2.227616e+06
3.825136e+06 -5.133905e+06 2.225895e+06
3.831464e+06 -5.129931e+06 2.224173e+06
3.837787e+06 -5.125950e+06 2.222447e+06
3.844106e+06 -5.121963e+06 2.220718e+06
3.850420e+06 -5.117970e+06 2.218987e+06
3.856728e+06 -5.113970e+06 2.217252e+06
3.863032e+06 -5.109963e+06 2.215515e+06
3.869331e+06 -5.105950e+06 2.213775e+06
3.875625e+06 -5.101931e+06 2.212033e+06
3.881913e+06 -5.097904e+06 2.210287e+06
3.888197e+06 -5.093872e+06 2.208539e+06
3.894476e+06 -5.089832e+06 2.206787e+06
3.900750e+06 -5.085787e+06 2.205033e+06
3.907019e+06 -5.081734e+06 2.203276e+06
3.913283e+06 -5.077676e+06 2.201516e+06
3.919542e+06 -5.073610e+06 2.199754e+06
3.925796e+06 -5.069539e+06 2.197989e+06
3.932045e+06 -5.065460e+06 2.196220e+06
3.938289e+06 -5.061376e+06 2.194449e+06
3.944528e+06 -5.057284e+06 2.192676e+06
3.950761e+06 -5.053187e+06 2.190899e+06
3.956990e+06 -5.049083e+06 2.189119e+06
3.963214e+06 -5.044972e+06 2.187337e+06
3.969432e+06 -5.040855e+06 2.185552e+06
3.975646e+06 -5.036731e+06 2.183764e+06
3.981854e+06 -5.032602e+06 2.181974e+06
3.988057e+06 -5.028465e+06 2.180180e+06
3.994256e+06 -5.024322e+06 2.178384e+06
4.000449e+06 -5.020173e+06 2.176585e+06
4.006637e+06 -5.016017e+06 2.174783e+06
4.012820e+06 -5.011855e+06 2.172979e+06
4.018997e+06 -5.007687e+06 2.171171e+06
4.025170e+06 -5.003512e+06 2.169361e+06
4.031337e+06 -4.999330e+06 2.167548e+06
4.037499e+06 -4.995143e+06 2.165733e+06
4.043657e+06 -4.990948e+06 2.163914e+06
4.049808e+06 -4.986748e+06 2.162093e+06
4.055955e+06 -4.982541e+06 2.160269e+06
4.062097e+06 -4.978328e+06 2.158442e+06
4.068233e+06 -4.974108e+06 2.156613e+06
4.074364e+06 -4.969882e+06 2.154781e+06
4.080490e+06 -4.965650e+06 2.152946e+06
4.086611e+06 -4.961411e+06 2.151108e+06
4.092726e+06 -4.957166e+06 2.149267e+06
4.098836e+06 -4.952914e+06 2.147424e+06
4.104941e+06 -4.948657e+06 2.145578e+06
4.111041e+06 -4.944392e+06 2.143729e+06
4.117136e+06 -4.940122e+06 2.141878e+06
4.123225e+06 -4.935845e+06 2.140023e+06
4.129309e+06 -4.931562e+06 2.138166e+06
4.135387e+06 -4.927273e+06 2.136307e+06
4.141461e+06 -4.922977e+06 2.134444e+06
4.147529e+06 -4.918675e+06 2.132579e+06
4.153591e+06 -4.914367e+06 2.130711e+06
4.159649e+06 -4.910052e+06 2.128840e+06
4.165701e+06 -4.905731e+06 2.126967e+06
4.171748e+06 -4.901404e+06 2.125091e+06
4.177789e+06 -4.897071e+06 2.123212e+06
4.183825e+06 -4.892731e+06 2.121330e+06
4.189856e+06 -4.888385e+06 2.119446e+06
4.195881e+06 -4.884033e+06 2.117559e+06
4.201901e+06 -4.879674e+06 2.115669e+06
4.207916e+06 -4.875310e+06 2.113777e+06
4.213925e+06 -4.870939e+06 2.111882e+06
4.219929e+06 -4.866561e+06 2.109984e+06
4.225927e+06 -4.862178e+06 2.108084e+06
4.231920e+06 -4.857788e+06 2.106180e+06
4.237908e+06 -4.853392e+06 2.104274e+06
4.243890e+06 -4.848990e+06 2.102366e+06
4.249866e+06 -4.844582e+06 2.100455e+06
4.255838e+06 -4.840168e+06 2.098541e+06
4.261804e+06 -4.835747e+06 2.096624e+06
4.267764e+06 -4.831320e+06 2.094705e+06
4.273719e+06 -4.826887e+06 2.092783e+06
4.279668e+06 -4.822448e+06 2.090858e+06
4.285612e+06 -4.818002e+06 2.088930e+06
4.291551e+06 -4.813551e+06 2.087000e+06
4.297484e+06 -4.809093e+06 2.085068e+06
4.303411e+06 -4.804629e+06 2.083132e+06
4.309333e+06 -4.800159e+06 2.081194e+06
4.315250e+06 -4.795683e+06 2.079253e+06
4.321161e+06 -4.791201e+06 2.077310e+06
4.327066e+06 -4.786712e+06 2.075364e+06
4.332966e+06 -4.782218e+06 2.073415e+06
4.338860e+06 -4.777717e+06 2.071464e+06
4.344749e+06 -4.773210e+06 2.069510e+06
4.350632e+06 -4.768697e+06 2.067553e+06
4.356510e+06 -4.764178e+06 2.065594e+06
4.362382e+06 -4.759653e+06 2.063632e+06
4.368248e+06 -4.755122e+06 2.061667e+06
4.374109e+06 -4.750584e+06 2.059700e+06
4.379965e+06 -4.746041e+06 2.057730e+06
4.385814e+06 -4.741492e+06 2.055758e+06
4.391658e+06 -4.736936e+06 2.053783e+06
4.397497e+06 -4.732374e+06 2.051805e+06
4.403330e+06 -4.727807e+06 2.049825e+06
4.409157e+06 -4.723233e+06 2.047842e+06
4.414978e+06 -4.718653e+06 2.045856e+06
4.420794e+06 -4.714068e+06 2.043868e+06
4.426605e+06 -4.709476e+06 2.041877e+06
4.432409e+06 -4.704878e+06 2.039883e+06
4.438208e+06 -4.700274e+06 2.037887e+06
4.444001e+06 -4.695664e+06 2.035889e+06
4.449789e+06 -4.691048e+06 2.033887e+06
4.455571e+06 -4.686426e+06 2.031883e+06
4.461347e+06 -4.681798e+06 2.029877e+06
4.467117e+06 -4.677164e+06 2.027868e+06
4.472882e+06 -4.672525e+06 2.025856e+06
4.478641e+06 -4.667879e+06 2.023842e+06
4.484394e+06 -4.663227e+06 2.021825e+06
4.490141e+06 -4.658569e+06 2.019805e+06
4.495883e+06 -4.653905e+06 2.017783e+06
4.501619e+06 -4.649236e+06 2.015759e+06
4.507349e+06 -4.644560e+06 2.013731e+06
4.513074e+06 -4.639878e+06 2.011702e+06
4.518793e+06 -4.635191e+06 2.009669e+06
4.524506e+06 -4.630497e+06 2.007634e+06
4.530213e+06 -4.625798e+06 2.005597e+06
4.535914e+06 -4.621092e+06 2.003557e+06
4.541609e+06 -4.616381e+06 2.001514e+06
4.547299e+06 -4.611664e+06 1.999469e+06
4.552983e+06 -4.606941e+06 1.997421e+06
4.558661e+06 -4.602212e+06 1.995371e+06
4.564333e+06 -4.597477e+06 1.993318e+06
4.570000e+06 -4.592736e+06 1.991262e+06
4.575660e+06 -4.587990e+06 1.989204e+06
4.581315e+06 -4.583237e+06 1.987144e+06
4.586964e+06 -4.578479e+06 1.985081e+06
4.592607e+06 -4.573715e+06 1.983015e+06
4.598244e+06 -4.568945e+06 1.980947e+06
4.603875e+06 -4.564169e+06 1.978876e+06
4.609500e+06 -4.559387e+06 1.976803e+06
4.615119e+06 -4.554599e+06 1.974727e+06
4.620733e+06 -4.549806e+06 1.972649e+06
4.626340e+06 -4.545007e+06 1.970568e+06
4.631942e+06 -4.540201e+06 1.968485e+06
4.637538e+06 -4.535391e+06 1.966399e+06
4.643128e+06 -4.530574e+06 1.964311e+06
4.648711e+06 -4.525751e+06 1.962220e+06
4.654289e+06 -4.520923e+06 1.960126e+06
4.659861e+06 -4.516089e+06 1.958031e+06
4.665427e+06 -4.511249e+06 1.955932e+06
4.670987e+06 -4.506404e+06 1.953831e+06
4.676541e+06 -4.501552e+06 1.951728e+06
4.682089e+06 -4.496695e+06 1.949622e+06
4.687631e+06 -4.491832e+06 1.947514e+06
4.693167e+06 -4.486963e+06 1.945403e+06
4.698697e+06 -4.482089e+06 1.943289e+06
4.704221e+06 -4.477209e+06 1.941173e+06
4.709739e+06 -4.472323e+06 1.939055e+06
4.715251e+06 -4.467431e+06 1.936934e+06
4.720757e+06 -4.462534e+06 1.934811e+06
4.726257e+06 -4.457631e+06 1.932685e+06
4.731751e+06 -4.452722e+06 1.930557e+06
4.737238e+06 -4.447808e+06 1.928426e+06
4.742720e+06 -4.442888e+06 1.926293e+06
4.748196e+06 -4.437962e+06 1.924157e+06
4.753665e+06 -4.433030e+06 1.922019e+06
4.759129e+06 -4.428093e+06 1.919878e+06
4.764586e+06 -4.423150e+06 1.917735e+06
4.770037e+06 -4.418202e+06 1.915590e+06
4.775483e+06 -4.413248e+06 1.913442e+06
4.780922e+06 -4.408288e+06 1.911292e+06
4.786355e+06 -4.403323e+06 1.909139e+06
4.791781e+06 -4.398351e+06 1.906983e+06
4.797202e+06 -4.393375e+06 1.904826e+06
4.802617e+06 -4.388392e+06 1.902665e+06
4.808025e+06 -4.383404e+06 1.900503e+06
4.813427e+06 -4.378411e+06 1.898338e+06
4.818823e+06 -4.373412e+06 1.896170e+06
4.824213e+06 -4.368407e+06 1.894000e+06
4.829597e+06 -4.363397e+06 1.891828e+06
4.834974e+06 -4.358381e+06 1.889653e+06
4.840346e+06 -4.353359e+06 1.887476e+06
4.845711e+06 -4.348332e+06 1.885297e+06
4.851070e+06 -4.343299e+06 1.883115e+06
4.856423e+06 -4.338261e+06 1.880930e+06
4.861769e+06 -4.333217e+06 1.878743e+06
4.867110e+06 -4.328168e+06 1.876554e+06
4.872444e+06 -4.323113e+06 1.874363e+06
4.877771e+06 -4.318053e+06 1.872168e+06
4.883093e+06 -4.312987e+06 1.869972e+06
4.888408e+06 -4.307915e+06 1.867773e+06
4.893718e+06 -4.302839e+06 1.865572e+06
4.899020e+06 -4.297756e+06 1.863368e+06
4.904317e+06 -4.292668e+06 1.861162e+06
4.909607e+06 -4.287575e+06 1.858954e+06
4.914891e+06 -4.282476e+06 1.856743e+06
4.920169e+06 -4.277371e+06 1.854530e+06
4.925440e+06 -4.272261e+06 1.852315e+06
4.930705e+06 -4.267146e+06 1.850097e+06
4.935964e+06 -4.262025e+06 1.847877e+06
4.941217e+06 -4.256899e+06 1.845654e+06
4.946463e+06 -4.251767e+06 1.843429e+06
4.951703e+06 -4.246630e+06 1.841202e+06
4.956936e+06 -4.241487e+06 1.838972e+06
4.962163e+06 -4.236339e+06 1.836740e+06
4.967384e+06 -4.231186e+06 1.834506e+06
4.972598e+06 -4.226027e+06 1.832269e+06
4.977807e+06 -4.220863e+06 1.830030e+06
4.983008e+06 -4.215693e+06 1.827789e+06
4.988204e+06 -4.210518e+06 1.825545e+06
4.993392e+06 -4.205337e+06 1.823299e+06
4.998575e+06 -4.200152e+06 1.821050e+06
5.003751e+06 -4.194960e+06 1.818800e+06
5.008921e+06 -4.189764e+06 1.816546e+06
5.014084e+06 -4.184562e+06 1.814291e+06
5.019241e+06 -4.179354e+06 1.812033e+06
5.024392e+06 -4.174142e+06 1.809773e+06
5.029536e+06 -4.168924e+06 1.807511e+06
5.034673e+06 -4.163700e+06 1.805246e+06
5.039804e+06 -4.158472e+06 1.802979e+06
5.044929e+06 -4.153238e+06 1.800710e+06
5.050047e+06 -4.147998e+06 1.798438e+06
5.055159e+06 -4.142754e+06 1.796164e+06
5.060264e+06 -4.137504e+06 1.793888e+06
5.065363e+06 -4.132249e+06 1.791610e+06
5.070456e+06 -4.126988e+06 1.789329e+06
5.075542e+06 -4.121722e+06 1.787046e+06
5.080621e+06 -4.116451e+06 1.784761e+06
5.085694e+06 -4.111175e+06 1.782473e+06
5.090760e+06 -4.105893e+06 1.780183e+06
5.095820e+06 -4.100606e+06 1.777891e+06
5.100873e+06 -4.095314e+06 1.775596e+06
5.105920e+06 -4.090017e+06 1.773299e+06
5.110960e+06 -4.084714e+06 1.771000e+06
5.115994e+06 -4.079406e+06 1.768699e+06
5.121021e+06 -4.074093e+06 1.766396e+06
5.126042e+06 -4.068775e+06 1.764090e+06
5.131056e+06 -4.063452e+06 1.761782e+06
5.136063e+06 -4.058123e+06 1.759471e+06
5.141064e+06 -4.052789e+06 1.757159e+06
5.146059e+06 -4.047450e+06 1.754844e+06
5.151046e+06 -4.042106e+06 1.752527e+06
5.156028e+06 -4.036757e+06 1.750207e+06
5.161002e+06 -4.031402e+06 1.747886e+06
5.165970e+06 -4.026042e+06 1.745562e+06
5.170931e+06 -4.020677e+06 1.743236e+06
5.175886e+06 -4.015307e+06 1.740908e+06
5.180834e+06 -4.009932e+06 1.738577e+06
5.185776e+06 -4.004552e+06 1.736245e+06
5.190710e+06 -3.999166e+06 1.733910e+06
5.195639e+06 -3.993776e+06 1.731572e+06
5.200560e+06 -3.988380e+06 1.729233e+06
5.205475e+06 -3.982979e+06 1.726891e+06
5.210383e+06 -3.977574e+06 1.724548e+06
5.215285e+06 -3.972163e+06 1.722202e+06
5.220180e+06 -3.966747e+06 1.719853e+06
5.225068e+06 -3.961325e+06 1.717503e+06
5.229949e+06 -3.955899e+06 1.715150e+06
5.234824e+06 -3.950468e+06 1.712796e+06
5.239692e+06 -3.945032e+06 1.710439e+06
5.244554e+06 -3.939590e+06 1.708079e+06
5.249408e+06 -3.934144e+06 1.705718e+06
5.254256e+06 -3.928693e+06 1.703354e+06
5.259097e+06 -3.923236e+06 1.700989e+06
5.263932e+06 -3.917775e+06 1.698621e+06
5.268760e+06 -3.912308e+06 1.696251e+06
5.273581e+06 -3.906837e+06 1.693878e+06
5.278395e+06 -3.901360e+06 1.691504e+06
5.283202e+06 -3.895879e+06 1.689127e+06
5.288003e+06 -3.890392e+06 1.686749e+06
5.292797e+06 -3.884901e+06 1.684368e+06
5.297584e+06 -3.879404e+06 1.681985e+06
5.302365e+06 -3.873903e+06 1.679599e+06
5.307138e+06 -3.868396e+06 1.677212e+06
5.311905e+06 -3.862885e+06 1.674822e+06
5.316665e+06 -3.857369e+06 1.672431e+06
5.321419e+06 -3.851848e+06 1.670037e+06
5.326165e+06 -3.846322e+06 1.667641e+06
5.330905e+06 -3.840790e+06 1.665243e+06
5.335637e+06 -3.835255e+06 1.662843e+06
5.340363e+06 -3.829714e+06 1.660440e+06
5.345082e+06 -3.824168e+06 1.658036e+06
5.349795e+06 -3.818617e+06 1.655629e+06
5.354500e+06 -3.813062e+06 1.653221e+06
5.359199e+06 -3.807501e+06 1.650810e+06
5.363891e+06 -3.801936e+06 1.648397e+06
5.368575e+06 -3.796366e+06 1.645982e+06
5.373253e+06 -3.790791e+06 1.643565e+06
5.377924e+06 -3.785211e+06 1.641145e+06
5.382589e+06 -3.779626e+06 1.638724e+06
5.387246e+06 -3.774036e+06 1.636301e+06
5.391896e+06 -3.768442e+06 1.633875e+06
5.396540e+06 -3.762843e+06 1.631447e+06
5.401177e+06 -3.757239e+06 1.629018e+06
5.405806e+06 -3.751630e+06 1.626586e+06
5.410429e+06 -3.746016e+06 1.624152e+06
5.415045e+06 -3.740398e+06 1.621716e+06
5.419654e+06 -3.734775e+06 1.619278e+06
5.424256e+06 -3.729147e+06 1.616838e+06
5.428851e+06 -3.723514e+06 1.614395e+06
5.433439e+06 -3.717876e+06 1.611951e+06
5.438020e+06 -3.712234e+06 1.609505e+06
5.442594e+06 -3.706587e+06 1.607057e+06
5.447162e+06 -3.700935e+06 1.604606e+06
5.451722e+06 -3.695278e+06 1.602154e+06
5.456275e+06 -3.689617e+06 1.599699e+06
5.460821e+06 -3.683951e+06 1.597242e+06
5.465361e+06 -3.678280e+06 1.594784e+06
5.469893e+06 -3.672605e+06 1.592323e+06
5.474418e+06 -3.666925e+06 1.589860e+06
5.478937e+06 -3.661240e+06 1.587396e+06
5.483448e+06 -3.655550e+06 1.584929e+06
5.487952e+06 -3.649856e+06 1.582460e+06
5.492449e+06 -3.644157e+06 1.579989e+06
5.496940e+06 -3.638454e+06 1.577516e+06
5.501423e+06 -3.632746e+06 1.575041e+06
5.505899e+06 -3.627033e+06 1.572565e+06
5.510368e+06 -3.621315e+06 1.570086e+06
5.514830e+06 -3.615593e+06 1.567605e+06
5.519285e+06 -3.609867e+06 1.565122e+06
5.523733e+06 -3.604135e+06 1.562637e+06
5.528174e+06 -3.598399e+06 1.560150e+06
5.532607e+06 -3.592659e+06 1.557661e+06
5.537034e+06 -3.586913e+06 1.555170e+06
5.541454e+06 -3.581164e+06 1.552677e+06
5.545866e+06 -3.575409e+06 1.550182e+06
5.550272e+06 -3.569650e+06 1.547685e+06
5.554670e+06 -3.563887e+06 1.545186e+06
5.559061e+06 -3.558119e+06 1.542686e+06
5.563445e+06 -3.552346e+06 1.540183e+06
5.567822e+06 -3.546569e+06 1.537678e+06
5.572192e+06 -3.540787e+06 1.535171e+06
5.576555e+06 -3.535001e+06 1.532663e+06
5.580910e+06 -3.529210e+06 1.530152e+06
5.585259e+06 -3.523415e+06 1.527639e+06
5.589600e+06 -3.517615e+06 1.525125e+06
5.593934e+06 -3.511811e+06 1.522608e+06
5.598261e+06 -3.506002e+06 1.520090e+06
5.602581e+06 -3.500189e+06 1.517569e+06
5.606893e+06 -3.494371e+06 1.515047e+06
5.611199e+06 -3.488549e+06 1.512522e+06
5.615497e+06 -3.482722e+06 1.509996e+06
5.619788e+06 -3.476891e+06 1.507468e+06
5.624072e+06 -3.471056e+06 1.504938e+06
5.628349e+06 -3.465216e+06 1.502406e+06
5.632618e+06 -3.459371e+06 1.499872e+06
5.636880e+06 -3.453522e+06 1.497336e+06
5.641135e+06 -3.447669e+06 1.494798e+06
5.645383e+06 -3.441811e+06 1.492258e+06
5.649624e+06 -3.435949e+06 1.489717e+06
5.653857e+06 -3.430082e+06 1.487173e+06
5.658083e+06 -3.424212e+06 1.484628e+06
5.662302e+06 -3.418336e+06 1.482080e+06
5.666514e+06 -3.412457e+06 1.479531e+06
5.670718e+06 -3.406572e+06 1.476980e+06
5.674915e+06 -3.400684e+06 1.474427e+06
5.679105e+06 -3.394791e+06 1.471872e+06
5.683288e+06 -3.388894e+06 1.469315e+06
5.687463e+06 -3.382993e+06 1.466757e+06
5.691631e+06 -3.377087e+06 1.464196e+06
5.695792e+06 -3.371177e+06 1.461634e+06
5.699945e+06 -3.365262e+06 1.459069e+06
5.704091e+06 -3.359344e+06 1.456503e+06
5.708230e+06 -3.353421e+06 1.453935e+06
5.712362e+06 -3.347493e+06 1.451365e+06
5.716486e+06 -3.341562e+06 1.448793e+06
5.720603e+06 -3.335626e+06 1.446220e+06
5.724713e+06 -3.329686e+06 1.443644e+06
5.728815e+06 -3.323741e+06 1.441067e+06
5.732910e+06 -3.317793e+06 1.438488e+06
5.736997e+06 -3.311840e+06 1.435907e+06
5.741078e+06 -3.305883e+06 1.433324e+06
5.745151e+06 -3.299921e+06 1.430739e+06
5.749216e+06 -3.293956e+06 1.428153e+06
5.753274e+06 -3.287986e+06 1.425565e+06
5.757325e+06 -3.282012e+06 1.422974e+06
5.761369e+06 -3.276033e+06 1.420382e+06
5.765405e+06 -3.270051e+06 1.417789e+06
5.769433e+06 -3.264064e+06 1.415193e+06
5.773455e+06 -3.258074e+06 1.412596e+06
5.777469e+06 -3.252079e+06 1.409996e+06
5.781475e+06 -3.246080e+06 1.407395e+06
5.785474e+06 -3.240076e+06 1.404793e+06
5.789466e+06 -3.234069e+06 1.402188e+06
5.793450e+06 -3.228057e+06 1.399582e+06
5.797427e+06 -3.222042e+06 1.396973e+06
5.801397e+06 -3.216022e+06 1.394363e+06
5.805359e+06 -3.209998e+06 1.391752e+06
5.809314e+06 -3.203970e+06 1.389138e+06
5.813261e+06 -3.197938e+06 1.386523e+06
5.817200e+06 -3.191901e+06 1.383905e+06
5.821133e+06 -3.185861e+06 1.381287e+06
5.825058e+06 -3.179817e+06 1.378666e+06
5.828975e+06 -3.173768e+06 1.376044e+06
5.832885e+06 -3.167716e+06 1.373419e+06
5.836787e+06 -3.161659e+06 1.370793e+06
5.840682e+06 -3.155598e+06 1.368166e+06
5.844570e+06 -3.149534e+06 1.365536e+06
5.848450e+06 -3.143465e+06 1.362905e+06
5.852323e+06 -3.137392e+06 1.360272e+06
5.856188e+06 -3.131315e+06 1.357637e+06
5.860045e+06 -3.125235e+06 1.355001e+06
5.863895e+06 -3.119150e+06 1.352363e+06
5.867738e+06 -3.113061e+06 1.349723e+06
5.871573e+06 -3.106968e+06 1.347081e+06
5.875400e+06 -3.100872e+06 1.344438e+06
5.879220e+06 -3.094771e+06 1.341793e+06
5.883033e+06 -3.088666e+06 1.339146e+06
5.886838e+06 -3.082558e+06 1.336498e+06
5.890635e+06 -3.076445e+06 1.333847e+06
5.894425e+06 -3.070329e+06 1.331196e+06
5.898208e+06 -3.064208e+06 1.328542e+06
5.901982e+06 -3.058084e+06 1.325887e+06
5.905750e+06 -3.051956e+06 1.323230e+06
5.909509e+06 -3.045824e+06 1.320571e+06
5.913261e+06 -3.039688e+06 1.317911e+06
5.917006e+06 -3.033548e+06 1.315248e+06
5.920743e+06 -3.027404e+06 1.312585e+06
5.924472e+06 -3.021256e+06 1.309919e+06
5.928194e+06 -3.015105e+06 1.307252e+06
5.931908e+06 -3.008949e+06 1.304583e+06
5.935615e+06 -3.002790e+06 1.301913e+06
5.939314e+06 -2.996627e+06 1.299241e+06
5.943006e+06 -2.990460e+06 1.296567e+06
5.946689e+06 -2.984289e+06 1.293891e+06
5.950366e+06 -2.978114e+06 1.291214e+06
5.954034e+06 -2.971936e+06 1.288536e+06
5.957695e+06 -2.965754e+06 1.285855e+06
5.961348e+06 -2.959568e+06 1.283173e+06
5.964994e+06 -2.953378e+06 1.280489e+06
5.968632e+06 -2.947184e+06 1.277804e+06
5.972263e+06 -2.940987e+06 1.275117e+06
5.975886e+06 -2.934786e+06 1.272429e+06
5.979501e+06 -2.928581e+06 1.269738e+06
5.983108e+06 -2.922372e+06 1.267046e+06
5.986708e+06 -2.916160e+06 1.264353e+06
5.990300e+06 -2.909944e+06 1.261658e+06
5.993885e+06 -2.903724e+06 1.258961e+06
5.997462e+06 -2.897500e+06 1.256263e+06
6.001031e+06 -2.891273e+06 1.253563e+06
6.004592e+06 -2.885042e+06 1.250861e+06
6.008146e+06 -2.878808e+06 1.248158e+06
6.011692e+06 -2.872569e+06 1.245453e+06
6.015230e+06 -2.866327e+06 1.242747e+06
6.018761e+06 -2.860082e+06 1.240039e+06
6.022284e+06 -2.853832e+06 1.237330e+06
6.025799e+06 -2.847579e+06 1.234619e+06
6.029307e+06 -2.841323e+06 1.231906e+06
6.032807e+06 -2.835062e+06 1.229192e+06
6.036299e+06 -2.828798e+06 1.226476e+06
6.039783e+06 -2.822531e+06 1.223758e+06
6.043260e+06 -2.816260e+06 1.221039e+06
6.046729e+06 -2.809985e+06 1.218319e+06
6.050190e+06 -2.803707e+06 1.215597e+06
6.053644e+06 -2.797425e+06 1.212873e+06
6.057089e+06 -2.791139e+06 1.210148e+06
6.060527e+06 -2.784850e+06 1.207421e+06
6.063958e+06 -2.778558e+06 1.204693e+06
6.067380e+06 -2.772261e+06 1.201963e+06
6.070795e+06 -2.765962e+06 1.199232e+06
6.074202e+06 -2.759658e+06 1.196499e+06
6.077601e+06 -2.753351e+06 1.193764e+06
6.080992e+06 -2.747041e+06 1.191028e+06
6.084376e+06 -2.740727e+06 1.188291e+06
6.087752e+06 -2.734410e+06 1.185552e+06
6.091120e+06 -2.728089e+06 1.182811e+06
6.094480e+06 -2.721765e+06 1.180069e+06
6.097832e+06 -2.715437e+06 1.177326e+06
6.101177e+06 -2.709106e+06 1.174581e+06
6.104513e+06 -2.702771e+06 1.171834e+06
6.107842e+06 -2.696432e+06 1.169086e+06
6.111164e+06 -2.690091e+06 1.166337e+06
6.114477e+06 -2.683746e+06 1.163586e+06
6.117782e+06 -2.677397e+06 1.160833e+06
6.121080e+06 -2.671045e+06 1.158079e+06
6.124370e+06 -2.664690e+06 1.155324e+06
6.127652e+06 -2.658331e+06 1.152567e+06
6.130926e+06 -2.651969e+06 1.149808e+06
6.134192e+06 -2.645603e+06 1.147048e+06
6.137451e+06 -2.639234e+06 1.144287e+06
6.140701e+06 -2.632861e+06 1.141524e+06
6.143944e+06 -2.626486e+06 1.138760e+06
6.147179e+06 -2.620107e+06 1.135994e+06
6.150406e+06 -2.613724e+06 1.133227e+06
6.153625e+06 -2.607338e+06 1.130458e+06
6.156836e+06 -2.600949e+06 1.127688e+06
6.160040e+06 -2.594557e+06 1.124916e+06
6.163235e+06 -2.588161e+06 1.122143e+06
6.166423e+06 -2.581762e+06 1.119369e+06
6.169603e+06 -2.575359e+06 1.116593e+06
6.172774e+06 -2.568954e+06 1.113815e+06
6.175938e+06 -2.562544e+06 1.111037e+06
6.179094e+06 -2.556132e+06 1.108257e+06
6.182242e+06 -2.549717e+06 1.105475e+06
6.185382e+06 -2.543298e+06 1.102692e+06
6.188515e+06 -2.536876e+06 1.099908e+06
6.191639e+06 -2.530450e+06 1.097122e+06
6.194756e+06 -2.524022e+06 1.094334e+06
6.197864e+06 -2.517590e+06 1.091546e+06
6.200965e+06 -2.511155e+06 1.088756e+06
6.204057e+06 -2.504717e+06 1.085964e+06
6.207142e+06 -2.498275e+06 1.083172e+06
6.210219e+06 -2.491831e+06 1.080377e+06
6.213287e+06 -2.485383e+06 1.077582e+06
6.216348e+06 -2.478932e+06 1.074785e+06
6.219401e+06 -2.472478e+06 1.071987e+06
6.222446e+06 -2.466020e+06 1.069187e+06
6.225483e+06 -2.459560e+06 1.066386e+06
6.228512e+06 -2.453096e+06 1.063583e+06
6.231533e+06 -2.446629e+06 1.060780e+06
6.234546e+06 -2.440159e+06 1.057974e+06
6.237551e+06 -2.433686e+06 1.055168e+06
6.240548e+06 -2.427210e+06 1.052360e+06
6.243537e+06 -2.420731e+06 1.049551e+06
6.246518e+06 -2.414248e+06 1.046740e+06
6.249491e+06 -2.407763e+06 1.043928e+06
6.252456e+06 -2.401274e+06 1.041115e+06
6.255413e+06 -2.394783e+06 1.038301e+06
6.258362e+06 -2.388288e+06 1.035485e+06
6.261304e+06 -2.381790e+06 1.032668e+06
6.264237e+06 -2.375290e+06 1.029849e+06
6.267162e+06 -2.368786e+06 1.027029e+06
6.270079e+06 -2.362279e+06 1.024208e+06
6.272988e+06 -2.355769e+06 1.021385e+06
6.275889e+06 -2.349256e+06 1.018562e+06
6.278782e+06 -2.342740e+06 1.015737e+06
6.281666e+06 -2.336221e+06 1.012910e+06
6.284543e+06 -2.329699e+06 1.010083e+06
6.287412e+06 -2.323174e+06 1.007254e+06
6.290273e+06 -2.316647e+06 1.004423e+06
6.293126e+06 -2.310116e+06 1.001592e+06
6.295970e+06 -2.303582e+06 9.987589e+05
6.298807e+06 -2.297045e+06 9.959248e+05
6.301635e+06 -2.290506e+06 9.930894e+05
6.304456e+06 -2.283963e+06 9.902527e+05
6.307268e+06 -2.277418e+06 9.874148e+05
6.310072e+06 -2.270869e+06 9.845756e+05
6.312869e+06 -2.264318e+06 9.817352e+05
6.315657e+06 -2.257763e+06 9.788935e+05
6.318437e+06 -2.251206e+06 9.760505e+05
6.321209e+06 -2.244646e+06 9.732063e+05
6.323973e+06 -2.238083e+06 9.703608e+05
6.326729e+06 -2.231518e+06 9.675141e+05
6.329476e+06 -2.224949e+06 9.646662e+05
6.332216e+06 -2.218378e+06 9.618170e+05
6.334947e+06 -2.211803e+06 9.589666e+05
6.337671e+06 -2.205226e+06 9.561150e+05
6.340386e+06 -2.198646e+06 9.532621e+05
6.343093e+06 -2.192063e+06 9.504081e+05
6.345792e+06 -2.185478e+06 9.475528e+05
6.348483e+06 -2.178890e+06 9.446963e+05
6.351166e+06 -2.172298e+06 9.418385e+05
6.353841e+06 -2.165704e+06 9.389796e+05
6.356507e+06 -2.159108e+06 9.361195e+05
6.359166e+06 -2.152508e+06 9.332582e+05
6.361816e+06 -2.145906e+06 9.303957e+05
6.364458e+06 -2.139301e+06 9.275320e+05
6.367092e+06 -2.132693e+06 9.246671e+05
6.369718e+06 -2.126083e+06 9.218010e+05
6.372335e+06 -2.119470e+06 9.189338e+05
6.374945e+06 -2.112854e+06 9.160653e+05
6.377546e+06 -2.106235e+06 9.131957e+05
6.380139e+06 -2.099614e+06 9.103250e+05
6.382724e+06 -2.092990e+06 9.074530e+05
6.385301e+06 -2.086363e+06 9.045799e+05
6.387870e+06 -2.079734e+06 9.017057e+05
6.390430e+06 -2.073102e+06 8.988302e+05
6.392983e+06 -2.066468e+06 8.959537e+05
6.395527e+06 -2.059830e+06 8.930760e+05
6.398063e+06 -2.053190e+06 8.901971e+05
6.400591e+06 -2.046548e+06 8.873171e+05
6.403110e+06 -2.039903e+06 8.844360e+05
6.405622e+06 -2.033255e+06 8.815537e+05
6.408125e+06 -2.026604e+06 8.786704e+05
6.410620e+06 -2.019952e+06 8.757859e+05
6.413106e+06 -2.013296e+06 8.729002e+05
6.415585e+06 -2.006638e+06 8.700135e+05
6.418055e+06 -1.999977e+06 8.671256e+05
6.420517e+06 -1.993314e+06 8.642366e+05
6.422971e+06 -1.986648e+06 8.613466e+05
6.425417e+06 -1.979980e+06 8.584554e+05
6.427855e+06 -1.973309e+06 8.555631e+05
6.430284e+06 -1.966635e+06 8.526697e+05
6.432705e+06 -1.959959e+06 8.497752e+05
6.435118e+06 -1.953281e+06 8.468797e+05
6.437522e+06 -1.946600e+06 8.439830e+05
6.439918e+06 -1.939917e+06 8.410853e+05
6.442306e+06 -1.933231e+06 8.381865e+05
6.444686e+06 -1.926542e+06 8.352867e+05
6.447058e+06 -1.919852e+06 8.323857e+05
6.449421e+06 -1.913158e+06 8.294837e+05
6.451776e+06 -1.906462e+06 8.265807e+05
6.454123e+06 -1.899764e+06 8.236765e+05
6.456461e+06 -1.893064e+06 8.207714e+05
6.458792e+06 -1.886361e+06 8.178651e+05
6.461114e+06 -1.879655e+06 8.149579e+05
6.463427e+06 -1.872947e+06 8.120495e+05
6.465733e+06 -1.866237e+06 8.091402e+05
6.468030e+06 -1.859524e+06 8.062298e+05
6.470319e+06 -1.852809e+06 8.033184e+05
6.472600e+06 -1.846092e+06 8.004059e+05
6.474872e+06 -1.839372e+06 7.974924e+05
6.477136e+06 -1.832650e+06 7.945779e+05
6.479392e+06 -1.825925e+06 7.916624e+05
6.481639e+06 -1.819199e+06 7.887459e+05
6.483878e+06 -1.812470e+06 7.858283e+05
6.486109e+06 -1.805738e+06 7.829098e+05
6.488332e+06 -1.799004e+06 7.799902e+05
6.490546e+06 -1.792268e+06 7.770697e+05
6.492752e+06 -1.785530e+06 7.741482e+05
6.494950e+06 -1.778789e+06 7.712256e+05
6.497139e+06 -1.772046e+06 7.683021e+05
6.499320e+06 -1.765301e+06 7.653776e+05
6.501493e+06 -1.758554e+06 7.624521e+05
6.503657e+06 -1.751804e+06 7.595257e+05
6.505813e+06 -1.745052e+06 7.565982e+05
6.507961e+06 -1.738298e+06 7.536698e+05
6.510100e+06 -1.731541e+06 7.507405e+05
6.512231e+06 -1.724783e+06 7.478102e+05
6.514354e+06 -1.718022e+06 7.448789e+05
6.516468e+06 -1.711259e+06 7.419466e+05
6.518574e+06 -1.704494e+06 7.390135e+05
6.520672e+06 -1.697726e+06 7.360793e+05
6.522761e+06 -1.690957e+06 7.331443e+05
6.524842e+06 -1.684185e+06 7.302082e+05
6.526915e+06 -1.677411e+06 7.272713e+05
6.528979e+06 -1.670635e+06 7.243334e+05
6.531035e+06 -1.663857e+06 7.213946e+05
6.533083e+06 -1.657076e+06 7.184549e+05
6.535122e+06 -1.650294e+06 7.155143e+05
6.537153e+06 -1.643509e+06 7.125727e+05
6.539175e+06 -1.636723e+06 7.096302e+05
6.541189e+06 -1.629934e+06 7.066868e+05
6.543195e+06 -1.623143e+06 7.037425e+05
6.545192e+06 -1.616350e+06 7.007974e+05
6.547181e+06 -1.609555e+06 6.978513e+05
6.549162e+06 -1.602758e+06 6.949043e+05
6.551134e+06 -1.595959e+06 6.919564e+05
6.553098e+06 -1.589158e+06 6.890077e+05
6.555054e+06 -1.582355e+06 6.860580e+05
6.557001e+06 -1.575550e+06 6.831075e+05
6.558939e+06 -1.568742e+06 6.801561e+05
6.560870e+06 -1.561933e+06 6.772039e+05
6.562791e+06 -1.555122e+06 6.742508e+05
6.564705e+06 -1.548309e+06 6.712968e+05
6.566610e+06 -1.541494e+06 6.683419e+05
6.568507e+06 -1.534676e+06 6.653862e+05
6.570395e+06 -1.527857e+06 6.624297e+05
6.572275e+06 -1.521036e+06 6.594723e+05
6.574146e+06 -1.514213e+06 6.565140e+05
6.576009e+06 -1.507388e+06 6.535549e+05
6.577864e+06 -1.500561e+06 6.505950e+05
6.579710e+06 -1.493732e+06 6.476342e+05
6.581548e+06 -1.486902e+06 6.446727e+05
6.583377e+06 -1.480069e+06 6.417103e+05
6.585198e+06 -1.473235e+06 6.387470e+05
6.587010e+06 -1.466398e+06 6.357830e+05
6.588814e+06 -1.459560e+06 6.328181e+05
6.590610e+06 -1.452720e+06 6.298524e+05
6.592397e+06 -1.445878e+06 6.268860e+05
6.594176e+06 -1.439034e+06 6.239187e+05
6.595946e+06 -1.432188e+06 6.209506e+05
6.597708e+06 -1.425341e+06 6.179817e+05
6.599462e+06 -1.418491e+06 6.150121e+05
6.601206e+06 -1.411640e+06 6.120416e+05
6.602943e+06 -1.404787e+06 6.090704e+05
6.604671e+06 -1.397932e+06 6.060983e+05
6.606391e+06 -1.391076e+06 6.031256e+05
6.608102e+06 -1.384217e+06 6.001520e+05
6.609805e+06 -1.377357e+06 5.971777e+05
6.611499e+06 -1.370495e+06 5.942026e+05
6.613185e+06 -1.363632e+06 5.912267e+05
6.614862e+06 -1.356766e+06 5.882501e+05
6.616531e+06 -1.349899e+06 5.852727e+05
6.618191e+06 -1.343030e+06 5.822946e+05
6.619843e+06 -1.336160e+06 5.793157e+05
6.621486e+06 -1.329287e+06 5.763361e+05
6.623121e+06 -1.322413e+06 5.733558e+05
6.624748e+06 -1.315538e+06 5.703747e+05
6.626366e+06 -1.308660e+06 5.673929e+05
6.627975e+06 -1.301781e+06 5.644104e+05
6.629576e+06 -1.294901e+06 5.614271e+05
6.631169e+06 -1.288018e+06 5.584432e+05
6.632753e+06 -1.281134e+06 5.554585e+05
6.634328e+06 -1.274249e+06 5.524731e+05
6.635896e+06 -1.267361e+06 5.494870e+05
6.637454e+06 -1.260472e+06 5.465002e+05
6.639004e+06 -1.253582e+06 5.435127e+05
6.640546e+06 -1.246690e+06 5.405245e+05
6.642079e+06 -1.239796e+06 5.375356e+05
6.643603e+06 -1.232901e+06 5.345460e+05
6.645119e+06 -1.226004e+06 5.315557e+05
6.646627e+06 -1.219105e+06 5.285648e+05
6.648126e+06 -1.212205e+06 5.255731e+05
6.649617e+06 -1.205304e+06 5.225808e+05
6.651099e+06 -1.198401e+06 5.195879e+05
6.652572e+06 -1.191496e+06 5.165942e+05
6.654037e+06 -1.184590e+06 5.136000e+05
6.655494e+06 -1.177682e+06 5.106050e+05
6.656942e+06 -1.170773e+06 5.076094e+05
6.658381e+06 -1.163862e+06 5.046131e+05
6.659812e+06 -1.156950e+06 5.016162e+05
6.661235e+06 -1.150036e+06 4.986187e+05
6.662648e+06 -1.143121e+06 4.956205e+05
6.664054e+06 -1.136205e+06 4.926217e+05
6.665451e+06 -1.129287e+06 4.896223e+05
6.666839e+06 -1.122367e+06 4.866222e+05
6.668219e+06 -1.115446e+06 4.836215e+05
6.669590e+06 -1.108524e+06 4.806202e+05
6.670953e+06 -1.101600e+06 4.776183e+05
6.672307e+06 -1.094675e+06 4.746157e+05
6.673652e+06 -1.087748e+06 4.716126e+05
6.674989e+06 -1.080820e+06 4.686088e+05
6.676318e+06 -1.073891e+06 4.656045e+05
6.677638e+06 -1.066960e+06 4.625995e+05
6.678949e+06 -1.060028e+06 4.595940e+05
6.680252e+06 -1.053095e+06 4.565879e+05
6.681546e+06 -1.046160e+06 4.535811e+05
6.682832e+06 -1.039224e+06 4.505739e+05
6.684109e+06 -1.032286e+06 4.475660e+05
6.685378e+06 -1.025347e+06 4.445575e+05
6.686638e+06 -1.018407e+06 4.415485e+05
6.687890e+06 -1.011466e+06 4.385390e+05
6.689133e+06 -1.004523e+06 4.355288e+05
6.690367e+06 -9.975791e+05 4.325181e+05
6.691593e+06 -9.906338e+05 4.295069e+05
6.692810e+06 -9.836873e+05 4.264951e+05
6.694019e+06 -9.767395e+05 4.234827e+05
6.695219e+06 -9.697904e+05 4.204698e+05
6.696411e+06 -9.628401e+05 4.174564e+05
6.697594e+06 -9.558886e+05 4.144425e+05
6.698768e+06 -9.489358e+05 4.114280e+05
6.699934e+06 -9.419819e+05 4.084130e+05
6.701092e+06 -9.350267e+05 4.053974e+05
6.702240e+06 -9.280703e+05 4.023814e+05
6.703380e+06 -9.211128e+05 3.993648e+05
6.704512e+06 -9.141540e+05 3.963477e+05
6.705635e+06 -9.071941e+05 3.933301e+05
6.706749e+06 -9.002330e+05 3.903120e+05
6.707855e+06 -8.932708e+05 3.872934e+05
6.708952e+06 -8.863075e+05 3.842743e+05
6.710041e+06 -8.793430e+05 3.812548e+05
6.711121e+06 -8.723773e+05 3.782347e+05
6.712193e+06 -8.654106e+05 3.752141e+05
6.713255e+06 -8.584428e+05 3.721931e+05
6.714310e+06 -8.514738e+05 3.691716e+05
6.715355e+06 -8.445038e+05 3.661496e+05
6.716392e+06 -8.375327e+05 3.631272e+05
6.717421e+06 -8.305605e+05 3.601042e+05
6.718441e+06 -8.235872e+05 3.570809e+05
6.719452e+06 -8.166129e+05 3.540570e+05
6.720455e+06 -8.096376e+05 3.510327e+05
6.721449e+06 -8.026612e+05 3.480080e+05
6.722434e+06 -7.956838e+05 3.449828e+05
6.723411e+06 -7.887053e+05 3.419572e+05
6.724380e+06 -7.817259e+05 3.389311e+05
6.725339e+06 -7.747454e+05 3.359046e+05
6.726290e+06 -7.677640e+05 3.328777e+05
6.727233e+06 -7.607816e+05 3.298504e+05
6.728167e+06 -7.537982e+05 3.268226e+05
6.729092e+06 -7.468138e+05 3.237944e+05
6.730008e+06 -7.398285e+05 3.207658e+05
6.730916e+06 -7.328423e+05 3.177368e+05
6.731816e+06 -7.258551e+05 3.147074e+05
6.732707e+06 -7.188669e+05 3.116775e+05
6.733589e+06 -7.118779e+05 3.086473e+05
6.734462e+06 -7.048879e+05 3.056167e+05
6.735327e+06 -6.978971e+05 3.025857e+05
6.736183e+06 -6.909053e+05 2.995543e+05
6.737031e+06 -6.839127e+05 2.965225e+05
6.737870e+06 -6.769192e+05 2.934903e+05
6.738701e+06 -6.699248e+05 2.904578e+05
6.739522e+06 -6.629295e+05 2.874249e+05
6.740335e+06 -6.559335e+05 2.843916e+05
6.741140e+06 -6.489365e+05 2.813580e+05
6.741936e+06 -6.419388e+05 2.783240e+05
6.742723e+06 -6.349402e+05 2.752896e+05
6.743502e+06 -6.279408e+05 2.722549e+05
6.744272e+06 -6.209406e+05 2.692198e+05
6.745033e+06 -6.139396e+05 2.661844e+05
6.745786e+06 -6.069378e+05 2.631487e+05
6.746530e+06 -5.999353e+05 2.601126e+05
6.747266e+06 -5.929320e+05 2.570762e+05
6.747992e+06 -5.859279e+05 2.540394e+05
6.748711e+06 -5.789231e+05 2.510024e+05
6.749420e+06 -5.719175e+05 2.479650e+05
6.750121e+06 -5.649112e+05 2.449273e+05
6.750813e+06 -5.579042e+05 2.418893e+05
6.751497e+06 -5.508964e+05 2.388509e+05
6.752172e+06 -5.438880e+05 2.358123e+05
6.752838e+06 -5.368788e+05 2.327734e+05
6.753496e+06 -5.298690e+05 2.297341e+05
6.754145e+06 -5.228585e+05 2.266946e+05
6.754786e+06 -5.158473e+05 2.236548e+05
6.755417e+06 -5.088355e+05 2.206147e+05
6.756041e+06 -5.018230e+05 2.175743e+05
6.756655e+06 -4.948099e+05 2.145336e+05
6.757261e+06 -4.877961e+05 2.114927e+05
6.757858e+06 -4.807817e+05 2.084515e+05
6.758447e+06 -4.737667e+05 2.054100e+05
6.759027e+06 -4.667511e+05 2.023682e+05
6.759598e+06 -4.597349e+05 1.993262e+05
6.760160e+06 -4.527181e+05 1.962840e+05
6.760714e+06 -4.457007e+05 1.932415e+05
6.761260e+06 -4.386828e+05 1.901987e+05
6.761796e+06 -4.316643e+05 1.871557e+05
6.762324e+06 -4.246452e+05 1.841125e+05
6.762844e+06 -4.176256e+05 1.810690e+05
6.763354e+06 -4.106055e+05 1.780253e+05
6.763856e+06 -4.035848e+05 1.749814e+05
6.764350e+06 -3.965637e+05 1.719372e+05
6.764834e+06 -3.895420e+05 1.688928e+05
6.765310e+06 -3.825198e+05 1.658482e+05
6.765778e+06 -3.754971e+05 1.628034e+05
6.766236e+06 -3.684740e+05 1.597584e+05
6.766686e+06 -3.614503e+05 1.567132e+05
6.767128e+06 -3.544262e+05 1.536678e+05
6.767560e+06 -3.474017e+05 1.506222e+05
6.767985e+06 -3.403767e+05 1.475764e+05
6.768400e+06 -3.333513e+05 1.445304e+05
6.768807e+06 -3.263254e+05 1.414842e+05
6.769205e+06 -3.192992e+05 1.384378e+05
6.769594e+06 -3.122725e+05 1.353913e+05
6.769975e+06 -3.052454e+05 1.323446e+05
6.770347e+06 -2.982179e+05 1.292977e+05
6.770710e+06 -2.911901e+05 1.262506e+05
6.771065e+06 -2.841619e+05 1.232034e+05
6.771411e+06 -2.771333e+05 1.201561e+05
6.771749e+06 -2.701043e+05 1.171085e+05
6.772077e+06 -2.630751e+05 1.140609e+05
6.772397e+06 -2.560454e+05 1.110130e+05
6.772709e+06 -2.490155e+05 1.079651e+05
6.773012e+06 -2.419852e+05 1.049170e+05
6.773306e+06 -2.349546e+05 1.018688e+05
6.773591e+06 -2.279238e+05 9.882039e+04
6.773868e+06 -2.208926e+05 9.577190e+04
6.774136e+06 -2.138611e+05 9.272329e+04
6.774395e+06 -2.068294e+05 8.967456e+04
6.774646e+06 -1.997974e+05 8.662572e+04
6.774888e+06 -1.927652e+05 8.357676e+04
6.775121e+06 -1.857327e+05 8.052770e+04
6.775346e+06 -1.786999e+05 7.747853e+04
6.775562e+06 -1.716670e+05 7.442927e+04
6.775769e+06 -1.646338e+05 7.137991e+04
6.775968e+06 -1.576004e+05 6.833045e+04
6.776158e+06 -1.505668e+05 6.528091e+04
6.776339e+06 -1.435330e+05 6.223129e+04
6.776512e+06 -1.364991e+05 5.918159e+04
6.776676e+06 -1.294649e+05 5.613181e+04
6.776831e+06 -1.224306e+05 5.308196e+04
6.776978e+06 -1.153961e+05 5.003204e+04
6.777116e+06 -1.083615e+05 4.698206e+04
6.777245e+06 -1.013268e+05 4.393202e+04
6.777366e+06 -9.429188e+04 4.088192e+04
6.777478e+06 -8.725687e+04 3.783177e+04
6.777581e+06 -8.022176e+04 3.478157e+04
6.777676e+06 -7.318654e+04 3.173132e+04
6.777762e+06 -6.615123e+04 2.868104e+04
6.777839e+06 -5.911583e+04 2.563072e+04
6.777907e+06 -5.208036e+04 2.258036e+04
6.777967e+06 -4.504482e+04 1.952998e+04
6.778018e+06 -3.800922e+04 1.647957e+04
6.778061e+06 -3.097358e+04 1.342914e+04
6.778095e+06 -2.393789e+04 1.037870e+04
6.778120e+06 -1.690217e+04 7.328238e+03
6.778136e+06 -9.866437e+03 4.277769e+03
6.778144e+06 -2.830687e+03 1.227295e+03
6.778143e+06 4.205066e+03 -1.823181e+03
6.778134e+06 1.124081e+04 -4.873655e+03
6.778116e+06 1.827655e+04 -7.924122e+03
6.778089e+06 2.531226e+04 -1.097458e+04
6.778053e+06 3.234794e+04 -1.402502e+04
6.778009e+06 3.938357e+04 -1.707545e+04
6.777956e+06 4.641916e+04 -2.012585e+04
6.777895e+06 5.345469e+04 -2.317623e+04
6.777824e+06 6.049015e+04 -2.622658e+04
6.777745e+06 6.752553e+04 -2.927689e+04
6.777658e+06 7.456082e+04 -3.232717e+04
6.777562e+06 8.159602e+04 -3.537740e+04
6.777457e+06 8.863111e+04 -3.842759e+04
6.777343e+06 9.566610e+04 -4.147773e+04
6.777221e+06 1.027010e+05 -4.452782e+04
6.777090e+06 1.097357e+05 -4.757785e+04
6.776950e+06 1.167703e+05 -5.062782e+04
6.776802e+06 1.238047e+05 -5.367773e+04
6.776645e+06 1.308390e+05 -5.672757e+04
6.776479e+06 1.378731e+05 -5.977733e+04
6.776305e+06 1.449070e+05 -6.282702e+04
6.776122e+06 1.519408e+05 -6.587662e+04
6.775930e+06 1.589743e+05 -6.892615e+04
6.775730e+06 1.660077e+05 -7.197558e+04
6.775520e+06 1.730408e+05 -7.502492e+04
6.775303e+06 1.800737e+05 -7.807417e+04
6.775076e+06 1.871064e+05 -8.112332e+04
6.774841e+06 1.941389e+05 -8.417236e+04
6.774598e+06 2.011711e+05 -8.722129e+04
6.774345e+06 2.082030e+05 -9.027012e+04
6.774084e+06 2.152347e+05 -9.331882e+04
6.773814e+06 2.222661e+05 -9.636741e+04
6.773536e+06 2.292972e+05 -9.941588e+04
6.773249e+06 2.363280e+05 -1.024642e+05
6.772953e+06 2.433586e+05 -1.055124e+05
6.772649e+06 2.503888e+05 -1.085605e+05
6.772336e+06 2.574186e+05 -1.116084e+05
6.772014e+06 2.644482e+05 -1.146562e+05
6.771683e+06 2.714774e+05 -1.177039e+05
6.771344e+06 2.785063e+05 -1.207513e+05
6.770996e+06 2.855348e+05 -1.237987e+05
6.770640e+06 2.925630e+05 -1.268459e+05
6.770275e+06 2.995907e+05 -1.298929e+05
6.769901e+06 3.066181e+05 -1.329397e+05
6.769519e+06 3.136451e+05 -1.359864e+05
6.769128e+06 3.206717e+05 -1.390329e+05
6.768728e+06 3.276979e+05 -1.420792e+05
6.768319e+06 3.347237e+05 -1.451254e+05
6.767902e+06 3.417490e+05 -1.481714e+05
6.767477e+06 3.487739e+05 -1.512171e+05
6.767042e+06 3.557984e+05 -1.542627e+05
6.766599e+06 3.628224e+05 -1.573081e+05
6.766147e+06 3.698459e+05 -1.603533e+05
6.765687e+06 3.768690e+05 -1.633982e+05
6.765218e+06 3.838916e+05 -1.664430e+05
6.764740e+06 3.909136e+05 -1.694876e+05
6.764254e+06 3.979352e+05 -1.725319e+05
6.763759e+06 4.049563e+05 -1.755760e+05
6.763255e+06 4.119769e+05 -1.786199e+05
6.762743e+06 4.189969e+05 -1.816635e+05
6.762222e+06 4.260164e+05 -1.847070e+05
6.761692e+06 4.330353e+05 -1.877502e+05
6.761154e+06 4.400537e+05 -1.907931e+05
6.760607e+06 4.470716e+05 -1.938358e+05
6.760051e+06 4.540888e+05 -1.968783e+05
6.759487e+06 4.611055e+05 -1.999205e+05
6.758914e+06 4.681216e+05 -2.029624e+05
6.758332e+06 4.751371e+05 -2.060041e+05
6.757742e+06 4.821520e+05 -2.090456e+05
6.757143e+06 4.891663e+05 -2.120867e+05
6.756536e+06 4.961799e+05 -2.151276e+05
6.755920e+06 5.031929e+05 -2.181682e+05
6.755295e+06 5.102053e+05 -2.212085e+05
6.754661e+06 5.172170e+05 -2.242486e+05
6.754019e+06 5.242280e+05 -2.272884e+05
6.753368e+06 5.312384e+05 -2.303278e+05
6.752709e+06 5.382481e+05 -2.333670e+05
6.752041e+06 5.452571e+05 -2.364059e+05
6.751364e+06 5.522654e+05 -2.394445e+05
6.750679e+06 5.592730e+05 -2.424827e+05
6.749985e+06 5.662799e+05 -2.455207e+05
6.749282e+06 5.732860e+05 -2.485583e+05
6.748571e+06 5.802915e+05 -2.515957e+05
6.747851e+06 5.872961e+05 -2.546327e+05
6.747123e+06 5.943001e+05 -2.576694e+05
6.746385e+06 6.013032e+05 -2.607057e+05
6.745640e+06 6.083056e+05 -2.637417e+05
6.744885e+06 6.153073e+05 -2.667774e+05
6.744122e+06 6.223081e+05 -2.698127e+05
6.743350e+06 6.293081e+05 -2.728477e+05
6.742570e+06 6.363074e+05 -2.758824e+05
6.741781e+06 6.433058e+05 -2.789167e+05
6.740984e+06 6.503034e+05 -2.819506e+05
6.740177e+06 6.573002e+05 -2.849842e+05
6.739362e+06 6.642961e+05 -2.880174e+05
6.738539e+06 6.712911e+05 -2.910502e+05
6.737707e+06 6.782854e+05 -2.940827e+05
6.736866e+06 6.852787e+05 -2.971148e+05
6.736017e+06 6.922712e+05 -3.001465e+05
6.735159e+06 6.992627e+05 -3.031778e+05
6.734292e+06 7.062534e+05 -3.062087e+05
6.733417e+06 7.132432e+05 -3.092393e+05
6.732533e+06 7.202321e+05 -3.122694e+05
6.731641e+06 7.272200e+05 -3.152992e+05
6.730740e+06 7.342070e+05 -3.183285e+05
6.729830e+06 7.411931e+05 -3.213574e+05
6.728912e+06 7.481782e+05 -3.243860e+05
6.727985e+06 7.551624e+05 -3.274141e+05
6.727049e+06 7.621456e+05 -3.304418e+05
6.726105e+06 7.691278e+05 -3.334690e+05
6.725152e+06 7.761091e+05 -3.364959e+05
6.724191e+06 7.830893e+05 -3.395223e+05
6.723221e+06 7.900686e+05 -3.425483e+05
6.722243e+06 7.970468e+05 -3.455738e+05
6.721255e+06 8.040240e+05 -3.485989e+05
6.720260e+06 8.110002e+05 -3.516235e+05
6.719255e+06 8.179754e+05 -3.546477e+05
6.718242e+06 8.249495e+05 -3.576715e+05
6.717221e+06 8.319225e+05 -3.606948e+05
6.716191e+06 8.388945e+05 -3.637176e+05
6.715152e+06 8.458654e+05 -3.667400e+05
6.714104e+06 8.528352e+05 -3.697619e+05
6.713048e+06 8.598040e+05 -3.727833e+05
6.711984e+06 8.667716e+05 -3.758042e+05
6.710911e+06 8.737381e+05 -3.788247e+05
6.709829e+06 8.807035e+05 -3.818446e+05
6.708739e+06 8.876678e+05 -3.848641e+05
6.707640e+06 8.946309e+05 -3.878831e+05
6.706532e+06 9.015929e+05 -3.909016e+05
6.705416e+06 9.085538e+05 -3.939196e+05
6.704292e+06 9.155134e+05 -3.969371e+05
6.703158e+06 9.224720e+05 -3.999541e+05
6.702017e+06 9.294293e+05 -4.029706e+05
6.700866e+06 9.363854e+05 -4.059865e+05
6.699707e+06 9.433404e+05 -4.090020e+05
6.698540e+06 9.502941e+05 -4.120169e+05
6.697363e+06 9.572466e+05 -4.150313e+05
6.696179e+06 9.641979e+05 -4.180451e+05
6.694986e+06 9.711479e+05 -4.210584e+05
6.693784e+06 9.780968e+05 -4.240712e+05
6.692573e+06 9.850443e+05 -4.270835e+05
6.691354e+06 9.919906e+05 -4.300951e+05
6.690127e+06 9.989356e+05 -4.331063e+05
6.688891e+06 1.005879e+06 -4.361169e+05
6.687646e+06 1.012822e+06 -4.391269e+05
6.686393e+06 1.019763e+06 -4.421364e+05
6.685131e+06 1.026703e+06 -4.451453e+05
6.683861e+06 1.033641e+06 -4.481536e+05
6.682582e+06 1.040579e+06 -4.511614e+05
6.681294e+06 1.047515e+06 -4.541685e+05
6.679998e+06 1.054449e+06 -4.571751e+05
6.678694e+06 1.061382e+06 -4.601811e+05
6.677381e+06 1.068314e+06 -4.631866e+05
6.676059e+06 1.075245e+06 -4.661914e+05
6.674729e+06 1.082174e+06 -4.691956e+05
6.673390e+06 1.089101e+06 -4.721993e+05
6.672043e+06 1.096028e+06 -4.752023e+05
6.670687e+06 1.102953e+06 -4.782047e+05
6.669323e+06 1.109876e+06 -4.812065e+05
6.667950e+06 1.116798e+06 -4.842077e+05
6.666568e+06 1.123719e+06 -4.872083e+05
6.665178e+06 1.130638e+06 -4.902082e+05
6.663780e+06 1.137556e+06 -4.932076e+05
6.662373e+06 1.144472e+06 -4.962062e+05
6.660957e+06 1.151387e+06 -4.992043e+05
6.659533e+06 1.158300e+06 -5.022017e+05
6.658101e+06 1.165212e+06 -5.051985e+05
6.656660e+06 1.172123e+06 -5.081946e+05
6.655210e+06 1.179032e+06 -5.111901e+05
6.653752e+06 1.185939e+06 -5.141849e+05
6.652285e+06 1.192845e+06 -5.171791e+05
6.650810e+06 1.199749e+06 -5.201726e+05
6.649326e+06 1.206652e+06 -5.231654e+05
6.647834e+06 1.213553e+06 -5.261576e+05
6.646333e+06 1.220453e+06 -5.291491e+05
6.644824e+06 1.227351e+06 -5.321399e+05
6.643306e+06 1.234248e+06 -5.351300e+05
6.641780e+06 1.241143e+06 -5.381195e+05
6.640245e+06 1.248036e+06 -5.411082e+05
6.638702e+06 1.254928e+06 -5.440963e+05
6.637150e+06 1.261818e+06 -5.470837e+05
6.635590e+06 1.268707e+06 -5.500703e+05
6.634021e+06 1.275594e+06 -5.530563e+05
6.632444e+06 1.282479e+06 -5.560416e+05
6.630858e+06 1.289363e+06 -5.590261e+05
6.629264e+06 1.296245e+06 -5.620100e+05
6.627662e+06 1.303125e+06 -5.649931e+05
6.626050e+06 1.310004e+06 -5.679755e+05
6.624431e+06 1.316881e+06 -5.709571e+05
6.622803e+06 1.323756e+06 -5.739380e+05
6.621166e+06 1.330630e+06 -5.769182e+05
6.619521e+06 1.337502e+06 -5.798977e+05
6.617867e+06 1.344372e+06 -5.828764e+05
6.616205e+06 1.351241e+06 -5.858544e+05
6.614535e+06 1.358107e+06 -5.888316e+05
6.612856e+06 1.364973e+06 -5.918081e+05
6.611168e+06 1.371836e+06 -5.947838e+05
6.609473e+06 1.378697e+06 -5.977587e+05
6.607768e+06 1.385557e+06 -6.007329e+05
6.606055e+06 1.392415e+06 -6.037063e+05
6.604334e+06 1.399271e+06 -6.066790e+05
6.602604e+06 1.406126e+06 -6.096508e+05
6.600866e+06 1.412978e+06 -6.126219e+05
6.599120e+06 1.419829e+06 -6.155922e+05
6.597365e+06 1.426678e+06 -6.185617e+05
6.595601e+06 1.433526e+06 -6.215304e+05
6.593829e+06 1.440371e+06 -6.244984e+05
6.592049e+06 1.447214e+06 -6.274655e+05
6.590260e+06 1.454056e+06 -6.304318e+05
6.588463e+06 1.460896e+06 -6.333973e+05
6.586657e+06 1.467734e+06 -6.363620e+05
6.584843e+06 1.474570e+06 -6.393259e+05
6.583020e+06 1.481404e+06 -6.422890e+05
6.581189e+06 1.488236e+06 -6.452513e+05
6.579350e+06 1.495067e+06 -6.482127e+05
6.577502e+06 1.501895e+06 -6.511733e+05
6.575646e+06 1.508722e+06 -6.541330e+05
6.573781e+06 1.515546e+06 -6.570920e+05
6.571908e+06 1.522369e+06 -6.600500e+05
6.570027e+06 1.529190e+06 -6.630073e+05
6.568137e+06 1.536008e+06 -6.659637e+05
6.566238e+06 1.542825e+06 -6.689192e+05
6.564332e+06 1.549640e+06 -6.718739e+05
6.562417e+06 1.556453e+06 -6.748277e+05
6.560493e+06 1.563263e+06 -6.777807e+05
6.558561e+06 1.570072e+06 -6.807327e+05
6.556621e+06 1.576879e+06 -6.836840e+05
6.554672e+06 1.583684e+06 -6.866343e+05
6.552715e+06 1.590487e+06 -6.895838e+05
6.550750e+06 1.597287e+06 -6.925323e+05
6.548776e+06 1.604086e+06 -6.954800e+05
6.546794e+06 1.610883e+06 -6.984268e+05
6.544803e+06 1.617677e+06 -7.013727e+05
6.542804e+06 1.624470e+06 -7.043178e+05
6.540797e+06 1.631260e+06 -7.072619e+05
6.538781e+06 1.638049e+06 -7.102051e+05
6.536757e+06 1.644835e+06 -7.131474e+05
6.534724e+06 1.651619e+06 -7.160888e+05
6.532683e+06 1.658401e+06 -7.190292e+05
6.530634e+06 1.665181e+06 -7.219688e+05
6.528577e+06 1.671959e+06 -7.249074e+05
6.526511e+06 1.678734e+06 -7.278451e+05
6.524436e+06 1.685508e+06 -7.307818e+05
6.522354e+06 1.692279e+06 -7.337177e+05
6.520263e+06 1.699048e+06 -7.366526e+05
6.518164e+06 1.705815e+06 -7.395865e+05
6.516056e+06 1.712580e+06 -7.425195e+05
6.513940e+06 1.719343e+06 -7.454516e+05
6.511816e+06 1.726103e+06 -7.483827e+05
6.509683e+06 1.732861e+06 -7.513128e+05
6.507542e+06 1.739617e+06 -7.542420e+05
6.505392e+06 1.746371e+06 -7.571702e+05
6.503235e+06 1.753123e+06 -7.600974e+05
6.501069e+06 1.759872e+06 -7.630237e+05
6.498895e+06 1.766619e+06 -7.659490e+05
6.496712e+06 1.773364e+06 -7.688733e+05
6.494521e+06 1.780106e+06 -7.717966e+05
6.492322e+06 1.786846e+06 -7.747189e+05
6.490114e+06 1.793584e+06 -7.776403e+05
6.487898e+06 1.800320e+06 -7.805606e+05
6.485674e+06 1.807053e+06 -7.834800e+05
6.483442e+06 1.813784e+06 -7.863983e+05
6.481201e+06 1.820513e+06 -7.893157e+05
6.478952e+06 1.827239e+06 -7.922320e+05
6.476694e+06 1.833963e+06 -7.951473e+05
6.474429e+06 1.840685e+06 -7.980616e+05
6.472155e+06 1.847404e+06 -8.009749e+05
6.469872e+06 1.854121e+06 -8.038872e+05
6.467582e+06 1.860836e+06 -8.067984e+05
6.465283e+06 1.867548e+06 -8.097086e+05
6.462976e+06 1.874258e+06 -8.126177e+05
6.460661e+06 1.880965e+06 -8.155258e+05
6.458337e+06 1.887670e+06 -8.184329e+05
6.456005e+06 1.894373e+06 -8.213389e+05
6.453665e+06 1.901073e+06 -8.242439e+05
6.451317e+06 1.907771e+06 -8.271478e+05
6.448960e+06 1.914466e+06 -8.300507e+05
6.446595e+06 1.921159e+06 -8.329525e+05
6.444222e+06 1.927849e+06 -8.358532e+05
6.441841e+06 1.934537e+06 -8.387529e+05
6.439451e+06 1.941222e+06 -8.416515e+05
6.437053e+06 1.947905e+06 -8.445490e+05
6.434647e+06 1.954586e+06 -8.474454e+05
6.432232e+06 1.961264e+06 -8.503407e+05
6.429810e+06 1.967939e+06 -8.532350e+05
6.427379e+06 1.974612e+06 -8.561282e+05
6.424940e+06 1.981283e+06 -8.590202e+05
6.422493e+06 1.987950e+06 -8.619112e+05
6.420037e+06 1.994616e+06 -8.648011e+05
6.417573e+06 2.001278e+06 -8.676898e+05
6.415101e+06 2.007939e+06 -8.705775e+05
6.412621e+06 2.014596e+06 -8.734640e+05
6.410133e+06 2.021251e+06 -8.763494e+05
6.407636e+06 2.027904e+06 -8.792337e+05
6.405132e+06 2.034554e+06 -8.821169e+05
6.402619e+06 2.041201e+06 -8.849989e+05
6.400097e+06 2.047846e+06 -8.878798e+05
6.397568e+06 2.054488e+06 -8.907596e+05
6.395031e+06 2.061127e+06 -8.936382e+05
6.392485e+06 2.067764e+06 -8.965157e+05
6.389931e+06 2.074398e+06 -8.993920e+05
6.387369e+06 2.081029e+06 -9.022672e+05
6.384799e+06 2.087658e+06 -9.051412e+05
6.382220e+06 2.094284e+06 -9.080141e+05
6.379634e+06 2.100908e+06 -9.108858e+05
6.377039e+06 2.107528e+06 -9.137564e+05
6.374436e+06 2.114146e+06 -9.166257e+05
6.371825e+06 2.120762e+06 -9.194939e+05
6.369205e+06 2.127374e+06 -9.223610e+05
6.366578e+06 2.133984e+06 -9.252268e+05
6.363942e+06 2.140592e+06 -9.280915e+05
6.361299e+06 2.147196e+06 -9.309549e+05
6.358647e+06 2.153798e+06 -9.338172e+05
6.355987e+06 2.160397e+06 -9.366783e+05
6.353319e+06 2.166993e+06 -9.395382e+05
6.350643e+06 2.173586e+06 -9.423969e+05
6.347958e+06 2.180177e+06 -9.452544e+05
6.345266e+06 2.186765e+06 -9.481106e+05
6.342565e+06 2.193350e+06 -9.509657e+05
6.339856e+06 2.199932e+06 -9.538195e+05
6.337139e+06 2.206511e+06 -9.566721e+05
6.334414e+06 2.213088e+06 -9.595235e+05
6.331681e+06 2.219662e+06 -9.623737e+05
6.328940e+06 2.226232e+06 -9.652226e+05
6.326191e+06 2.232800e+06 -9.680703e+05
6.323434e+06 2.239366e+06 -9.709168e+05
6.320668e+06 2.245928e+06 -9.737620e+05
6.317894e+06 2.252487e+06 -9.766059e+05
6.315113e+06 2.259044e+06 -9.794487e+05
6.312323e+06 2.265598e+06 -9.822901e+05
6.309525e+06 2.272148e+06 -9.851303e+05
6.306719e+06 2.278696e+06 -9.879693e+05
6.303905e+06 2.285241e+06 -9.908069e+05
6.301083e+06 2.291783e+06 -9.936434e+05
6.298253e+06 2.298322e+06 -9.964785e+05
6.295415e+06 2.304859e+06 -9.993124e+05
6.292569e+06 2.311392e+06 -1.002145e+06
6.289715e+06 2.317922e+06 -1.004976e+06
6.286852e+06 2.324449e+06 -1.007806e+06
6.283982e+06 2.330974e+06 -1.010635e+06
6.281103e+06 2.337495e+06 -1.013462e+06
6.278217e+06 2.344013e+06 -1.016289e+06
6.275323e+06 2.350529e+06 -1.019113e+06
6.272420e+06 2.357041e+06 -1.021937e+06
6.269509e+06 2.363550e+06 -1.024759e+06
6.266591e+06 2.370056e+06 -1.027580e+06
6.263664e+06 2.376560e+06 -1.030400e+06
6.260730e+06 2.383060e+06 -1.033218e+06
6.257787e+06 2.389557e+06 -1.036035e+06
6.254836e+06 2.396051e+06 -1.038851e+06
6.251878e+06 2.402542e+06 -1.041665e+06
6.248911e+06 2.409030e+06 -1.044478e+06
6.245936e+06 2.415515e+06 -1.047289e+06
6.242954e+06 2.421997e+06 -1.050100e+06
6.239963e+06 2.428475e+06 -1.052909e+06
6.236965e+06 2.434951e+06 -1.055716e+06
6.233958e+06 2.441423e+06 -1.058522e+06
6.230943e+06 2.447893e+06 -1.061327e+06
6.227921e+06 2.454359e+06 -1.064131e+06
6.224890e+06 2.460822e+06 -1.066933e+06
6.221852e+06 2.467282e+06 -1.069734e+06
6.218805e+06 2.473739e+06 -1.072533e+06
6.215751e+06 2.480192e+06 -1.075331e+06
6.212688e+06 2.486643e+06 -1.078128e+06
6.209618e+06 2.493090e+06 -1.080923e+06
6.206540e+06 2.499534e+06 -1.083717e+06
6.203454e+06 2.505975e+06 -1.086510e+06
6.200359e+06 2.512412e+06 -1.089301e+06
6.197257e+06 2.518847e+06 -1.092091e+06
6.194147e+06 2.525278e+06 -1.094879e+06
6.191029e+06 2.531706e+06 -1.097666e+06
6.187904e+06 2.538130e+06 -1.100452e+06
6.184770e+06 2.544552e+06 -1.103236e+06
6.181628e+06 2.550970e+06 -1.106018e+06
6.178478e+06 2.557385e+06 -1.108800e+06
6.175321e+06 2.563797e+06 -1.111580e+06
6.172155e+06 2.570205e+06 -1.114358e+06
6.168982e+06 2.576610e+06 -1.117135e+06
6.165801e+06 2.583012e+06 -1.119911e+06
6.162612e+06 2.589410e+06 -1.122685e+06
6.159415e+06 2.595806e+06 -1.125458e+06
6.156210e+06 2.602197e+06 -1.128229e+06
6.152997e+06 2.608586e+06 -1.130999e+06
6.149776e+06 2.614971e+06 -1.133767e+06
6.146548e+06 2.621353e+06 -1.136534e+06
6.143311e+06 2.627731e+06 -1.139300e+06
6.140067e+06 2.634107e+06 -1.142064e+06
6.136815e+06 2.640478e+06 -1.144826e+06
6.133555e+06 2.646847e+06 -1.147587e+06
6.130287e+06 2.653212e+06 -1.150347e+06
6.127011e+06 2.659573e+06 -1.153105e+06
6.123728e+06 2.665931e+06 -1.155862e+06
6.120437e+06 2.672286e+06 -1.158617e+06
6.117137e+06 2.678637e+06 -1.161371e+06
6.113830e+06 2.684985e+06 -1.164123e+06
6.110515e+06 2.691330e+06 -1.166874e+06
6.107193e+06 2.697671e+06 -1.169623e+06
6.103862e+06 2.704008e+06 -1.172371e+06
6.100524e+06 2.710343e+06 -1.175117e+06
6.097178e+06 2.716673e+06 -1.177862e+06
6.093824e+06 2.723000e+06 -1.180605e+06
6.090462e+06 2.729324e+06 -1.183347e+06
6.087093e+06 2.735644e+06 -1.186087e+06
6.083715e+06 2.741961e+06 -1.188826e+06
6.080330e+06 2.748274e+06 -1.191563e+06
6.076937e+06 2.754584e+06 -1.194299e+06
6.073537e+06 2.760890e+06 -1.197033e+06
6.070128e+06 2.767192e+06 -1.199765e+06
6.066712e+06 2.773492e+06 -1.202497e+06
6.063288e+06 2.779787e+06 -1.205226e+06
6.059856e+06 2.786079e+06 -1.207954e+06
6.056417e+06 2.792367e+06 -1.210680e+06
6.052970e+06 2.798652e+06 -1.213405e+06
6.049515e+06 2.804933e+06 -1.216129e+06
6.046052e+06 2.811211e+06 -1.218850e+06
6.042582e+06 2.817485e+06 -1.221571e+06
6.039103e+06 2.823756e+06 -1.224289e+06
6.035617e+06 2.830022e+06 -1.227006e+06
6.032124e+06 2.836286e+06 -1.229722e+06
6.028622e+06 2.842545e+06 -1.232436e+06
6.025113e+06 2.848801e+06 -1.235148e+06
6.021597e+06 2.855053e+06 -1.237859e+06
6.018072e+06 2.861302e+06 -1.240568e+06
6.014540e+06 2.867547e+06 -1.243276e+06
6.011000e+06 2.873788e+06 -1.245982e+06
6.007452e+06 2.880026e+06 -1.248686e+06
6.003897e+06 2.886260e+06 -1.251389e+06
6.000334e+06 2.892490e+06 -1.254090e+06
5.996763e+06 2.898716e+06 -1.256790e+06
5.993185e+06 2.904939e+06 -1.259488e+06
5.989599e+06 2.911158e+06 -1.262184e+06
5.986005e+06 2.917374e+06 -1.264879e+06
5.982404e+06 2.923585e+06 -1.267572e+06
5.978795e+06 2.929793e+06 -1.270264e+06
5.975178e+06 2.935997e+06 -1.272954e+06
5.971554e+06 2.942198e+06 -1.275642e+06
5.967922e+06 2.948394e+06 -1.278329e+06
5.964283e+06 2.954587e+06 -1.281014e+06
5.960635e+06 2.960776e+06 -1.283697e+06
5.956981e+06 2.966962e+06 -1.286379e+06
5.953318e+06 2.973143e+06 -1.289059e+06
5.949648e+06 2.979321e+06 -1.291737e+06
5.945970e+06 2.985495e+06 -1.294414e+06
5.942285e+06 2.991665e+06 -1.297089e+06
5.938592e+06 2.997831e+06 -1.299763e+06
5.934892e+06 3.003993e+06 -1.302435e+06
5.931183e+06 3.010152e+06 -1.305105e+06
5.927468e+06 3.016306e+06 -1.307773e+06
5.923744e+06 3.022457e+06 -1.310440e+06
5.920014e+06 3.028604e+06 -1.313105e+06
5.916275e+06 3.034747e+06 -1.315769e+06
5.912529e+06 3.040887e+06 -1.318430e+06
5.908776e+06 3.047022e+06 -1.321090e+06
5.905014e+06 3.053153e+06 -1.323749e+06
5.901246e+06 3.059281e+06 -1.326405e+06
5.897469e+06 3.065404e+06 -1.329060e+06
5.893686e+06 3.071524e+06 -1.331714e+06
5.889894e+06 3.077640e+06 -1.334365e+06
5.886095e+06 3.083751e+06 -1.337015e+06
5.882289e+06 3.089859e+06 -1.339663e+06
5.878475e+06 3.095963e+06 -1.342310e+06
5.874653e+06 3.102063e+06 -1.344954e+06
5.870824e+06 3.108159e+06 -1.347597e+06
5.866988e+06 3.114251e+06 -1.350239e+06
5.863144e+06 3.120339e+06 -1.352878e+06
5.859292e+06 3.126423e+06 -1.355516e+06
5.855433e+06 3.132503e+06 -1.358152e+06
5.851567e+06 3.138579e+06 -1.360787e+06
5.847693e+06 3.144651e+06 -1.363419e+06
5.843811e+06 3.150719e+06 -1.366050e+06
5.839922e+06 3.156783e+06 -1.368679e+06
5.836026e+06 3.162842e+06 -1.371306e+06
5.832122e+06 3.168898e+06 -1.373932e+06
5.828210e+06 3.174950e+06 -1.376556e+06
5.824292e+06 3.180998e+06 -1.379178e+06
5.820365e+06 3.187041e+06 -1.381798e+06
5.816431e+06 3.193081e+06 -1.384417e+06
5.812490e+06 3.199116e+06 -1.387034e+06
5.808542e+06 3.205148e+06 -1.389649e+06
5.804586e+06 3.211175e+06 -1.392262e+06
5.800622e+06 3.217198e+06 -1.394873e+06
5.796651e+06 3.223217e+06 -1.397483e+06
5.792673e+06 3.229232e+06 -1.400091e+06
5.788687e+06 3.235243e+06 -1.402697e+06
5.784694e+06 3.241249e+06 -1.405301e+06
5.780693e+06 3.247252e+06 -1.407904e+06
5.776685e+06 3.253250e+06 -1.410504e+06
5.772670e+06 3.259244e+06 -1.413103e+06
5.768647e+06 3.265234e+06 -1.415700e+06
5.764617e+06 3.271220e+06 -1.418296e+06
5.760579e+06 3.277202e+06 -1.420889e+06
5.756534e+06 3.283179e+06 -1.423481e+06
5.752482e+06 3.289152e+06 -1.426070e+06
5.748423e+06 3.295121e+06 -1.428658e+06
5.744356e+06 3.301086e+06 -1.431244e+06
5.740281e+06 3.307047e+06 -1.433829e+06
5.736199e+06 3.313003e+06 -1.436411e+06
5.732110e+06 3.318955e+06 -1.438992e+06
5.728014e+06 3.324903e+06 -1.441571e+06
5.723910e+06 3.330846e+06 -1.444148e+06
5.719799e+06 3.336786e+06 -1.446723e+06
5.715681e+06 3.342721e+06 -1.449296e+06
5.711555e+06 3.348652e+06 -1.451867e+06
5.707422e+06 3.354578e+06 -1.454437e+06
5.703282e+06 3.360500e+06 -1.457005e+06
5.699134e+06 3.366418e+06 -1.459570e+06
5.694980e+06 3.372332e+06 -1.462134e+06
5.690817e+06 3.378241e+06 -1.464696e+06
5.686648e+06 3.384146e+06 -1.467257e+06
5.682471e+06 3.390046e+06 -1.469815e+06
5.678287e+06 3.395943e+06 -1.472371e+06
5.674096e+06 3.401835e+06 -1.474926e+06
5.669897e+06 3.407722e+06 -1.477478e+06
5.665692e+06 3.413605e+06 -1.480029e+06
5.661479e+06 3.419484e+06 -1.482578e+06
5.657258e+06 3.425359e+06 -1.485125e+06
5.653031e+06 3.431229e+06 -1.487670e+06
5.648796e+06 3.437094e+06 -1.490213e+06
5.644554e+06 3.442956e+06 -1.492755e+06
5.640305e+06 3.448813e+06 -1.495294e+06
5.636048e+06 3.454665e+06 -1.497831e+06
5.631785e+06 3.460513e+06 -1.500367e+06
5.627514e+06 3.466357e+06 -1.502901e+06
5.623236e+06 3.472196e+06 -1.505432e+06
5.618950e+06 3.478031e+06 -1.507962e+06
5.614658e+06 3.483861e+06 -1.510490e+06
5.610358e+06 3.489687e+06 -1.513016e+06
5.606051e+06 3.495508e+06 -1.515540e+06
5.601737e+06 3.501325e+06 -1.518062e+06
5.597416e+06 3.507137e+06 -1.520582e+06
5.593088e+06 3.512945e+06 -1.523100e+06
5.588752e+06 3.518749e+06 -1.525616e+06
5.584410e+06 3.524548e+06 -1.528130e+06
5.580060e+06 3.530342e+06 -1.530642e+06
5.575703e+06 3.536132e+06 -1.533153e+06
5.571339e+06 3.541917e+06 -1.535661e+06
5.566968e+06 3.547698e+06 -1.538167e+06
5.562589e+06 3.553474e+06 -1.540672e+06
5.558204e+06 3.559246e+06 -1.543174e+06
5.553811e+06 3.565013e+06 -1.545675e+06
5.549412e+06 3.570776e+06 -1.548173e+06
5.545005e+06 3.576534e+06 -1.550670e+06
5.540591e+06 3.582287e+06 -1.553164e+06
5.536170e+06 3.588036e+06 -1.555657e+06
5.531742e+06 3.593780e+06 -1.558147e+06
5.527307e+06 3.599520e+06 -1.560636e+06
5.522865e+06 3.605255e+06 -1.563122e+06
5.518415e+06 3.610986e+06 -1.565607e+06
5.513959e+06 3.616711e+06 -1.568089e+06
5.509496e+06 3.622433e+06 -1.570570e+06
5.505025e+06 3.628149e+06 -1.573049e+06
5.500548e+06 3.633861e+06 -1.575525e+06
5.496063e+06 3.639568e+06 -1.578000e+06
5.491571e+06 3.645271e+06 -1.580472e+06
5.487073e+06 3.650969e+06 -1.582942e+06
5.482567e+06 3.656662e+06 -1.585411e+06
5.478055e+06 3.662351e+06 -1.587877e+06
5.473535e+06 3.668035e+06 -1.590342e+06
5.469008e+06 3.673714e+06 -1.592804e+06
5.464475e+06 3.679388e+06 -1.595264e+06
5.459934e+06 3.685058e+06 -1.597722e+06
5.455386e+06 3.690723e+06 -1.600179e+06
5.450832e+06 3.696384e+06 -1.602633e+06
5.446270e+06 3.702039e+06 -1.605085e+06
5.441701e+06 3.707690e+06 -1.607535e+06
5.437126e+06 3.713336e+06 -1.609983e+06
5.432543e+06 3.718978e+06 -1.612429e+06
5.427954e+06 3.724614e+06 -1.614873e+06
5.423357e+06 3.730246e+06 -1.617315e+06
5.418754e+06 3.735873e+06 -1.619754e+06
5.414144e+06 3.741496e+06 -1.622192e+06
5.409527e+06 3.747113e+06 -1.624627e+06
5.404902e+06 3.752726e+06 -1.627061e+06
5.400271e+06 3.758334e+06 -1.629492e+06
5.395633e+06 3.763937e+06 -1.631922e+06
5.390989e+06 3.769535e+06 -1.634349e+06
5.386337e+06 3.775129e+06 -1.636774e+06
5.381678e+06 3.780717e+06 -1.639197e+06
5.377013e+06 3.786301e+06 -1.641618e+06
5.372340e+06 3.791880e+06 -1.644037e+06
5.367661e+06 3.797454e+06 -1.646454e+06
5.362975e+06 3.803023e+06 -1.648868e+06
5.358281e+06 3.808588e+06 -1.651281e+06
5.353582e+06 3.814147e+06 -1.653691e+06
5.348875e+06 3.819702e+06 -1.656100e+06
5.344161e+06 3.825252e+06 -1.658506e+06
5.339441e+06 3.830796e+06 -1.660910e+06
5.334713e+06 3.836336e+06 -1.663312e+06
5.329979e+06 3.841871e+06 -1.665712e+06
5.325238e+06 3.847401e+06 -1.668109e+06
5.320491e+06 3.852927e+06 -1.670505e+06
5.315736e+06 3.858447e+06 -1.672898e+06
5.310975e+06 3.863962e+06 -1.675289e+06
5.306207e+06 3.869472e+06 -1.677678e+06
5.301432e+06 3.874978e+06 -1.680065e+06
5.296650e+06 3.880478e+06 -1.682450e+06
5.291861e+06 3.885974e+06 -1.684833e+06
5.287066e+06 3.891464e+06 -1.687213e+06
5.282264e+06 3.896950e+06 -1.689592e+06
5.277455e+06 3.902430e+06 -1.691968e+06
5.272639e+06 3.907906e+06 -1.694342e+06
5.267817e+06 3.913376e+06 -1.696714e+06
5.262988e+06 3.918842e+06 -1.699083e+06
5.258152e+06 3.924302e+06 -1.701451e+06
5.253310e+06 3.929758e+06 -1.703816e+06
5.248460e+06 3.935208e+06 -1.706179e+06
5.243604e+06 3.940654e+06 -1.708540e+06
5.238742e+06 3.946094e+06 -1.710899e+06
5.233872e+06 3.951529e+06 -1.713256e+06
5.228996e+06 3.956960e+06 -1.715610e+06
5.224113e+06 3.962385e+06 -1.717962e+06
5.219224e+06 3.967805e+06 -1.720312e+06
5.214328e+06 3.973220e+06 -1.722660e+06
5.209425e+06 3.978630e+06 -1.725006e+06
5.204515e+06 3.984035e+06 -1.727349e+06
5.199599e+06 3.989435e+06 -1.729690e+06
5.194676e+06 3.994829e+06 -1.732029e+06
5.189747e+06 4.000219e+06 -1.734366e+06
5.184811e+06 4.005603e+06 -1.736700e+06
5.179868e+06 4.010983e+06 -1.739033e+06
5.174919e+06 4.016357e+06 -1.741363e+06
5.169963e+06 4.021726e+06 -1.743691e+06
5.165000e+06 4.027090e+06 -1.746016e+06
5.160031e+06 4.032448e+06 -1.748340e+06
5.155055e+06 4.037802e+06 -1.750661e+06
5.150073e+06 4.043150e+06 -1.752980e+06
5.145084e+06 4.048493e+06 -1.755296e+06
5.140088e+06 4.053832e+06 -1.757611e+06
5.135086e+06 4.059164e+06 -1.759923e+06
5.130077e+06 4.064492e+06 -1.762233e+06
5.125062e+06 4.069814e+06 -1.764540e+06
5.120040e+06 4.075132e+06 -1.766846e+06
5.115011e+06 4.080444e+06 -1.769149e+06
5.109976e+06 4.085751e+06 -1.771450e+06
5.104935e+06 4.091052e+06 -1.773748e+06
5.099887e+06 4.096348e+06 -1.776045e+06
5.094832e+06 4.101640e+06 -1.778339e+06
5.089771e+06 4.106925e+06 -1.780630e+06
5.084703e+06 4.112206e+06 -1.782920e+06
5.079629e+06 4.117481e+06 -1.785207e+06
5.074549e+06 4.122751e+06 -1.787492e+06
5.069461e+06 4.128016e+06 -1.789775e+06
5.064368e+06 4.133276e+06 -1.792055e+06
5.059268e+06 4.138530e+06 -1.794333e+06
5.054161e+06 4.143779e+06 -1.796609e+06
5.049048e+06 4.149022e+06 -1.798882e+06
5.043929e+06 4.154261e+06 -1.801153e+06
5.038803e+06 4.159494e+06 -1.803422e+06
5.033670e+06 4.164721e+06 -1.805689e+06
5.028531e+06 4.169943e+06 -1.807953e+06
5.023386e+06 4.175160e+06 -1.810215e+06
5.018234e+06 4.180372e+06 -1.812475e+06
5.013076e+06 4.185578e+06 -1.814732e+06
5.007912e+06 4.190779e+06 -1.816987e+06
5.002741e+06 4.195975e+06 -1.819239e+06
4.997563e+06 4.201165e+06 -1.821490e+06
4.992379e+06 4.206350e+06 -1.823738e+06
4.987189e+06 4.211529e+06 -1.825983e+06
4.981993e+06 4.216703e+06 -1.828227e+06
4.976790e+06 4.221872e+06 -1.830468e+06
4.971580e+06 4.227035e+06 -1.832706e+06
4.966365e+06 4.232193e+06 -1.834942e+06
4.961143e+06 4.237345e+06 -1.837176e+06
4.955914e+06 4.242492e+06 -1.839408e+06
4.950680e+06 4.247634e+06 -1.841637e+06
4.945439e+06 4.252770e+06 -1.843864e+06
4.940191e+06 4.257901e+06 -1.846088e+06
4.934937e+06 4.263026e+06 -1.848311e+06
4.929677e+06 4.268146e+06 -1.850530e+06
4.924411e+06 4.273260e+06 -1.852748e+06
4.919138e+06 4.278369e+06 -1.854963e+06
4.913859e+06 4.283472e+06 -1.857175e+06
4.908574e+06 4.288570e+06 -1.859386e+06
4.903283e+06 4.293662e+06 -1.861594e+06
4.897985e+06 4.298749e+06 -1.863799e+06
4.892681e+06 4.303831e+06 -1.866002e+06
4.887371e+06 4.308907e+06 -1.868203e+06
4.882054e+06 4.313977e+06 -1.870401e+06
4.876731e+06 4.319042e+06 -1.872597e+06
4.871402e+06 4.324101e+06 -1.874791e+06
4.866067e+06 4.329155e+06 -1.876982e+06
4.860725e+06 4.334203e+06 -1.879171e+06
4.855378e+06 4.339246e+06 -1.881357e+06
4.850024e+06 4.344283e+06 -1.883541e+06
4.844663e+06 4.349314e+06 -1.885723e+06
4.839297e+06 4.354340e+06 -1.887902e+06
4.833924e+06 4.359361e+06 -1.890078e+06
4.828546e+06 4.364376e+06 -1.892253e+06
4.823161e+06 4.369385e+06 -1.894424e+06
4.817770e+06 4.374389e+06 -1.896594e+06
4.812372e+06 4.379387e+06 -1.898761e+06
4.806969e+06 4.384379e+06 -1.900925e+06
4.801559e+06 4.389366e+06 -1.903088e+06
4.796144e+06 4.394347e+06 -1.905247e+06
4.790722e+06 4.399323e+06 -1.907405e+06
4.785294e+06 4.404293e+06 -1.909559e+06
4.779860e+06 4.409257e+06 -1.911712e+06
4.774419e+06 4.414216e+06 -1.913862e+06
4.768973e+06 4.419169e+06 -1.916009e+06
4.763521e+06 4.424116e+06 -1.918154e+06
4.758062e+06 4.429058e+06 -1.920297e+06
4.752597e+06 4.433994e+06 -1.922437e+06
4.747127e+06 4.438925e+06 -1.924575e+06
4.741650e+06 4.443849e+06 -1.926710e+06
4.736167e+06 4.448768e+06 -1.928843e+06
4.730678e+06 4.453682e+06 -1.930973e+06
4.725183e+06 4.458589e+06 -1.933101e+06
4.719682e+06 4.463491e+06 -1.935226e+06
4.714175e+06 4.468387e+06 -1.937349e+06
4.708662e+06 4.473278e+06 -1.939469e+06
4.703143e+06 4.478163e+06 -1.941587e+06
4.697617e+06 4.483042e+06 -1.943702e+06
4.692086e+06 4.487915e+06 -1.945815e+06
4.686549e+06 4.492782e+06 -1.947926e+06
4.681006e+06 4.497644e+06 -1.950034e+06
4.675457e+06 4.502500e+06 -1.952139e+06
4.669901e+06 4.507351e+06 -1.954242e+06
4.664340e+06 4.512195e+06 -1.956342e+06
4.658773e+06 4.517034e+06 -1.958440e+06
4.653200e+06 4.521867e+06 -1.960536e+06
4.647621e+06 4.526694e+06 -1.962629e+06
4.642036e+06 4.531515e+06 -1.964719e+06
4.636445e+06 4.536331e+06 -1.966807e+06
4.630848e+06 4.541141e+06 -1.968892e+06
4.625246e+06 4.545944e+06 -1.970975e+06
4.619637e+06 4.550743e+06 -1.973055e+06
4.614022e+06 4.555535e+06 -1.975133e+06
4.608402e+06 4.560321e+06 -1.977208e+06
4.602775e+06 4.565102e+06 -1.979281e+06
4.597143e+06 4.569877e+06 -1.981351e+06
4.591505e+06 4.574646e+06 -1.983419e+06
4.585861e+06 4.579409e+06 -1.985484e+06
4.580211e+06 4.584166e+06 -1.987547e+06
4.574555e+06 4.588917e+06 -1.989607e+06
4.568893e+06 4.593663e+06 -1.991664e+06
4.563226e+06 4.598402e+06 -1.993719e+06
4.557552e+06 4.603136e+06 -1.995771e+06
4.551873e+06 4.607864e+06 -1.997821e+06
4.546188e+06 4.612586e+06 -1.999869e+06
4.540497e+06 4.617302e+06 -2.001913e+06
4.534801e+06 4.622012e+06 -2.003955e+06
4.529098e+06 4.626716e+06 -2.005995e+06
4.523390e+06 4.631414e+06 -2.008032e+06
4.517676e+06 4.636107e+06 -2.010066e+06
4.511956e+06 4.640793e+06 -2.012098e+06
4.506231e+06 4.645474e+06 -2.014128e+06
4.500499e+06 4.650148e+06 -2.016154e+06
4.494762e+06 4.654817e+06 -2.018178e+06
4.489019e+06 4.659479e+06 -2.020200e+06
4.483271e+06 4.664136e+06 -2.022219e+06
4.477516e+06 4.668787e+06 -2.024235e+06
4.471756e+06 4.673431e+06 -2.026249e+06
4.465990e+06 4.678070e+06 -2.028260e+06
4.460219e+06 4.682703e+06 -2.030269e+06
4.454442e+06 4.687330e+06 -2.032275e+06
4.448659e+06 4.691950e+06 -2.034278e+06
4.442870e+06 4.696565e+06 -2.036279e+06
4.437076e+06 4.701174e+06 -2.038277e+06
4.431276e+06 4.705776e+06 -2.040273e+06
4.425470e+06 4.710373e+06 -2.042266e+06
4.419659e+06 4.714964e+06 -2.044256e+06
4.413842e+06 4.719548e+06 -2.046244e+06
4.408019e+06 4.724127e+06 -2.048229e+06
4.402191e+06 4.728699e+06 -2.050212e+06
4.396357e+06 4.733266e+06 -2.052192e+06
4.390517e+06 4.737826e+06 -2.054169e+06
4.384672e+06 4.742381e+06 -2.056143e+06
4.378821e+06 4.746929e+06 -2.058115e+06
4.372965e+06 4.751471e+06 -2.060085e+06
4.367103e+06 4.756007e+06 -2.062051e+06
4.361235e+06 4.760537e+06 -2.064016e+06
4.355362e+06 4.765061e+06 -2.065977e+06
4.349483e+06 4.769579e+06 -2.067936e+06
4.343599e+06 4.774091e+06 -2.069892e+06
4.337709e+06 4.778596e+06 -2.071845e+06
4.331814e+06 4.783096e+06 -2.073796e+06
4.325913e+06 4.787589e+06 -2.075744e+06
4.320006e+06 4.792077e+06 -2.077690e+06
4.314094e+06 4.796558e+06 -2.079633e+06
4.308177e+06 4.801033e+06 -2.081573e+06
4.302254e+06 4.805502e+06 -2.083511e+06
4.296325e+06 4.809964e+06 -2.085445e+06
4.290391e+06 4.814421e+06 -2.087378e+06
4.284452e+06 4.818871e+06 -2.089307e+06
4.278507e+06 4.823315e+06 -2.091234e+06
4.272556e+06 4.827753e+06 -2.093158e+06
4.266600e+06 4.832185e+06 -2.095080e+06
4.260639e+06 4.836611e+06 -2.096999e+06
4.254672e+06 4.841030e+06 -2.098915e+06
4.248699e+06 4.845444e+06 -2.100828e+06
4.242722e+06 4.849851e+06 -2.102739e+06
4.236738e+06 4.854252e+06 -2.104647e+06
4.230750e+06 4.858646e+06 -2.106552e+06
4.224756e+06 4.863035e+06 -2.108455e+06
4.218756e+06 4.867417e+06 -2.110355e+06
4.212751e+06 4.871793e+06 -2.112252e+06
4.206741e+06 4.876163e+06 -2.114147e+06
4.200725e+06 4.880526e+06 -2.116039e+06
4.194704e+06 4.884883e+06 -2.117928e+06
4.188678e+06 4.889234e+06 -2.119814e+06
4.182646e+06 4.893579e+06 -2.121698e+06
4.176609e+06 4.897918e+06 -2.123579e+06
4.170567e+06 4.902250e+06 -2.125457e+06
4.164519e+06 4.906576e+06 -2.127333e+06
4.158466e+06 4.910895e+06 -2.129206e+06
4.152407e+06 4.915209e+06 -2.131076e+06
4.146344e+06 4.919516e+06 -2.132943e+06
4.140275e+06 4.923817e+06 -2.134808e+06
4.134200e+06 4.928111e+06 -2.136670e+06
4.128121e+06 4.932399e+06 -2.138529e+06
4.122036e+06 4.936681e+06 -2.140386e+06
4.115945e+06 4.940957e+06 -2.142240e+06
4.109850e+06 4.945226e+06 -2.144090e+06
4.103749e+06 4.949489e+06 -2.145939e+06
4.097643e+06 4.953745e+06 -2.147784e+06
4.091532e+06 4.957995e+06 -2.149627e+06
4.085416e+06 4.962239e+06 -2.151467e+06
4.079294e+06 4.966477e+06 -2.153304e+06
4.073167e+06 4.970708e+06 -2.155139e+06
4.067035e+06 4.974933e+06 -2.156970e+06
4.060897e+06 4.979151e+06 -2.158799e+06
4.054755e+06 4.983363e+06 -2.160626e+06
4.048607e+06 4.987569e+06 -2.162449e+06
4.042454e+06 4.991768e+06 -2.164270e+06
4.036296e+06 4.995961e+06 -2.166088e+06
4.030133e+06 5.000148e+06 -2.167903e+06
4.023964e+06 5.004328e+06 -2.169715e+06
4.017791e+06 5.008501e+06 -2.171525e+06
4.011612e+06 5.012669e+06 -2.173332e+06
4.005428e+06 5.016830e+06 -2.175136e+06
3.999239e+06 5.020984e+06 -2.176937e+06
3.993045e+06 5.025132e+06 -2.178735e+06
3.986846e+06 5.029274e+06 -2.180531e+06
3.980642e+06 5.033409e+06 -2.182324e+06
3.974432e+06 5.037537e+06 -2.184114e+06
3.968218e+06 5.041660e+06 -2.185901e+06
3.961998e+06 5.045776e+06 -2.187686e+06
3.955774e+06 5.049885e+06 -2.189467e+06
3.949544e+06 5.053988e+06 -2.191246e+06
3.943309e+06 5.058084e+06 -2.193022e+06
3.937069e+06 5.062174e+06 -2.194795e+06
3.930825e+06 5.066258e+06 -2.196566e+06
3.924575e+06 5.070335e+06 -2.198334e+06
3.918320e+06 5.074405e+06 -2.200098e+06
3.912060e+06 5.078469e+06 -2.201860e+06
3.905795e+06 5.082527e+06 -2.203620e+06
3.899525e+06 5.086578e+06 -2.205376e+06
3.893250e+06 5.090622e+06 -2.207130e+06
3.886970e+06 5.094660e+06 -2.208880e+06
3.880685e+06 5.098691e+06 -2.210628e+06
3.874396e+06 5.102716e+06 -2.212373e+06
3.868101e+06 5.106735e+06 -2.214116e+06
3.861801e+06 5.110747e+06 -2.215855e+06
3.855496e+06 5.114752e+06 -2.217591e+06
3.849187e+06 5.118751e+06 -2.219325e+06
3.842872e+06 5.122743e+06 -2.221056e+06
3.836553e+06 5.126728e+06 -2.222784e+06
3.830228e+06 5.130707e+06 -2.224509e+06
3.823899e+06 5.134680e+06 -2.226232e+06
3.817565e+06 5.138646e+06 -2.227951e+06
3.811226e+06 5.142605e+06 -2.229668e+06
3.804882e+06 5.146558e+06 -2.231382e+06
3.798533e+06 5.150504e+06 -2.233093e+06
3.792179e+06 5.154444e+06 -2.234801e+06
3.785821e+06 5.158377e+06 -2.236506e+06
3.779457e+06 5.162303e+06 -2.238208e+06
3.773089e+06 5.166223e+06 -2.239908e+06
3.766716e+06 5.170136e+06 -2.241604e+06
3.760338e+06 5.174043e+06 -2.243298e+06
3.753956e+06 5.177943e+06 -2.244989e+06
3.747568e+06 5.181836e+06 -2.246677e+06
3.741176e+06 5.185723e+06 -2.248362e+06
3.734779e+06 5.189603e+06 -2.250044e+06
3.728377e+06 5.193476e+06 -2.251724e+06
3.721970e+06 5.197343e+06 -2.253400e+06
3.715559e+06 5.201203e+06 -2.255074e+06
3.709143e+06 5.205057e+06 -2.256745e+06
3.702722e+06 5.208903e+06 -2.258413e+06
3.696296e+06 5.212743e+06 -2.260077e+06
3.689866e+06 5.216577e+06 -2.261740e+06
3.683431e+06 5.220404e+06 -2.263399e+06
3.676991e+06 5.224224e+06 -2.265055e+06
3.670546e+06 5.228037e+06 -2.266708e+06
3.664097e+06 5.231844e+06 -2.268359e+06
3.657643e+06 5.235644e+06 -2.270006e+06
3.651185e+06 5.239437e+06 -2.271651e+06
3.644722e+06 5.243224e+06 -2.273293e+06
3.638254e+06 5.247004e+06 -2.274932e+06
3.631781e+06 5.250777e+06 -2.276568e+06
3.625304e+06 5.254543e+06 -2.278201e+06
3.618822e+06 5.258303e+06 -2.279831e+06
3.612335e+06 5.262056e+06 -2.281458e+06
3.605844e+06 5.265802e+06 -2.283082e+06
3.599349e+06 5.269542e+06 -2.284703e+06
3.592848e+06 5.273274e+06 -2.286322e+06
3.586343e+06 5.277000e+06 -2.287937e+06
3.579834e+06 5.280720e+06 -2.289550e+06
3.573320e+06 5.284432e+06 -2.291159e+06
3.566801e+06 5.288138e+06 -2.292766e+06
3.560278e+06 5.291837e+06 -2.294370e+06
3.553750e+06 5.295529e+06 -2.295971e+06
3.547218e+06 5.299215e+06 -2.297569e+06
3.540681e+06 5.302893e+06 -2.299164e+06
3.534139e+06 5.306565e+06 -2.300756e+06
3.527593e+06 5.310230e+06 -2.302345e+06
3.521043e+06 5.313888e+06 -2.303931e+06
3.514488e+06 5.317540e+06 -2.305514e+06
3.507928e+06 5.321185e+06 -2.307094e+06
3.501364e+06 5.324822e+06 -2.308671e+06
3.494796e+06 5.328453e+06 -2.310246e+06
3.488223e+06 5.332078e+06 -2.311817e+06
3.481646e+06 5.335695e+06 -2.313385e+06
3.475064e+06 5.339306e+06 -2.314951e+06
3.468478e+06 5.342909e+06 -2.316513e+06
3.461887e+06 5.346506e+06 -2.318073e+06
3.455292e+06 5.350096e+06 -2.319629e+06
3.448692e+06 5.353679e+06 -2.321183e+06
3.442088e+06 5.357256e+06 -2.322733e+06
3.435480e+06 5.360825e+06 -2.324281e+06
3.428867e+06 5.364388e+06 -2.325826e+06
3.422250e+06 5.367944e+06 -2.327367e+06
3.415628e+06 5.371492e+06 -2.328906e+06
3.409002e+06 5.375034e+06 -2.330442e+06
3.402372e+06 5.378570e+06 -2.331974e+06
3.395737e+06 5.382098e+06 -2.333504e+06
3.389098e+06 5.385619e+06 -2.335031e+06
3.382455e+06 5.389134e+06 -2.336555e+06
3.375807e+06 5.392641e+06 -2.338075e+06
3.369155e+06 5.396142e+06 -2.339593e+06
3.362499e+06 5.399636e+06 -2.341108e+06
3.355838e+06 5.403122e+06 -2.342620e+06
3.349173e+06 5.406602e+06 -2.344128e+06
3.342504e+06 5.410075e+06 -2.345634e+06
3.335831e+06 5.413541e+06 -2.347137e+06
3.329153e+06 5.417001e+06 -2.348637e+06
3.322471e+06 5.420453e+06 -2.350134e+06
3.315785e+06 5.423898e+06 -2.351627e+06
3.309094e+06 5.427336e+06 -2.353118e+06
3.302400e+06 5.430768e+06 -2.354606e+06
3.295701e+06 5.434192e+06 -2.356091e+06
3.288997e+06 5.437610e+06 -2.357572e+06
3.282290e+06 5.441020e+06 -2.359051e+06
3.275578e+06 5.444424e+06 -2.360527e+06
3.268863e+06 5.447820e+06 -2.361999e+06
3.262143e+06 5.451210e+06 -2.363469e+06
3.255419e+06 5.454593e+06 -2.364935e+06
3.248690e+06 5.457968e+06 -2.366399e+06
3.241958e+06 5.461337e+06 -2.367860e+06
3.235221e+06 5.464699e+06 -2.369317e+06
3.228480e+06 5.468053e+06 -2.370772e+06
3.221735e+06 5.471401e+06 -2.372223e+06
3.214986e+06 5.474742e+06 -2.373671e+06
3.208233e+06 5.478075e+06 -2.375117e+06
3.201476e+06 5.481402e+06 -2.376559e+06
3.194715e+06 5.484722e+06 -2.377998e+06
3.187949e+06 5.488034e+06 -2.379435e+06
3.181180e+06 5.491340e+06 -2.380868e+06
3.174406e+06 5.494638e+06 -2.382298e+06
3.167629e+06 5.497930e+06 -2.383725e+06
3.160847e+06 5.501214e+06 -2.385149e+06
3.154061e+06 5.504492e+06 -2.386570e+06
3.147271e+06 5.507762e+06 -2.387988e+06
3.140478e+06 5.511026e+06 -2.389403e+06
3.133680e+06 5.514282e+06 -2.390815e+06
3.126878e+06 5.517531e+06 -2.392224e+06
3.120072e+06 5.520773e+06 -2.393629e+06
3.113262e+06 5.524008e+06 -2.395032e+06
3.106448e+06 5.527237e+06 -2.396432e+06
3.099631e+06 5.530457e+06 -2.397828e+06
3.092809e+06 5.533671e+06 -2.399221e+06
3.085983e+06 5.536878e+06 -2.400612e+06
3.079154e+06 5.540078e+06 -2.401999e+06
3.072320e+06 5.543271e+06 -2.403383e+06
3.065482e+06 5.546456e+06 -2.404765e+06
3.058641e+06 5.549635e+06 -2.406143e+06
3.051795e+06 5.552806e+06 -2.407518e+06
3.044946e+06 5.555970e+06 -2.408889e+06
3.038093e+06 5.559127e+06 -2.410258e+06
3.031236e+06 5.562277e+06 -2.411624e+06
3.024375e+06 5.565420e+06 -2.412987e+06
3.017510e+06 5.568556e+06 -2.414346e+06
3.010641e+06 5.571684e+06 -2.415703e+06
3.003769e+06 5.574806e+06 -2.417056e+06
2.996893e+06 5.577920e+06 -2.418406e+06
2.990012e+06 5.581028e+06 -2.419754e+06
2.983128e+06 5.584128e+06 -2.421098e+06
2.976240e+06 5.587221e+06 -2.422439e+06
2.969349e+06 5.590306e+06 -2.423777e+06
2.962453e+06 5.593385e+06 -2.425111e+06
2.955554e+06 5.596456e+06 -2.426443e+06
2.948651e+06 5.599521e+06 -2.427772e+06
2.941744e+06 5.602578e+06 -2.429097e+06
2.934833e+06 5.605628e+06 -2.430419e+06
2.927919e+06 5.608671e+06 -2.431739e+06
2.921001e+06 5.611706e+06 -2.433055e+06
2.914079e+06 5.614735e+06 -2.434368e+06
2.907154e+06 5.617756e+06 -2.435678e+06
2.900224e+06 5.620770e+06 -2.436985e+06
2.893291e+06 5.623777e+06 -2.438288e+06
2.886355e+06 5.626776e+06 -2.439589e+06
2.879414e+06 5.629769e+06 -2.440886e+06
2.872470e+06 5.632754e+06 -2.442181e+06
2.865522e+06 5.635732e+06 -2.443472e+06
2.858571e+06 5.638703e+06 -2.444760e+06
2.851616e+06 5.641667e+06 -2.446045e+06
2.844657e+06 5.644623e+06 -2.447327e+06
2.837695e+06 5.647572e+06 -2.448605e+06
2.830729e+06 5.650514e+06 -2.449881e+06
2.823759e+06 5.653449e+06 -2.451153e+06
2.816786e+06 5.656376e+06 -2.452422e+06
2.809809e+06 5.659296e+06 -2.453688e+06
2.802829e+06 5.662209e+06 -2.454951e+06
2.795844e+06 5.665115e+06 -2.456211e+06
2.788857e+06 5.668014e+06 -2.457468e+06
2.781866e+06 5.670905e+06 -2.458721e+06
2.774871e+06 5.673789e+06 -2.459972e+06
2.767873e+06 5.676665e+06 -2.461219e+06
2.760871e+06 5.679535e+06 -2.462463e+06
2.753865e+06 5.682397e+06 -2.463704e+06
2.746857e+06 5.685252e+06 -2.464942e+06
2.739844e+06 5.688100e+06 -2.466177e+06
2.732828e+06 5.690940e+06 -2.467408e+06
2.725809e+06 5.693773e+06 -2.468636e+06
2.718786e+06 5.696599e+06 -2.469862e+06
2.711759e+06 5.699417e+06 -2.471084e+06
2.704730e+06 5.702228e+06 -2.472302e+06
2.697696e+06 5.705032e+06 -2.473518e+06
2.690659e+06 5.707829e+06 -2.474731e+06
2.683619e+06 5.710618e+06 -2.475940e+06
2.676576e+06 5.713400e+06 -2.477146e+06
2.669529e+06 5.716175e+06 -2.478349e+06
2.662478e+06 5.718942e+06 -2.479549e+06
2.655424e+06 5.721702e+06 -2.480746e+06
2.648367e+06 5.724455e+06 -2.481939e+06
2.641306e+06 5.727200e+06 -2.483129e+06
2.634242e+06 5.729938e+06 -2.484316e+06
2.627175e+06 5.732669e+06 -2.485500e+06
2.620104e+06 5.735392e+06 -2.486681e+06
2.613030e+06 5.738108e+06 -2.487859e+06
2.605952e+06 5.740817e+06 -2.489033e+06
2.598871e+06 5.743518e+06 -2.490204e+06
2.591787e+06 5.746212e+06 -2.491372e+06
2.584700e+06 5.748899e+06 -2.492537e+06
2.577609e+06 5.751578e+06 -2.493699e+06
2.570515e+06 5.754250e+06 -2.494857e+06
2.563417e+06 5.756914e+06 -2.496012e+06
2.556317e+06 5.759572e+06 -2.497165e+06
2.549213e+06 5.762221e+06 -2.498313e+06
2.542105e+06 5.764864e+06 -2.499459e+06
2.534995e+06 5.767499e+06 -2.500602e+06
2.527881e+06 5.770126e+06 -2.501741e+06
2.520764e+06 5.772747e+06 -2.502877e+06
2.513644e+06 5.775360e+06 -2.504010e+06
2.506521e+06 5.777965e+06 -2.505139e+06
2.499394e+06 5.780563e+06 -2.506266e+06
2.492264e+06 5.783154e+06 -2.507389e+06
2.485131e+06 5.785737e+06 -2.508509e+06
2.477995e+06 5.788313e+06 -2.509626e+06
2.470856e+06 5.790881e+06 -2.510739e+06
2.463713e+06 5.793442e+06 -2.511850e+06
2.456568e+06 5.795996e+06 -2.512957e+06
2.449419e+06 5.798542e+06 -2.514061e+06
2.442267e+06 5.801081e+06 -2.515162e+06
2.435112e+06 5.803613e+06 -2.516259e+06
2.427954e+06 5.806136e+06 -2.517354e+06
2.420793e+06 5.808653e+06 -2.518445e+06
2.413628e+06 5.811162e+06 -2.519533e+06
2.406461e+06 5.813664e+06 -2.520617e+06
2.399290e+06 5.816158e+06 -2.521699e+06
2.392117e+06 5.818645e+06 -2.522777e+06
2.384940e+06 5.821124e+06 -2.523852e+06
2.377760e+06 5.823596e+06 -2.524923e+06
2.370577e+06 5.826060e+06 -2.525992e+06
2.363392e+06 5.828517e+06 -2.527057e+06
2.356203e+06 5.830967e+06 -2.528119e+06
2.349011e+06 5.833409e+06 -2.529178e+06
2.341816e+06 5.835843e+06 -2.530233e+06
2.334618e+06 5.838270e+06 -2.531286e+06
2.327417e+06 5.840690e+06 -2.532335e+06
2.320213e+06 5.843102e+06 -2.533381e+06
2.313007e+06 5.845507e+06 -2.534423e+06
2.305797e+06 5.847904e+06 -2.535463e+06
2.298584e+06 5.850294e+06 -2.536499e+06
2.291369e+06 5.852676e+06 -2.537532e+06
2.284150e+06 5.855050e+06 -2.538561e+06
2.276928e+06 5.857418e+06 -2.539587e+06
2.269704e+06 5.859777e+06 -2.540611e+06
2.262477e+06 5.862130e+06 -2.541630e+06
2.255247e+06 5.864474e+06 -2.542647e+06
2.248013e+06 5.866812e+06 -2.543660e+06
2.240777e+06 5.869141e+06 -2.544670e+06
2.233539e+06 5.871463e+06 -2.545677e+06
2.226297e+06 5.873778e+06 -2.546681e+06
2.219052e+06 5.876085e+06 -2.547681e+06
2.21180