8.359990e-01 -4.718432e-13 7.188149e-13 -5.487310e-01
8.360018e-01 2.870657e-04 -4.400156e-04 -5.487264e-01
8.360094e-01 5.320342e-04 -8.202641e-04 -5.487143e-01
8.360201e-01 7.417761e-04 -1.149838e-03 -5.486971e-01
8.360329e-01 9.225118e-04 -1.437063e-03 -5.486767e-01
8.360465e-01 1.079844e-03 -1.689522e-03 -5.486549e-01
8.360602e-01 1.218791e-03 -1.914088e-03 -5.486330e-01
8.360732e-01 1.343822e-03 -2.116957e-03 -5.486122e-01
8.360851e-01 1.458892e-03 -2.303679e-03 -5.485931e-01
8.360953e-01 1.567477e-03 -2.479198e-03 -5.485764e-01
8.361036e-01 1.672609e-03 -2.647888e-03 -5.485626e-01
8.361099e-01 1.776911e-03 -2.813587e-03 -5.485519e-01
8.361140e-01 1.882630e-03 -2.979640e-03 -5.485444e-01
8.361159e-01 1.991669e-03 -3.148931e-03 -5.485401e-01
8.361157e-01 2.105621e-03 -3.323920e-03 -5.485391e-01
8.361133e-01 2.225793e-03 -3.506679e-03 -5.485410e-01
8.361090e-01 2.353240e-03 -3.698924e-03 -5.485458e-01
8.361029e-01 2.488788e-03 -3.902051e-03 -5.485531e-01
8.360952e-01 2.633062e-03 -4.117163e-03 -5.485627e-01
8.360860e-01 2.786505e-03 -4.345101e-03 -5.485742e-01
8.360755e-01 2.949404e-03 -4.586471e-03 -5.485873e-01
8.360640e-01 3.121910e-03 -4.841673e-03 -5.486017e-01
8.360516e-01 3.304052e-03 -5.110924e-03 -5.486171e-01
8.360385e-01 3.495760e-03 -5.394277e-03 -5.486331e-01
8.360249e-01 3.696875e-03 -5.691649e-03 -5.486496e-01
8.360109e-01 3.907169e-03 -6.002837e-03 -5.486660e-01
8.359968e-01 4.126351e-03 -6.327535e-03 -5.486824e-01
8.359825e-01 4.354087e-03 -6.665352e-03 -5.486983e-01
8.359684e-01 4.590000e-03 -7.015828e-03 -5.487136e-01
8.359544e-01 4.833689e-03 -7.378446e-03 -5.487281e-01
8.359406e-01 5.084731e-03 -7.752646e-03 -5.487416e-01
8.359272e-01 5.342690e-03 -8.137832e-03 -5.487540e-01
8.359142e-01 5.607122e-03 -8.533387e-03 -5.487652e-01
8.359016e-01 5.877583e-03 -8.938681e-03 -5.487750e-01
8.358895e-01 6.153633e-03 -9.353074e-03 -5.487835e-01
8.358779e-01 6.434836e-03 -9.775928e-03 -5.487906e-01
8.358668e-01 6.720768e-03 -1.020661e-02 -5.487962e-01
8.358562e-01 7.011019e-03 -1.064450e-02 -5.488004e-01
8.358462e-01 7.305192e-03 -1.108899e-02 -5.488031e-01
8.358366e-01 7.602908e-03 -1.153949e-02 -5.488044e-01
8.358274e-01 7.903807e-03 -1.199544e-02 -5.488043e-01
8.358187e-01 8.207546e-03 -1.245629e-02 -5.488028e-01
8.358104e-01 8.513804e-03 -1.292153e-02 -5.488001e-01
8.358024e-01 8.822279e-03 -1.339066e-02 -5.487961e-01
8.357948e-01 9.132687e-03 -1.386322e-02 -5.487909e-01
8.357874e-01 9.444769e-03 -1.433878e-02 -5.487847e-01
8.357802e-01 9.758282e-03 -1.481694e-02 -5.487774e-01
8.357733e-01 1.007300e-02 -1.529731e-02 -5.487692e-01
8.357664e-01 1.038873e-02 -1.577955e-02 -5.487601e-01
8.357596e-01 1.070527e-02 -1.626333e-02 -5.487502e-01
8.357529e-01 1.102247e-02 -1.674837e-02 -5.487396e-01
8.357461e-01 1.134016e-02 -1.723439e-02 -5.487284e-01
8.357393e-01 1.165821e-02 -1.772115e-02 -5.487166e-01
8.357324e-01 1.197651e-02 -1.820843e-02 -5.487043e-01
8.357253e-01 1.229494e-02 -1.869604e-02 -5.486916e-01
8.357181e-01 1.261341e-02 -1.918380e-02 -5.486786e-01
8.357106e-01 1.293183e-02 -1.967156e-02 -5.486653e-01
8.357029e-01 1.325015e-02 -2.015919e-02 -5.486517e-01
8.356949e-01 1.356829e-02 -2.064656e-02 -5.486380e-01
8.356866e-01 1.388620e-02 -2.113358e-02 -5.486241e-01
8.356780e-01 1.420385e-02 -2.162017e-02 -5.486101e-01
8.356691e-01 1.452120e-02 -2.210625e-02 -5.485961e-01
8.356598e-01 1.483822e-02 -2.259177e-02 -5.485820e-01
8.356500e-01 1.515490e-02 -2.307669e-02 -5.485680e-01
8.356399e-01 1.547121e-02 -2.356096e-02 -5.485539e-01
8.356294e-01 1.578715e-02 -2.404458e-02 -5.485400e-01
8.356185e-01 1.610271e-02 -2.452751e-02 -5.485261e-01
8.356071e-01 1.641789e-02 -2.500975e-02 -5.485123e-01
8.355953e-01 1.673270e-02 -2.549131e-02 -5.484986e-01
8.355831e-01 1.704715e-02 -2.597218e-02 -5.484850e-01
8.355704e-01 1.736122e-02 -2.645239e-02 -5.484715e-01
8.355573e-01 1.767495e-02 -2.693193e-02 -5.484581e-01
8.355438e-01 1.798834e-02 -2.741084e-02 -5.484448e-01
8.355298e-01 1.830141e-02 -2.788914e-02 -5.484316e-01
8.355154e-01 1.861416e-02 -2.836684e-02 -5.484185e-01
8.355006e-01 1.892663e-02 -2.884398e-02 -5.484055e-01
8.354853e-01 1.923881e-02 -2.932058e-02 -5.483926e-01
8.354696e-01 1.955073e-02 -2.979667e-02 -5.483798e-01
8.354536e-01 1.986240e-02 -3.027229e-02 -5.483670e-01
8.354371e-01 2.017385e-02 -3.074746e-02 -5.483543e-01
8.354203e-01 2.048508e-02 -3.122221e-02 -5.483416e-01
8.354030e-01 2.079612e-02 -3.169658e-02 -5.483290e-01
8.353854e-01 2.110697e-02 -3.217059e-02 -5.483163e-01
8.353674e-01 2.141767e-02 -3.264427e-02 -5.483037e-01
8.353491e-01 2.172821e-02 -3.311766e-02 -5.482910e-01
8.353304e-01 2.203862e-02 -3.359077e-02 -5.482783e-01
8.353113e-01 2.234890e-02 -3.406364e-02 -5.482656e-01
8.352920e-01 2.265908e-02 -3.453629e-02 -5.482528e-01
8.352722e-01 2.296916e-02 -3.500874e-02 -5.482400e-01
8.352522e-01 2.327915e-02 -3.548102e-02 -5.482271e-01
8.352319e-01 2.358907e-02 -3.595315e-02 -5.482141e-01
8.352112e-01 2.389893e-02 -3.642515e-02 -5.482009e-01
8.351903e-01 2.420873e-02 -3.689703e-02 -5.481877e-01
8.351690e-01 2.451848e-02 -3.736881e-02 -5.481744e-01
8.351475e-01 2.482820e-02 -3.784051e-02 -5.481609e-01
8.351256e-01 2.513788e-02 -3.831215e-02 -5.481473e-01
8.351035e-01 2.544754e-02 -3.878373e-02 -5.481336e-01
8.350811e-01 2.575717e-02 -3.925527e-02 -5.481196e-01
8.350584e-01 2.606680e-02 -3.972678e-02 -5.481056e-01
8.350355e-01 2.637641e-02 -4.019827e-02 -5.480913e-01
8.350123e-01 2.668601e-02 -4.066975e-02 -5.480769e-01
8.349888e-01 2.699562e-02 -4.114122e-02 -5.480623e-01
8.349651e-01 2.730522e-02 -4.161269e-02 -5.480476e-01
8.349411e-01 2.761483e-02 -4.208417e-02 -5.480326e-01
8.349168e-01 2.792444e-02 -4.255566e-02 -5.480175e-01
8.348923e-01 2.823406e-02 -4.302716e-02 -5.480021e-01
8.348676e-01 2.854369e-02 -4.349869e-02 -5.479866e-01
8.348425e-01 2.885332e-02 -4.397023e-02 -5.479708e-01
8.348173e-01 2.916297e-02 -4.444180e-02 -5.479549e-01
8.347917e-01 2.947263e-02 -4.491339e-02 -5.479388e-01
8.347660e-01 2.978229e-02 -4.538501e-02 -5.479224e-01
8.347399e-01 3.009197e-02 -4.585665e-02 -5.479059e-01
8.347137e-01 3.040166e-02 -4.632832e-02 -5.478891e-01
8.346871e-01 3.071136e-02 -4.680001e-02 -5.478722e-01
8.346604e-01 3.102107e-02 -4.727173e-02 -5.478551e-01
8.346333e-01 3.133079e-02 -4.774347e-02 -5.478377e-01
8.346060e-01 3.164052e-02 -4.821523e-02 -5.478202e-01
8.345785e-01 3.195025e-02 -4.868701e-02 -5.478024e-01
8.345507e-01 3.225999e-02 -4.915882e-02 -5.477845e-01
8.345227e-01 3.256974e-02 -4.963064e-02 -5.477663e-01
8.344944e-01 3.287949e-02 -5.010247e-02 -5.477480e-01
8.344658e-01 3.318925e-02 -5.057432e-02 -5.477294e-01
8.344370e-01 3.349901e-02 -5.104618e-02 -5.477107e-01
8.344079e-01 3.380877e-02 -5.151805e-02 -5.476917e-01
8.343786e-01 3.411853e-02 -5.198993e-02 -5.476726e-01
8.343490e-01 3.442830e-02 -5.246182e-02 -5.476533e-01
8.343192e-01 3.473806e-02 -5.293371e-02 -5.476338e-01
8.342891e-01 3.504782e-02 -5.340560e-02 -5.476141e-01
8.342587e-01 3.535758e-02 -5.387749e-02 -5.475942e-01
8.342281e-01 3.566733e-02 -5.434938e-02 -5.475741e-01
8.341972e-01 3.597708e-02 -5.482127e-02 -5.475539e-01
8.341661e-01 3.628682e-02 -5.529316e-02 -5.475334e-01
8.341347e-01 3.659656e-02 -5.576503e-02 -5.475128e-01
8.341030e-01 3.690629e-02 -5.623690e-02 -5.474920e-01
8.340711e-01 3.721601e-02 -5.670876e-02 -5.474710e-01
8.340389e-01 3.752572e-02 -5.718061e-02 -5.474498e-01
8.340064e-01 3.783542e-02 -5.765244e-02 -5.474285e-01
8.339737e-01 3.814512e-02 -5.812427e-02 -5.474070e-01
8.339407e-01 3.845480e-02 -5.859607e-02 -5.473852e-01
8.339075e-01 3.876447e-02 -5.906787e-02 -5.473634e-01
8.338739e-01 3.907413e-02 -5.953964e-02 -5.473413e-01
8.338402e-01 3.938378e-02 -6.001140e-02 -5.473191e-01
8.338061e-01 3.969342e-02 -6.048314e-02 -5.472966e-01
8.337718e-01 4.000304e-02 -6.095486e-02 -5.472740e-01
8.337372e-01 4.031265e-02 -6.142657e-02 -5.472513e-01
8.337023e-01 4.062225e-02 -6.189825e-02 -5.472283e-01
8.336672e-01 4.093183e-02 -6.236991e-02 -5.472052e-01
8.336318e-01 4.124140e-02 -6.284155e-02 -5.471819e-01
8.335962e-01 4.155095e-02 -6.331317e-02 -5.471585e-01
8.335602e-01 4.186050e-02 -6.378476e-02 -5.471348e-01
8.335241e-01 4.217002e-02 -6.425633e-02 -5.471110e-01
8.334876e-01 4.247953e-02 -6.472788e-02 -5.470870e-01
8.334509e-01 4.278903e-02 -6.519941e-02 -5.470629e-01
8.334139e-01 4.309851e-02 -6.567092e-02 -5.470385e-01
8.333766e-01 4.340798e-02 -6.614240e-02 -5.470140e-01
8.333391e-01 4.371743e-02 -6.661385e-02 -5.469894e-01
8.333013e-01 4.402686e-02 -6.708528e-02 -5.469645e-01
8.332632e-01 4.433628e-02 -6.755669e-02 -5.469395e-01
8.332249e-01 4.464569e-02 -6.802808e-02 -5.469143e-01
8.331863e-01 4.495508e-02 -6.849943e-02 -5.468889e-01
8.331474e-01 4.526445e-02 -6.897077e-02 -5.468634e-01
8.331083e-01 4.557381e-02 -6.944208e-02 -5.468377e-01
8.330689e-01 4.588315e-02 -6.991337e-02 -5.468118e-01
8.330292e-01 4.619248e-02 -7.038463e-02 -5.467857e-01
8.329892e-01 4.650179e-02 -7.085587e-02 -5.467595e-01
8.329490e-01 4.681108e-02 -7.132708e-02 -5.467331e-01
8.329086e-01 4.712036e-02 -7.179827e-02 -5.467065e-01
8.328678e-01 4.742963e-02 -7.226943e-02 -5.466798e-01
8.328268e-01 4.773887e-02 -7.274057e-02 -5.466528e-01
8.327855e-01 4.804810e-02 -7.321168e-02 -5.466257e-01
8.327440e-01 4.835732e-02 -7.368277e-02 -5.465985e-01
8.327022e-01 4.866652e-02 -7.415383e-02 -5.465710e-01
8.326601e-01 4.897570e-02 -7.462487e-02 -5.465434e-01
8.326177e-01 4.928487e-02 -7.509589e-02 -5.465156e-01
8.325751e-01 4.959402e-02 -7.556688e-02 -5.464876e-01
8.325323e-01 4.990315e-02 -7.603784e-02 -5.464595e-01
8.324891e-01 5.021227e-02 -7.650878e-02 -5.464312e-01
8.324457e-01 5.052137e-02 -7.697970e-02 -5.464027e-01
8.324020e-01 5.083046e-02 -7.745058e-02 -5.463740e-01
8.323581e-01 5.113952e-02 -7.792145e-02 -5.463452e-01
8.323139e-01 5.144858e-02 -7.839229e-02 -5.463161e-01
8.322694e-01 5.175761e-02 -7.886310e-02 -5.462869e-01
8.322246e-01 5.206663e-02 -7.933389e-02 -5.462576e-01
8.321796e-01 5.237563e-02 -7.980465e-02 -5.462280e-01
8.321344e-01 5.268462e-02 -8.027538e-02 -5.461983e-01
8.320888e-01 5.299359e-02 -8.074609e-02 -5.461684e-01
8.320430e-01 5.330254e-02 -8.121678e-02 -5.461384e-01
8.319969e-01 5.361147e-02 -8.168744e-02 -5.461081e-01
8.319506e-01 5.392039e-02 -8.215807e-02 -5.460777e-01
8.319040e-01 5.422929e-02 -8.262867e-02 -5.460471e-01
8.318571e-01 5.453817e-02 -8.309925e-02 -5.460164e-01
8.318100e-01 5.484703e-02 -8.356981e-02 -5.459854e-01
8.317626e-01 5.515588e-02 -8.404033e-02 -5.459543e-01
8.317149e-01 5.546471e-02 -8.451083e-02 -5.459230e-01
8.316669e-01 5.577352e-02 -8.498131e-02 -5.458916e-01
8.316187e-01 5.608232e-02 -8.545175e-02 -5.458599e-01
8.315703e-01 5.639110e-02 -8.592217e-02 -5.458281e-01
8.315215e-01 5.669985e-02 -8.639256e-02 -5.457961e-01
8.314725e-01 5.700860e-02 -8.686292e-02 -5.457640e-01
8.314233e-01 5.731732e-02 -8.733326e-02 -5.457316e-01
8.313737e-01 5.762602e-02 -8.780357e-02 -5.456991e-01
8.313239e-01 5.793471e-02 -8.827385e-02 -5.456664e-01
8.312738e-01 5.824338e-02 -8.874410e-02 -5.456336e-01
8.312235e-01 5.855202e-02 -8.921432e-02 -5.456005e-01
8.311729e-01 5.886065e-02 -8.968452e-02 -5.455673e-01
8.311221e-01 5.916927e-02 -9.015469e-02 -5.455339e-01
8.310709e-01 5.947786e-02 -9.062483e-02 -5.455004e-01
8.310195e-01 5.978643e-02 -9.109493e-02 -5.454666e-01
8.309679e-01 6.009499e-02 -9.156502e-02 -5.454327e-01
8.309159e-01 6.040352e-02 -9.203507e-02 -5.453986e-01
8.308637e-01 6.071204e-02 -9.250509e-02 -5.453644e-01
8.308113e-01 6.102053e-02 -9.297508e-02 -5.453299e-01
8.307586e-01 6.132901e-02 -9.344504e-02 -5.452953e-01
8.307056e-01 6.163747e-02 -9.391498e-02 -5.452606e-01
8.306523e-01 6.194591e-02 -9.438488e-02 -5.452256e-01
8.305988e-01 6.225433e-02 -9.485475e-02 -5.451905e-01
8.305450e-01 6.256272e-02 -9.532459e-02 -5.451552e-01
8.304909e-01 6.287110e-02 -9.579440e-02 -5.451197e-01
8.304366e-01 6.317946e-02 -9.626419e-02 -5.450840e-01
8.303820e-01 6.348780e-02 -9.673394e-02 -5.450482e-01
8.303272e-01 6.379612e-02 -9.720366e-02 -5.450122e-01
8.302721e-01 6.410441e-02 -9.767334e-02 -5.449760e-01
8.302167e-01 6.441269e-02 -9.814300e-02 -5.449396e-01
8.301610e-01 6.472095e-02 -9.861263e-02 -5.449031e-01
8.301051e-01 6.502918e-02 -9.908222e-02 -5.448664e-01
8.300489e-01 6.533740e-02 -9.955178e-02 -5.448295e-01
8.299925e-01 6.564559e-02 -1.000213e-01 -5.447925e-01
8.299358e-01 6.595376e-02 -1.004908e-01 -5.447553e-01
8.298788e-01 6.626191e-02 -1.009603e-01 -5.447179e-01
8.298216e-01 6.657004e-02 -1.014297e-01 -5.446803e-01
8.297641e-01 6.687815e-02 -1.018991e-01 -5.446425e-01
8.297063e-01 6.718624e-02 -1.023685e-01 -5.446046e-01
8.296482e-01 6.749431e-02 -1.028378e-01 -5.445665e-01
8.295899e-01 6.780235e-02 -1.033071e-01 -5.445283e-01
8.295314e-01 6.811037e-02 -1.037764e-01 -5.444898e-01
8.294725e-01 6.841838e-02 -1.042456e-01 -5.444512e-01
8.294134e-01 6.872635e-02 -1.047148e-01 -5.444124e-01
8.293541e-01 6.903431e-02 -1.051840e-01 -5.443734e-01
8.292944e-01 6.934225e-02 -1.056531e-01 -5.443343e-01
8.292345e-01 6.965016e-02 -1.061222e-01 -5.442950e-01
8.291744e-01 6.995805e-02 -1.065913e-01 -5.442555e-01
8.291139e-01 7.026592e-02 -1.070603e-01 -5.442158e-01
8.290533e-01 7.057376e-02 -1.075293e-01 -5.441760e-01
8.289923e-01 7.088159e-02 -1.079983e-01 -5.441360e-01
8.289311e-01 7.118939e-02 -1.084672e-01 -5.440958e-01
8.288696e-01 7.149716e-02 -1.089361e-01 -5.440554e-01
8.288078e-01 7.180492e-02 -1.094050e-01 -5.440149e-01
8.287458e-01 7.211265e-02 -1.098738e-01 -5.439742e-01
8.286835e-01 7.242036e-02 -1.103426e-01 -5.439333e-01
8.286210e-01 7.272804e-02 -1.108114e-01 -5.438922e-01
8.285582e-01 7.303571e-02 -1.112801e-01 -5.438510e-01
8.284951e-01 7.334334e-02 -1.117488e-01 -5.438096e-01
8.284317e-01 7.365096e-02 -1.122174e-01 -5.437680e-01
8.283681e-01 7.395855e-02 -1.126860e-01 -5.437263e-01
8.283042e-01 7.426612e-02 -1.131546e-01 -5.436843e-01
8.282401e-01 7.457366e-02 -1.136232e-01 -5.436422e-01
8.281757e-01 7.488118e-02 -1.140917e-01 -5.436000e-01
8.281110e-01 7.518868e-02 -1.145601e-01 -5.435575e-01
8.280461e-01 7.549615e-02 -1.150286e-01 -5.435149e-01
8.279809e-01 7.580360e-02 -1.154970e-01 -5.434721e-01
8.279154e-01 7.611102e-02 -1.159653e-01 -5.434291e-01
8.278497e-01 7.641842e-02 -1.164336e-01 -5.433860e-01
8.277837e-01 7.672580e-02 -1.169019e-01 -5.433426e-01
8.277174e-01 7.703315e-02 -1.173702e-01 -5.432992e-01
8.276509e-01 7.734047e-02 -1.178384e-01 -5.432555e-01
8.275841e-01 7.764777e-02 -1.183065e-01 -5.432116e-01
8.275171e-01 7.795505e-02 -1.187747e-01 -5.431676e-01
8.274498e-01 7.826230e-02 -1.192428e-01 -5.431234e-01
8.273822e-01 7.856953e-02 -1.197108e-01 -5.430791e-01
8.273143e-01 7.887673e-02 -1.201788e-01 -5.430345e-01
8.272462e-01 7.918390e-02 -1.206468e-01 -5.429898e-01
8.271778e-01 7.949105e-02 -1.211148e-01 -5.429450e-01
8.271092e-01 7.979818e-02 -1.215827e-01 -5.428999e-01
8.270403e-01 8.010528e-02 -1.220505e-01 -5.428547e-01
8.269711e-01 8.041235e-02 -1.225184e-01 -5.428093e-01
8.269017e-01 8.071940e-02 -1.229861e-01 -5.427637e-01
8.268320e-01 8.102642e-02 -1.234539e-01 -5.427179e-01
8.267620e-01 8.133342e-02 -1.239216e-01 -5.426720e-01
8.266918e-01 8.164039e-02 -1.243893e-01 -5.426259e-01
8.266213e-01 8.194733e-02 -1.248569e-01 -5.425796e-01
8.265505e-01 8.225425e-02 -1.253245e-01 -5.425332e-01
8.264795e-01 8.256114e-02 -1.257920e-01 -5.424866e-01
8.264082e-01 8.286801e-02 -1.262595e-01 -5.424398e-01
8.263366e-01 8.317484e-02 -1.267270e-01 -5.423928e-01
8.262648e-01 8.348166e-02 -1.271944e-01 -5.423457e-01
8.261927e-01 8.378844e-02 -1.276618e-01 -5.422984e-01
8.261204e-01 8.409520e-02 -1.281291e-01 -5.422509e-01
8.260478e-01 8.440193e-02 -1.285964e-01 -5.422032e-01
8.259749e-01 8.470864e-02 -1.290637e-01 -5.421554e-01
8.259018e-01 8.501531e-02 -1.295309e-01 -5.421074e-01
8.258284e-01 8.532196e-02 -1.299981e-01 -5.420592e-01
8.257547e-01 8.562858e-02 -1.304652e-01 -5.420108e-01
8.256808e-01 8.593518e-02 -1.309323e-01 -5.419623e-01
8.256066e-01 8.624175e-02 -1.313994e-01 -5.419136e-01
8.255321e-01 8.654829e-02 -1.318664e-01 -5.418647e-01
8.254574e-01 8.685480e-02 -1.323334e-01 -5.418157e-01
8.253824e-01 8.716129e-02 -1.328003e-01 -5.417665e-01
8.253071e-01 8.746774e-02 -1.332672e-01 -5.417171e-01
8.252316e-01 8.777417e-02 -1.337340e-01 -5.416675e-01
8.251558e-01 8.808057e-02 -1.342008e-01 -5.416177e-01
8.250798e-01 8.838694e-02 -1.346676e-01 -5.415678e-01
8.250035e-01 8.869329e-02 -1.351343e-01 -5.415177e-01
8.249269e-01 8.899960e-02 -1.356010e-01 -5.414675e-01
8.248501e-01 8.930589e-02 -1.360676e-01 -5.414170e-01
8.247730e-01 8.961215e-02 -1.365342e-01 -5.413664e-01
8.246956e-01 8.991838e-02 -1.370007e-01 -5.413157e-01
8.246180e-01 9.022458e-02 -1.374672e-01 -5.412647e-01
8.245401e-01 9.053075e-02 -1.379336e-01 -5.412136e-01
8.244619e-01 9.083690e-02 -1.384001e-01 -5.411623e-01
8.243835e-01 9.114301e-02 -1.388664e-01 -5.411108e-01
8.243048e-01 9.144910e-02 -1.393327e-01 -5.410591e-01
8.242259e-01 9.175515e-02 -1.397990e-01 -5.410073e-01
8.241467e-01 9.206118e-02 -1.402652e-01 -5.409553e-01
8.240672e-01 9.236718e-02 -1.407314e-01 -5.409032e-01
8.239875e-01 9.267314e-02 -1.411976e-01 -5.408508e-01
8.239074e-01 9.297908e-02 -1.416637e-01 -5.407983e-01
8.238272e-01 9.328499e-02 -1.421297e-01 -5.407456e-01
8.237467e-01 9.359087e-02 -1.425957e-01 -5.406928e-01
8.236659e-01 9.389671e-02 -1.430617e-01 -5.406397e-01
8.235848e-01 9.420253e-02 -1.435276e-01 -5.405865e-01
8.235035e-01 9.450832e-02 -1.439934e-01 -5.405332e-01
8.234219e-01 9.481408e-02 -1.444593e-01 -5.404796e-01
8.233400e-01 9.511981e-02 -1.449250e-01 -5.404259e-01
8.232579e-01 9.542550e-02 -1.453908e-01 -5.403720e-01
8.231756e-01 9.573117e-02 -1.458564e-01 -5.403179e-01
8.230929e-01 9.603680e-02 -1.463221e-01 -5.402637e-01
8.230100e-01 9.634241e-02 -1.467877e-01 -5.402093e-01
8.229269e-01 9.664798e-02 -1.472532e-01 -5.401547e-01
8.228434e-01 9.695353e-02 -1.477187e-01 -5.400999e-01
8.227597e-01 9.725904e-02 -1.481841e-01 -5.400450e-01
8.226758e-01 9.756452e-02 -1.486495e-01 -5.399899e-01
8.225916e-01 9.786997e-02 -1.491149e-01 -5.399346e-01
8.225071e-01 9.817539e-02 -1.495802e-01 -5.398791e-01
8.224223e-01 9.848078e-02 -1.500454e-01 -5.398235e-01
8.223373e-01 9.878613e-02 -1.505106e-01 -5.397677e-01
8.222521e-01 9.909145e-02 -1.509758e-01 -5.397117e-01
8.221665e-01 9.939675e-02 -1.514409e-01 -5.396556e-01
8.220807e-01 9.970201e-02 -1.519060e-01 -5.395993e-01
8.219947e-01 1.000072e-01 -1.523710e-01 -5.395428e-01
8.219083e-01 1.003124e-01 -1.528359e-01 -5.394861e-01
8.218217e-01 1.006176e-01 -1.533009e-01 -5.394293e-01
8.217349e-01 1.009227e-01 -1.537657e-01 -5.393723e-01
8.216478e-01 1.012278e-01 -1.542305e-01 -5.393151e-01
8.215604e-01 1.015329e-01 -1.546953e-01 -5.392578e-01
8.214728e-01 1.018379e-01 -1.551600e-01 -5.392002e-01
8.213849e-01 1.021429e-01 -1.556247e-01 -5.391425e-01
8.212967e-01 1.024479e-01 -1.560893e-01 -5.390847e-01
8.212083e-01 1.027528e-01 -1.565539e-01 -5.390266e-01
8.211196e-01 1.030577e-01 -1.570184e-01 -5.389684e-01
8.210306e-01 1.033626e-01 -1.574829e-01 -5.389100e-01
8.209414e-01 1.036675e-01 -1.579473e-01 -5.388515e-01
8.208519e-01 1.039723e-01 -1.584117e-01 -5.387927e-01
8.207622e-01 1.042770e-01 -1.588760e-01 -5.387338e-01
8.206722e-01 1.045818e-01 -1.593402e-01 -5.386747e-01
8.205819e-01 1.048865e-01 -1.598044e-01 -5.386155e-01
8.204914e-01 1.051911e-01 -1.602686e-01 -5.385561e-01
8.204006e-01 1.054958e-01 -1.607327e-01 -5.384965e-01
8.203096e-01 1.058004e-01 -1.611968e-01 -5.384367e-01
8.202182e-01 1.061050e-01 -1.616608e-01 -5.383768e-01
8.201267e-01 1.064095e-01 -1.621248e-01 -5.383167e-01
8.200348e-01 1.067140e-01 -1.625887e-01 -5.382564e-01
8.199427e-01 1.070185e-01 -1.630525e-01 -5.381959e-01
8.198504e-01 1.073229e-01 -1.635163e-01 -5.381353e-01
8.197577e-01 1.076273e-01 -1.639801e-01 -5.380745e-01
8.196648e-01 1.079317e-01 -1.644438e-01 -5.380135e-01
8.195717e-01 1.082360e-01 -1.649074e-01 -5.379524e-01
8.194783e-01 1.085403e-01 -1.653710e-01 -5.378911e-01
8.193846e-01 1.088445e-01 -1.658345e-01 -5.378296e-01
8.192907e-01 1.091488e-01 -1.662980e-01 -5.377679e-01
8.191964e-01 1.094530e-01 -1.667614e-01 -5.377061e-01
8.191020e-01 1.097571e-01 -1.672248e-01 -5.376441e-01
8.190073e-01 1.100612e-01 -1.676881e-01 -5.375819e-01
8.189123e-01 1.103653e-01 -1.681514e-01 -5.375196e-01
8.188170e-01 1.106694e-01 -1.686146e-01 -5.374570e-01
8.187215e-01 1.109734e-01 -1.690778e-01 -5.373944e-01
8.186257e-01 1.112774e-01 -1.695409e-01 -5.373315e-01
8.185297e-01 1.115813e-01 -1.700040e-01 -5.372685e-01
8.184334e-01 1.118852e-01 -1.704670e-01 -5.372053e-01
8.183368e-01 1.121891e-01 -1.709299e-01 -5.371419e-01
8.182400e-01 1.124929e-01 -1.713928e-01 -5.370783e-01
8.181429e-01 1.127967e-01 -1.718556e-01 -5.370146e-01
8.180456e-01 1.131005e-01 -1.723184e-01 -5.369507e-01
8.179480e-01 1.134042e-01 -1.727811e-01 -5.368866e-01
8.178501e-01 1.137079e-01 -1.732438e-01 -5.368224e-01
8.177520e-01 1.140116e-01 -1.737064e-01 -5.367580e-01
8.176536e-01 1.143152e-01 -1.741690e-01 -5.366934e-01
8.175549e-01 1.146188e-01 -1.746315e-01 -5.366286e-01
8.174560e-01 1.149223e-01 -1.750939e-01 -5.365637e-01
8.173568e-01 1.152258e-01 -1.755563e-01 -5.364986e-01
8.172574e-01 1.155293e-01 -1.760187e-01 -5.364334e-01
8.171577e-01 1.158327e-01 -1.764809e-01 -5.363679e-01
8.170577e-01 1.161361e-01 -1.769432e-01 -5.363023e-01
8.169575e-01 1.164395e-01 -1.774053e-01 -5.362365e-01
8.168570e-01 1.167428e-01 -1.778674e-01 -5.361706e-01
8.167563e-01 1.170461e-01 -1.783295e-01 -5.361044e-01
8.166553e-01 1.173493e-01 -1.787915e-01 -5.360381e-01
8.165540e-01 1.176525e-01 -1.792534e-01 -5.359717e-01
8.164525e-01 1.179557e-01 -1.797153e-01 -5.359050e-01
8.163507e-01 1.182589e-01 -1.801771e-01 -5.358382e-01
8.162486e-01 1.185619e-01 -1.806389e-01 -5.357712e-01
8.161463e-01 1.188650e-01 -1.811006e-01 -5.357041e-01
8.160438e-01 1.191680e-01 -1.815623e-01 -5.356367e-01
8.159409e-01 1.194710e-01 -1.820239e-01 -5.355692e-01
8.158378e-01 1.197740e-01 -1.824854e-01 -5.355016e-01
8.157345e-01 1.200769e-01 -1.829469e-01 -5.354337e-01
8.156308e-01 1.203797e-01 -1.834083e-01 -5.353657e-01
8.155270e-01 1.206826e-01 -1.838696e-01 -5.352975e-01
8.154228e-01 1.209854e-01 -1.843309e-01 -5.352292e-01
8.153184e-01 1.212881e-01 -1.847922e-01 -5.351607e-01
8.152138e-01 1.215908e-01 -1.852534e-01 -5.350920e-01
8.151088e-01 1.218935e-01 -1.857145e-01 -5.350231e-01
8.150036e-01 1.221961e-01 -1.861755e-01 -5.349540e-01
8.148982e-01 1.224987e-01 -1.866365e-01 -5.348848e-01
8.147925e-01 1.228013e-01 -1.870975e-01 -5.348155e-01
8.146865e-01 1.231038e-01 -1.875584e-01 -5.347459e-01
8.145803e-01 1.234063e-01 -1.880192e-01 -5.346762e-01
8.144738e-01 1.237087e-01 -1.884800e-01 -5.346063e-01
8.143671e-01 1.240111e-01 -1.889407e-01 -5.345362e-01
8.142601e-01 1.243135e-01 -1.894013e-01 -5.344660e-01
8.141528e-01 1.246158e-01 -1.898619e-01 -5.343956e-01
8.140453e-01 1.249181e-01 -1.903224e-01 -5.343250e-01
8.139375e-01 1.252203e-01 -1.907829e-01 -5.342542e-01
8.138294e-01 1.255225e-01 -1.912433e-01 -5.341833e-01
8.137211e-01 1.258247e-01 -1.917036e-01 -5.341122e-01
8.136125e-01 1.261268e-01 -1.921639e-01 -5.340410e-01
8.135037e-01 1.264289e-01 -1.926241e-01 -5.339695e-01
8.133946e-01 1.267309e-01 -1.930842e-01 -5.338979e-01
8.132852e-01 1.270329e-01 -1.935443e-01 -5.338261e-01
8.131756e-01 1.273349e-01 -1.940044e-01 -5.337542e-01
8.130658e-01 1.276368e-01 -1.944643e-01 -5.336821e-01
8.129556e-01 1.279387e-01 -1.949242e-01 -5.336098e-01
8.128452e-01 1.282405e-01 -1.953841e-01 -5.335373e-01
8.127346e-01 1.285423e-01 -1.958439e-01 -5.334647e-01
8.126237e-01 1.288440e-01 -1.963036e-01 -5.333919e-01
8.125125e-01 1.291458e-01 -1.967632e-01 -5.333189e-01
8.124010e-01 1.294474e-01 -1.972228e-01 -5.332458e-01
8.122894e-01 1.297491e-01 -1.976824e-01 -5.331725e-01
8.121774e-01 1.300506e-01 -1.981418e-01 -5.330990e-01
8.120652e-01 1.303522e-01 -1.986012e-01 -5.330253e-01
8.119527e-01 1.306537e-01 -1.990606e-01 -5.329515e-01
8.118400e-01 1.309552e-01 -1.995198e-01 -5.328775e-01
8.117270e-01 1.312566e-01 -1.999790e-01 -5.328033e-01
8.116137e-01 1.315580e-01 -2.004382e-01 -5.327290e-01
8.115002e-01 1.318593e-01 -2.008973e-01 -5.326545e-01
8.113864e-01 1.321606e-01 -2.013563e-01 -5.325798e-01
8.112724e-01 1.324618e-01 -2.018152e-01 -5.325050e-01
8.111581e-01 1.327630e-01 -2.022741e-01 -5.324300e-01
8.110436e-01 1.330642e-01 -2.027330e-01 -5.323548e-01
8.109288e-01 1.333653e-01 -2.031917e-01 -5.322794e-01
8.108137e-01 1.336664e-01 -2.036504e-01 -5.322039e-01
8.106984e-01 1.339675e-01 -2.041090e-01 -5.321282e-01
8.105828e-01 1.342685e-01 -2.045676e-01 -5.320523e-01
8.104669e-01 1.345694e-01 -2.050261e-01 -5.319763e-01
8.103508e-01 1.348703e-01 -2.054845e-01 -5.319001e-01
8.102344e-01 1.351712e-01 -2.059429e-01 -5.318237e-01
8.101178e-01 1.354720e-01 -2.064012e-01 -5.317471e-01
8.100009e-01 1.357728e-01 -2.068594e-01 -5.316704e-01
8.098838e-01 1.360735e-01 -2.073176e-01 -5.315935e-01
8.097664e-01 1.363742e-01 -2.077757e-01 -5.315165e-01
8.096487e-01 1.366749e-01 -2.082337e-01 -5.314392e-01
8.095308e-01 1.369755e-01 -2.086917e-01 -5.313618e-01
8.094126e-01 1.372760e-01 -2.091496e-01 -5.312843e-01
8.092942e-01 1.375765e-01 -2.096075e-01 -5.312065e-01
8.091755e-01 1.378770e-01 -2.100652e-01 -5.311286e-01
8.090565e-01 1.381774e-01 -2.105229e-01 -5.310505e-01
8.089373e-01 1.384778e-01 -2.109806e-01 -5.309723e-01
8.088178e-01 1.387782e-01 -2.114381e-01 -5.308939e-01
8.086981e-01 1.390785e-01 -2.118956e-01 -5.308153e-01
8.085781e-01 1.393787e-01 -2.123531e-01 -5.307365e-01
8.084578e-01 1.396789e-01 -2.128104e-01 -5.306576e-01
8.083373e-01 1.399791e-01 -2.132677e-01 -5.305785e-01
8.082165e-01 1.402792e-01 -2.137249e-01 -5.304992e-01
8.080955e-01 1.405793e-01 -2.141821e-01 -5.304198e-01
8.079742e-01 1.408793e-01 -2.146392e-01 -5.303402e-01
8.078527e-01 1.411793e-01 -2.150962e-01 -5.302604e-01
8.077309e-01 1.414792e-01 -2.155532e-01 -5.301804e-01
8.076088e-01 1.417791e-01 -2.160100e-01 -5.301003e-01
8.074865e-01 1.420790e-01 -2.164669e-01 -5.300200e-01
8.073639e-01 1.423788e-01 -2.169236e-01 -5.299396e-01
8.072411e-01 1.426785e-01 -2.173803e-01 -5.298589e-01
8.071180e-01 1.429782e-01 -2.178369e-01 -5.297781e-01
8.069946e-01 1.432779e-01 -2.182934e-01 -5.296972e-01
8.068710e-01 1.435775e-01 -2.187499e-01 -5.296160e-01
8.067471e-01 1.438771e-01 -2.192063e-01 -5.295347e-01
8.066230e-01 1.441766e-01 -2.196626e-01 -5.294533e-01
8.064986e-01 1.444761e-01 -2.201189e-01 -5.293716e-01
8.063740e-01 1.447755e-01 -2.205751e-01 -5.292898e-01
8.062491e-01 1.450749e-01 -2.210312e-01 -5.292078e-01
8.061239e-01 1.453743e-01 -2.214872e-01 -5.291257e-01
8.059985e-01 1.456736e-01 -2.219432e-01 -5.290434e-01
8.058728e-01 1.459728e-01 -2.223991e-01 -5.289609e-01
8.057469e-01 1.462720e-01 -2.228549e-01 -5.288782e-01
8.056207e-01 1.465712e-01 -2.233107e-01 -5.287954e-01
8.054942e-01 1.468703e-01 -2.237664e-01 -5.287124e-01
8.053675e-01 1.471693e-01 -2.242220e-01 -5.286292e-01
8.052406e-01 1.474683e-01 -2.246775e-01 -5.285459e-01
8.051133e-01 1.477673e-01 -2.251330e-01 -5.284624e-01
8.049859e-01 1.480662e-01 -2.255884e-01 -5.283787e-01
8.048581e-01 1.483651e-01 -2.260437e-01 -5.282948e-01
8.047301e-01 1.486639e-01 -2.264990e-01 -5.282108e-01
8.046019e-01 1.489627e-01 -2.269542e-01 -5.281267e-01
8.044733e-01 1.492614e-01 -2.274093e-01 -5.280423e-01
8.043446e-01 1.495601e-01 -2.278643e-01 -5.279578e-01
8.042156e-01 1.498588e-01 -2.283193e-01 -5.278731e-01
8.040863e-01 1.501573e-01 -2.287742e-01 -5.277882e-01
8.039567e-01 1.504559e-01 -2.292290e-01 -5.277032e-01
8.038269e-01 1.507544e-01 -2.296837e-01 -5.276180e-01
8.036969e-01 1.510528e-01 -2.301384e-01 -5.275327e-01
8.035666e-01 1.513512e-01 -2.305930e-01 -5.274471e-01
8.034360e-01 1.516495e-01 -2.310475e-01 -5.273614e-01
8.033052e-01 1.519478e-01 -2.315020e-01 -5.272755e-01
8.031741e-01 1.522461e-01 -2.319564e-01 -5.271895e-01
8.030427e-01 1.525443e-01 -2.324107e-01 -5.271033e-01
8.029111e-01 1.528424e-01 -2.328649e-01 -5.270169e-01
8.027793e-01 1.531405e-01 -2.333191e-01 -5.269304e-01
8.026472e-01 1.534386e-01 -2.337731e-01 -5.268437e-01
8.025148e-01 1.537366e-01 -2.342271e-01 -5.267568e-01
8.023822e-01 1.540345e-01 -2.346811e-01 -5.266697e-01
8.022493e-01 1.543324e-01 -2.351349e-01 -5.265825e-01
8.021161e-01 1.546303e-01 -2.355887e-01 -5.264951e-01
8.019828e-01 1.549281e-01 -2.360424e-01 -5.264076e-01
8.018491e-01 1.552259e-01 -2.364960e-01 -5.263198e-01
8.017152e-01 1.555236e-01 -2.369496e-01 -5.262320e-01
8.015810e-01 1.558212e-01 -2.374031e-01 -5.261439e-01
8.014466e-01 1.561188e-01 -2.378565e-01 -5.260557e-01
8.013119e-01 1.564164e-01 -2.383098e-01 -5.259673e-01
8.011770e-01 1.567139e-01 -2.387630e-01 -5.258787e-01
8.010418e-01 1.570113e-01 -2.392162e-01 -5.257900e-01
8.009063e-01 1.573087e-01 -2.396693e-01 -5.257011e-01
8.007706e-01 1.576061e-01 -2.401223e-01 -5.256120e-01
8.006347e-01 1.579034e-01 -2.405753e-01 -5.255228e-01
8.004985e-01 1.582007e-01 -2.410281e-01 -5.254333e-01
8.003620e-01 1.584979e-01 -2.414809e-01 -5.253438e-01
8.002253e-01 1.587950e-01 -2.419336e-01 -5.252540e-01
8.000883e-01 1.590921e-01 -2.423863e-01 -5.251641e-01
7.999510e-01 1.593892e-01 -2.428388e-01 -5.250740e-01
7.998135e-01 1.596862e-01 -2.432913e-01 -5.249838e-01
7.996758e-01 1.599831e-01 -2.437437e-01 -5.248934e-01
7.995378e-01 1.602800e-01 -2.441960e-01 -5.248028e-01
7.993995e-01 1.605769e-01 -2.446483e-01 -5.247120e-01
7.992610e-01 1.608737e-01 -2.451004e-01 -5.246211e-01
7.991222e-01 1.611704e-01 -2.455525e-01 -5.245300e-01
7.989832e-01 1.614671e-01 -2.460045e-01 -5.244388e-01
7.988439e-01 1.617637e-01 -2.464564e-01 -5.243474e-01
7.987043e-01 1.620603e-01 -2.469083e-01 -5.242558e-01
7.985646e-01 1.623569e-01 -2.473601e-01 -5.241640e-01
7.984245e-01 1.626533e-01 -2.478118e-01 -5.240721e-01
7.982842e-01 1.629498e-01 -2.482634e-01 -5.239800e-01
7.981436e-01 1.632462e-01 -2.487149e-01 -5.238877e-01
7.980028e-01 1.635425e-01 -2.491664e-01 -5.237953e-01
7.978617e-01 1.638388e-01 -2.496177e-01 -5.237027e-01
7.977204e-01 1.641350e-01 -2.500690e-01 -5.236099e-01
7.975788e-01 1.644312e-01 -2.505202e-01 -5.235170e-01
7.974370e-01 1.647273e-01 -2.509714e-01 -5.234239e-01
7.972949e-01 1.650233e-01 -2.514224e-01 -5.233306e-01
7.971525e-01 1.653194e-01 -2.518734e-01 -5.232372e-01
7.970099e-01 1.656153e-01 -2.523243e-01 -5.231436e-01
7.968670e-01 1.659112e-01 -2.527751e-01 -5.230498e-01
7.967239e-01 1.662071e-01 -2.532258e-01 -5.229559e-01
7.965806e-01 1.665029e-01 -2.536765e-01 -5.228618e-01
7.964369e-01 1.667986e-01 -2.541271e-01 -5.227675e-01
7.962930e-01 1.670943e-01 -2.545775e-01 -5.226731e-01
7.961489e-01 1.673900e-01 -2.550280e-01 -5.225785e-01
7.960045e-01 1.676855e-01 -2.554783e-01 -5.224837e-01
7.958599e-01 1.679811e-01 -2.559285e-01 -5.223888e-01
7.957150e-01 1.682766e-01 -2.563787e-01 -5.222937e-01
7.955698e-01 1.685720e-01 -2.568288e-01 -5.221984e-01
7.954244e-01 1.688674e-01 -2.572788e-01 -5.221029e-01
7.952787e-01 1.691627e-01 -2.577287e-01 -5.220073e-01
7.951328e-01 1.694579e-01 -2.581785e-01 -5.219116e-01
7.949866e-01 1.697531e-01 -2.586283e-01 -5.218156e-01
7.948402e-01 1.700483e-01 -2.590779e-01 -5.217195e-01
7.946935e-01 1.703434e-01 -2.595275e-01 -5.216232e-01
7.945466e-01 1.706384e-01 -2.599770e-01 -5.215268e-01
7.943994e-01 1.709334e-01 -2.604264e-01 -5.214302e-01
7.942520e-01 1.712284e-01 -2.608758e-01 -5.213334e-01
7.941043e-01 1.715233e-01 -2.613250e-01 -5.212365e-01
7.939563e-01 1.718181e-01 -2.617742e-01 -5.211393e-01
7.938081e-01 1.721129e-01 -2.622233e-01 -5.210421e-01
7.936596e-01 1.724076e-01 -2.626723e-01 -5.209446e-01
7.935109e-01 1.727022e-01 -2.631212e-01 -5.208470e-01
7.933619e-01 1.729968e-01 -2.635700e-01 -5.207492e-01
7.932127e-01 1.732914e-01 -2.640188e-01 -5.206513e-01
7.930632e-01 1.735859e-01 -2.644674e-01 -5.205532e-01
7.929135e-01 1.738803e-01 -2.649160e-01 -5.204549e-01
7.927635e-01 1.741747e-01 -2.653645e-01 -5.203565e-01
7.926133e-01 1.744690e-01 -2.658129e-01 -5.202579e-01
7.924628e-01 1.747633e-01 -2.662612e-01 -5.201591e-01
7.923120e-01 1.750575e-01 -2.667095e-01 -5.200601e-01
7.921610e-01 1.753517e-01 -2.671576e-01 -5.199610e-01
7.920098e-01 1.756458e-01 -2.676057e-01 -5.198618e-01
7.918583e-01 1.759398e-01 -2.680537e-01 -5.197623e-01
7.917065e-01 1.762338e-01 -2.685015e-01 -5.196627e-01
7.915545e-01 1.765278e-01 -2.689494e-01 -5.195629e-01
7.914023e-01 1.768217e-01 -2.693971e-01 -5.194630e-01
7.912497e-01 1.771155e-01 -2.698447e-01 -5.193629e-01
7.910970e-01 1.774092e-01 -2.702923e-01 -5.192626e-01
7.909439e-01 1.777029e-01 -2.707397e-01 -5.191622e-01
7.907907e-01 1.779966e-01 -2.711871e-01 -5.190616e-01
7.906371e-01 1.782902e-01 -2.716344e-01 -5.189608e-01
7.904833e-01 1.785837e-01 -2.720816e-01 -5.188599e-01
7.903293e-01 1.788772e-01 -2.725287e-01 -5.187587e-01
7.901750e-01 1.791706e-01 -2.729758e-01 -5.186575e-01
7.900205e-01 1.794640e-01 -2.734227e-01 -5.185560e-01
7.898657e-01 1.797573e-01 -2.738696e-01 -5.184544e-01
7.897106e-01 1.800506e-01 -2.743163e-01 -5.183527e-01
7.895553e-01 1.803438e-01 -2.747630e-01 -5.182507e-01
7.893998e-01 1.806369e-01 -2.752096e-01 -5.181486e-01
7.892440e-01 1.809300e-01 -2.756561e-01 -5.180464e-01
7.890879e-01 1.812230e-01 -2.761025e-01 -5.179439e-01
7.889316e-01 1.815160e-01 -2.765488e-01 -5.178413e-01
7.887750e-01 1.818089e-01 -2.769951e-01 -5.177386e-01
7.886182e-01 1.821017e-01 -2.774412e-01 -5.176357e-01
7.884611e-01 1.823945e-01 -2.778873e-01 -5.175326e-01
7.883038e-01 1.826872e-01 -2.783333e-01 -5.174293e-01
7.881462e-01 1.829799e-01 -2.787791e-01 -5.173259e-01
7.879884e-01 1.832725e-01 -2.792249e-01 -5.172223e-01
7.878303e-01 1.835651e-01 -2.796706e-01 -5.171185e-01
7.876720e-01 1.838576e-01 -2.801163e-01 -5.170146e-01
7.875134e-01 1.841500e-01 -2.805618e-01 -5.169105e-01
7.873546e-01 1.844424e-01 -2.810072e-01 -5.168063e-01
7.871955e-01 1.847347e-01 -2.814526e-01 -5.167019e-01
7.870362e-01 1.850269e-01 -2.818978e-01 -5.165973e-01
7.868766e-01 1.853191e-01 -2.823430e-01 -5.164925e-01
7.867167e-01 1.856113e-01 -2.827881e-01 -5.163876e-01
7.865566e-01 1.859034e-01 -2.832330e-01 -5.162825e-01
7.863963e-01 1.861954e-01 -2.836779e-01 -5.161773e-01
7.862357e-01 1.864873e-01 -2.841227e-01 -5.160719e-01
7.860748e-01 1.867793e-01 -2.845674e-01 -5.159663e-01
7.859137e-01 1.870711e-01 -2.850121e-01 -5.158606e-01
7.857524e-01 1.873629e-01 -2.854566e-01 -5.157547e-01
7.855908e-01 1.876546e-01 -2.859010e-01 -5.156486e-01
7.854289e-01 1.879463e-01 -2.863454e-01 -5.155424e-01
7.852668e-01 1.882379e-01 -2.867896e-01 -5.154360e-01
7.851045e-01 1.885294e-01 -2.872338e-01 -5.153294e-01
7.849418e-01 1.888209e-01 -2.876779e-01 -5.152227e-01
7.847790e-01 1.891123e-01 -2.881219e-01 -5.151158e-01
7.846159e-01 1.894037e-01 -2.885657e-01 -5.150087e-01
7.844525e-01 1.896950e-01 -2.890095e-01 -5.149015e-01
7.842889e-01 1.899862e-01 -2.894532e-01 -5.147941e-01
7.841250e-01 1.902774e-01 -2.898969e-01 -5.146866e-01
7.839609e-01 1.905685e-01 -2.903404e-01 -5.145788e-01
7.837966e-01 1.908596e-01 -2.907838e-01 -5.144710e-01
7.836319e-01 1.911506e-01 -2.912271e-01 -5.143629e-01
7.834671e-01 1.914415e-01 -2.916704e-01 -5.142547e-01
7.833020e-01 1.917324e-01 -2.921135e-01 -5.141463e-01
7.831366e-01 1.920232e-01 -2.925566e-01 -5.140378e-01
7.829710e-01 1.923139e-01 -2.929995e-01 -5.139291e-01
7.828051e-01 1.926046e-01 -2.934424e-01 -5.138202e-01
7.826390e-01 1.928952e-01 -2.938852e-01 -5.137112e-01
7.824726e-01 1.931858e-01 -2.943278e-01 -5.136020e-01
7.823060e-01 1.934763e-01 -2.947704e-01 -5.134926e-01
7.821391e-01 1.937668e-01 -2.952129e-01 -5.133831e-01
7.819720e-01 1.940571e-01 -2.956553e-01 -5.132734e-01
7.818046e-01 1.943475e-01 -2.960976e-01 -5.131635e-01
7.816370e-01 1.946377e-01 -2.965398e-01 -5.130535e-01
7.814691e-01 1.949279e-01 -2.969819e-01 -5.129433e-01
7.813010e-01 1.952180e-01 -2.974239e-01 -5.128330e-01
7.811326e-01 1.955081e-01 -2.978658e-01 -5.127225e-01
7.809640e-01 1.957981e-01 -2.983077e-01 -5.126118e-01
7.807951e-01 1.960880e-01 -2.987494e-01 -5.125010e-01
7.806260e-01 1.963779e-01 -2.991910e-01 -5.123900e-01
7.804566e-01 1.966677e-01 -2.996326e-01 -5.122788e-01
7.802870e-01 1.969575e-01 -3.000740e-01 -5.121675e-01
7.801171e-01 1.972472e-01 -3.005153e-01 -5.120560e-01
7.799470e-01 1.975368e-01 -3.009566e-01 -5.119443e-01
7.797767e-01 1.978264e-01 -3.013977e-01 -5.118325e-01
7.796060e-01 1.981159e-01 -3.018388e-01 -5.117205e-01
7.794352e-01 1.984053e-01 -3.022798e-01 -5.116084e-01
7.792640e-01 1.986947e-01 -3.027206e-01 -5.114960e-01
7.790927e-01 1.989840e-01 -3.031614e-01 -5.113836e-01
7.789211e-01 1.992733e-01 -3.036020e-01 -5.112709e-01
7.787492e-01 1.995624e-01 -3.040426e-01 -5.111581e-01
7.785771e-01 1.998516e-01 -3.044831e-01 -5.110451e-01
7.784047e-01 2.001406e-01 -3.049235e-01 -5.109320e-01
7.782321e-01 2.004296e-01 -3.053637e-01 -5.108187e-01
7.780592e-01 2.007185e-01 -3.058039e-01 -5.107053e-01
7.778861e-01 2.010074e-01 -3.062440e-01 -5.105916e-01
7.777128e-01 2.012962e-01 -3.066840e-01 -5.104778e-01
7.775391e-01 2.015849e-01 -3.071239e-01 -5.103639e-01
7.773653e-01 2.018736e-01 -3.075637e-01 -5.102498e-01
7.771912e-01 2.021622e-01 -3.080034e-01 -5.101355e-01
7.770168e-01 2.024507e-01 -3.084430e-01 -5.100211e-01
7.768422e-01 2.027392e-01 -3.088825e-01 -5.099065e-01
7.766674e-01 2.030276e-01 -3.093218e-01 -5.097917e-01
7.764923e-01 2.033160e-01 -3.097611e-01 -5.096768e-01
7.763169e-01 2.036043e-01 -3.102003e-01 -5.095617e-01
7.761413e-01 2.038925e-01 -3.106394e-01 -5.094464e-01
7.759655e-01 2.041806e-01 -3.110784e-01 -5.093310e-01
7.757894e-01 2.044687e-01 -3.115173e-01 -5.092154e-01
7.756130e-01 2.047567e-01 -3.119561e-01 -5.090997e-01
7.754364e-01 2.050447e-01 -3.123948e-01 -5.089838e-01
7.752596e-01 2.053326e-01 -3.128334e-01 -5.088677e-01
7.750825e-01 2.056204e-01 -3.132719e-01 -5.087515e-01
7.749052e-01 2.059082e-01 -3.137103e-01 -5.086351e-01
7.747276e-01 2.061958e-01 -3.141486e-01 -5.085185e-01
7.745498e-01 2.064835e-01 -3.145868e-01 -5.084018e-01
7.743717e-01 2.067710e-01 -3.150249e-01 -5.082849e-01
7.741933e-01 2.070585e-01 -3.154629e-01 -5.081679e-01
7.740148e-01 2.073460e-01 -3.159008e-01 -5.080507e-01
7.738359e-01 2.076333e-01 -3.163386e-01 -5.079333e-01
7.736569e-01 2.079206e-01 -3.167763e-01 -5.078158e-01
7.734776e-01 2.082078e-01 -3.172139e-01 -5.076981e-01
7.732980e-01 2.084950e-01 -3.176514e-01 -5.075802e-01
7.731182e-01 2.087821e-01 -3.180888e-01 -5.074622e-01
7.729381e-01 2.090691e-01 -3.185260e-01 -5.073440e-01
7.727578e-01 2.093561e-01 -3.189632e-01 -5.072257e-01
7.725772e-01 2.096430e-01 -3.194003e-01 -5.071071e-01
7.723964e-01 2.099298e-01 -3.198373e-01 -5.069885e-01
7.722154e-01 2.102166e-01 -3.202742e-01 -5.068696e-01
7.720341e-01 2.105032e-01 -3.207109e-01 -5.067507e-01
7.718526e-01 2.107899e-01 -3.211476e-01 -5.066315e-01
7.716708e-01 2.110764e-01 -3.215842e-01 -5.065122e-01
7.714887e-01 2.113629e-01 -3.220207e-01 -5.063927e-01
7.713064e-01 2.116493e-01 -3.224570e-01 -5.062731e-01
7.711239e-01 2.119357e-01 -3.228933e-01 -5.061532e-01
7.709411e-01 2.122220e-01 -3.233294e-01 -5.060333e-01
7.707581e-01 2.125082e-01 -3.237655e-01 -5.059132e-01
7.705748e-01 2.127943e-01 -3.242014e-01 -5.057929e-01
7.703913e-01 2.130804e-01 -3.246373e-01 -5.056724e-01
7.702076e-01 2.133664e-01 -3.250730e-01 -5.055518e-01
7.700235e-01 2.136524e-01 -3.255087e-01 -5.054310e-01
7.698393e-01 2.139383e-01 -3.259442e-01 -5.053101e-01
7.696548e-01 2.142241e-01 -3.263796e-01 -5.051890e-01
7.694700e-01 2.145098e-01 -3.268150e-01 -5.050677e-01
7.692850e-01 2.147955e-01 -3.272502e-01 -5.049463e-01
7.690998e-01 2.150811e-01 -3.276853e-01 -5.048247e-01
7.689143e-01 2.153666e-01 -3.281203e-01 -5.047030e-01
7.687286e-01 2.156521e-01 -3.285552e-01 -5.045811e-01
7.685426e-01 2.159375e-01 -3.289900e-01 -5.044590e-01
7.683564e-01 2.162228e-01 -3.294247e-01 -5.043368e-01
7.681699e-01 2.165081e-01 -3.298593e-01 -5.042144e-01
7.679832e-01 2.167932e-01 -3.302938e-01 -5.040918e-01
7.677962e-01 2.170784e-01 -3.307282e-01 -5.039691e-01
7.676090e-01 2.173634e-01 -3.311624e-01 -5.038462e-01
7.674215e-01 2.176484e-01 -3.315966e-01 -5.037232e-01
7.672338e-01 2.179333e-01 -3.320307e-01 -5.036000e-01
7.670459e-01 2.182181e-01 -3.324646e-01 -5.034766e-01
7.668577e-01 2.185029e-01 -3.328985e-01 -5.033531e-01
7.666693e-01 2.187876e-01 -3.333322e-01 -5.032294e-01
7.664806e-01 2.190722e-01 -3.337659e-01 -5.031056e-01
7.662916e-01 2.193568e-01 -3.341994e-01 -5.029816e-01
7.661025e-01 2.196413e-01 -3.346328e-01 -5.028574e-01
7.659131e-01 2.199257e-01 -3.350661e-01 -5.027331e-01
7.657234e-01 2.202101e-01 -3.354993e-01 -5.026086e-01
7.655335e-01 2.204943e-01 -3.359324e-01 -5.024840e-01
7.653433e-01 2.207786e-01 -3.363654e-01 -5.023592e-01
7.651529e-01 2.210627e-01 -3.367983e-01 -5.022342e-01
7.649623e-01 2.213468e-01 -3.372311e-01 -5.021091e-01
7.647714e-01 2.216308e-01 -3.376638e-01 -5.019838e-01
7.645803e-01 2.219147e-01 -3.380963e-01 -5.018583e-01
7.643889e-01 2.221985e-01 -3.385288e-01 -5.017327e-01
7.641973e-01 2.224823e-01 -3.389611e-01 -5.016069e-01
7.640054e-01 2.227660e-01 -3.393934e-01 -5.014810e-01
7.638133e-01 2.230497e-01 -3.398255e-01 -5.013549e-01
7.636209e-01 2.233332e-01 -3.402575e-01 -5.012287e-01
7.634283e-01 2.236167e-01 -3.406894e-01 -5.011022e-01
7.632355e-01 2.239002e-01 -3.411212e-01 -5.009757e-01
7.630424e-01 2.241835e-01 -3.415529e-01 -5.008489e-01
7.628491e-01 2.244668e-01 -3.419845e-01 -5.007220e-01
7.626555e-01 2.247500e-01 -3.424160e-01 -5.005950e-01
7.624617e-01 2.250332e-01 -3.428473e-01 -5.004678e-01
7.622676e-01 2.253162e-01 -3.432786e-01 -5.003404e-01
7.620733e-01 2.255992e-01 -3.437097e-01 -5.002129e-01
7.618787e-01 2.258821e-01 -3.441408e-01 -5.000852e-01
7.616839e-01 2.261650e-01 -3.445717e-01 -4.999573e-01
7.614889e-01 2.264478e-01 -3.450025e-01 -4.998293e-01
7.612936e-01 2.267305e-01 -3.454332e-01 -4.997011e-01
7.610981e-01 2.270131e-01 -3.458638e-01 -4.995728e-01
7.609023e-01 2.272957e-01 -3.462943e-01 -4.994443e-01
7.607063e-01 2.275781e-01 -3.467247e-01 -4.993156e-01
7.605101e-01 2.278606e-01 -3.471549e-01 -4.991868e-01
7.603136e-01 2.281429e-01 -3.475851e-01 -4.990578e-01
7.601168e-01 2.284252e-01 -3.480151e-01 -4.989287e-01
7.599198e-01 2.287074e-01 -3.484450e-01 -4.987994e-01
7.597226e-01 2.289895e-01 -3.488748e-01 -4.986700e-01
7.595251e-01 2.292715e-01 -3.493046e-01 -4.985404e-01
7.593274e-01 2.295535e-01 -3.497341e-01 -4.984106e-01
7.591294e-01 2.298354e-01 -3.501636e-01 -4.982807e-01
7.589312e-01 2.301172e-01 -3.505930e-01 -4.981506e-01
7.587328e-01 2.303990e-01 -3.510222e-01 -4.980203e-01
7.585341e-01 2.306807e-01 -3.514514e-01 -4.978899e-01
7.583352e-01 2.309623e-01 -3.518804e-01 -4.977593e-01
7.581360e-01 2.312438e-01 -3.523093e-01 -4.976286e-01
7.579366e-01 2.315253e-01 -3.527381e-01 -4.974977e-01
7.577369e-01 2.318067e-01 -3.531668e-01 -4.973667e-01
7.575370e-01 2.320880e-01 -3.535954e-01 -4.972355e-01
7.573369e-01 2.323692e-01 -3.540239e-01 -4.971041e-01
7.571365e-01 2.326504e-01 -3.544522e-01 -4.969726e-01
7.569359e-01 2.329315e-01 -3.548805e-01 -4.968409e-01
7.567350e-01 2.332125e-01 -3.553086e-01 -4.967090e-01
7.565339e-01 2.334934e-01 -3.557366e-01 -4.965770e-01
7.563325e-01 2.337743e-01 -3.561645e-01 -4.964449e-01
7.561309e-01 2.340551e-01 -3.565923e-01 -4.963126e-01
7.559291e-01 2.343358e-01 -3.570200e-01 -4.961801e-01
7.557270e-01 2.346164e-01 -3.574475e-01 -4.960475e-01
7.555247e-01 2.348970e-01 -3.578750e-01 -4.959147e-01
7.553221e-01 2.351775e-01 -3.583023e-01 -4.957817e-01
7.551193e-01 2.354579e-01 -3.587295e-01 -4.956486e-01
7.549163e-01 2.357382e-01 -3.591566e-01 -4.955153e-01
7.547130e-01 2.360185e-01 -3.595836e-01 -4.953819e-01
7.545094e-01 2.362987e-01 -3.600105e-01 -4.952483e-01
7.543057e-01 2.365788e-01 -3.604372e-01 -4.951146e-01
7.541017e-01 2.368588e-01 -3.608639e-01 -4.949807e-01
7.538974e-01 2.371388e-01 -3.612904e-01 -4.948466e-01
7.536929e-01 2.374187e-01 -3.617168e-01 -4.947124e-01
7.534882e-01 2.376985e-01 -3.621431e-01 -4.945780e-01
7.532832e-01 2.379782e-01 -3.625693e-01 -4.944435e-01
7.530780e-01 2.382579e-01 -3.629953e-01 -4.943088e-01
7.528725e-01 2.385375e-01 -3.634213e-01 -4.941739e-01
7.526668e-01 2.388170e-01 -3.638471e-01 -4.940389e-01
7.524609e-01 2.390964e-01 -3.642728e-01 -4.939037e-01
7.522547e-01 2.393757e-01 -3.646984e-01 -4.937684e-01
7.520483e-01 2.396550e-01 -3.651239e-01 -4.936329e-01
7.518416e-01 2.399342e-01 -3.655492e-01 -4.934973e-01
7.516347e-01 2.402133e-01 -3.659745e-01 -4.933615e-01
7.514276e-01 2.404924e-01 -3.663996e-01 -4.932255e-01
7.512202e-01 2.407713e-01 -3.668246e-01 -4.930894e-01
7.510125e-01 2.410502e-01 -3.672495e-01 -4.929531e-01
7.508047e-01 2.413290e-01 -3.676743e-01 -4.928167e-01
7.505966e-01 2.416078e-01 -3.680989e-01 -4.926801e-01
7.503882e-01 2.418864e-01 -3.685235e-01 -4.925433e-01
7.501796e-01 2.421650e-01 -3.689479e-01 -4.924064e-01
7.499708e-01 2.424435e-01 -3.693722e-01 -4.922693e-01
7.497617e-01 2.427219e-01 -3.697964e-01 -4.921321e-01
7.495524e-01 2.430003e-01 -3.702204e-01 -4.919947e-01
7.493429e-01 2.432786e-01 -3.706444e-01 -4.918572e-01
7.491331e-01 2.435568e-01 -3.710682e-01 -4.917195e-01
7.489231e-01 2.438349e-01 -3.714919e-01 -4.915817e-01
7.487128e-01 2.441129e-01 -3.719155e-01 -4.914437e-01
7.485023e-01 2.443909e-01 -3.723390e-01 -4.913055e-01
7.482916e-01 2.446687e-01 -3.727623e-01 -4.911672e-01
7.480806e-01 2.449465e-01 -3.731856e-01 -4.910287e-01
7.478693e-01 2.452243e-01 -3.736087e-01 -4.908900e-01
7.476579e-01 2.455019e-01 -3.740317e-01 -4.907513e-01
7.474462e-01 2.457795e-01 -3.744546e-01 -4.906123e-01
7.472342e-01 2.460570e-01 -3.748773e-01 -4.904732e-01
7.470221e-01 2.463344e-01 -3.753000e-01 -4.903339e-01
7.468096e-01 2.466117e-01 -3.757225e-01 -4.901945e-01
7.465970e-01 2.468890e-01 -3.761449e-01 -4.900549e-01
7.463841e-01 2.471661e-01 -3.765671e-01 -4.899152e-01
7.461709e-01 2.474432e-01 -3.769893e-01 -4.897753e-01
7.459576e-01 2.477202e-01 -3.774113e-01 -4.896352e-01
7.457440e-01 2.479972e-01 -3.778332e-01 -4.894950e-01
7.455301e-01 2.482740e-01 -3.782550e-01 -4.893547e-01
7.453160e-01 2.485508e-01 -3.786767e-01 -4.892142e-01
7.451017e-01 2.488275e-01 -3.790983e-01 -4.890735e-01
7.448871e-01 2.491041e-01 -3.795197e-01 -4.889326e-01
7.446723e-01 2.493806e-01 -3.799410e-01 -4.887917e-01
7.444573e-01 2.496571e-01 -3.803622e-01 -4.886505e-01
7.442420e-01 2.499335e-01 -3.807832e-01 -4.885092e-01
7.440265e-01 2.502098e-01 -3.812042e-01 -4.883677e-01
7.438107e-01 2.504860e-01 -3.816250e-01 -4.882261e-01
7.435947e-01 2.507621e-01 -3.820457e-01 -4.880844e-01
7.433785e-01 2.510382e-01 -3.824663e-01 -4.879424e-01
7.431620e-01 2.513142e-01 -3.828867e-01 -4.878003e-01
7.429453e-01 2.515901e-01 -3.833071e-01 -4.876581e-01
7.427283e-01 2.518659e-01 -3.837273e-01 -4.875157e-01
7.425112e-01 2.521416e-01 -3.841474e-01 -4.873732e-01
7.422937e-01 2.524173e-01 -3.845673e-01 -4.872305e-01
7.420761e-01 2.526928e-01 -3.849872e-01 -4.870876e-01
7.418582e-01 2.529683e-01 -3.854069e-01 -4.869446e-01
7.416400e-01 2.532437e-01 -3.858265e-01 -4.868014e-01
7.414217e-01 2.535191e-01 -3.862459e-01 -4.866581e-01
7.412031e-01 2.537943e-01 -3.866653e-01 -4.865146e-01
7.409842e-01 2.540695e-01 -3.870845e-01 -4.863709e-01
7.407651e-01 2.543446e-01 -3.875036e-01 -4.862271e-01
7.405458e-01 2.546196e-01 -3.879226e-01 -4.860832e-01
7.403262e-01 2.548945e-01 -3.883414e-01 -4.859391e-01
7.401064e-01 2.551693e-01 -3.887602e-01 -4.857948e-01
7.398864e-01 2.554441e-01 -3.891788e-01 -4.856504e-01
7.396661e-01 2.557188e-01 -3.895972e-01 -4.855058e-01
7.394456e-01 2.559934e-01 -3.900156e-01 -4.853611e-01
7.392249e-01 2.562679e-01 -3.904338e-01 -4.852162e-01
7.390039e-01 2.565423e-01 -3.908519e-01 -4.850712e-01
7.387827e-01 2.568167e-01 -3.912699e-01 -4.849260e-01
7.385612e-01 2.570909e-01 -3.916877e-01 -4.847806e-01
7.383396e-01 2.573651e-01 -3.921055e-01 -4.846351e-01
7.381176e-01 2.576392e-01 -3.925231e-01 -4.844894e-01
7.378955e-01 2.579133e-01 -3.929406e-01 -4.843436e-01
7.376731e-01 2.581872e-01 -3.933579e-01 -4.841976e-01
7.374504e-01 2.584611e-01 -3.937751e-01 -4.840515e-01
7.372276e-01 2.587348e-01 -3.941922e-01 -4.839052e-01
7.370045e-01 2.590085e-01 -3.946092e-01 -4.837588e-01
7.367811e-01 2.592821e-01 -3.950260e-01 -4.836122e-01
7.365576e-01 2.595557e-01 -3.954428e-01 -4.834655e-01
7.363337e-01 2.598291e-01 -3.958594e-01 -4.833186e-01
7.361097e-01 2.601025e-01 -3.962758e-01 -4.831715e-01
7.358854e-01 2.603757e-01 -3.966922e-01 -4.830243e-01
7.356609e-01 2.606489e-01 -3.971084e-01 -4.828769e-01
7.354361e-01 2.609220e-01 -3.975245e-01 -4.827294e-01
7.352111e-01 2.611951e-01 -3.979404e-01 -4.825817e-01
7.349859e-01 2.614680e-01 -3.983563e-01 -4.824339e-01
7.347605e-01 2.617409e-01 -3.987720e-01 -4.822859e-01
7.345348e-01 2.620136e-01 -3.991875e-01 -4.821378e-01
7.343088e-01 2.622863e-01 -3.996030e-01 -4.819895e-01
7.340827e-01 2.625589e-01 -4.000183e-01 -4.818411e-01
7.338563e-01 2.628314e-01 -4.004335e-01 -4.816925e-01
7.336296e-01 2.631039e-01 -4.008486e-01 -4.815437e-01
7.334028e-01 2.633762e-01 -4.012635e-01 -4.813948e-01
7.331757e-01 2.636485e-01 -4.016783e-01 -4.812457e-01
7.329483e-01 2.639207e-01 -4.020930e-01 -4.810965e-01
7.327208e-01 2.641928e-01 -4.025075e-01 -4.809471e-01
7.324929e-01 2.644648e-01 -4.029220e-01 -4.807976e-01
7.322649e-01 2.647367e-01 -4.033362e-01 -4.806479e-01
7.320366e-01 2.650086e-01 -4.037504e-01 -4.804981e-01
7.318081e-01 2.652804e-01 -4.041644e-01 -4.803481e-01
7.315794e-01 2.655520e-01 -4.045783e-01 -4.801980e-01
7.313504e-01 2.658236e-01 -4.049921e-01 -4.800477e-01
7.311212e-01 2.660951e-01 -4.054058e-01 -4.798972e-01
7.308917e-01 2.663666e-01 -4.058193e-01 -4.797466e-01
7.306620e-01 2.666379e-01 -4.062327e-01 -4.795959e-01
7.304321e-01 2.669091e-01 -4.066459e-01 -4.794450e-01
7.302020e-01 2.671803e-01 -4.070591e-01 -4.792939e-01
7.299716e-01 2.674514e-01 -4.074721e-01 -4.791427e-01
7.297410e-01 2.677224e-01 -4.078849e-01 -4.789913e-01
7.295101e-01 2.679933e-01 -4.082977e-01 -4.788398e-01
7.292791e-01 2.682641e-01 -4.087103e-01 -4.786882e-01
7.290477e-01 2.685349e-01 -4.091227e-01 -4.785363e-01
7.288162e-01 2.688055e-01 -4.095351e-01 -4.783843e-01
7.285844e-01 2.690761e-01 -4.099473e-01 -4.782322e-01
7.283524e-01 2.693466e-01 -4.103594e-01 -4.780799e-01
7.281201e-01 2.696169e-01 -4.107713e-01 -4.779275e-01
7.278877e-01 2.698873e-01 -4.111831e-01 -4.777749e-01
7.276549e-01 2.701575e-01 -4.115948e-01 -4.776222e-01
7.274220e-01 2.704276e-01 -4.120064e-01 -4.774693e-01
7.271888e-01 2.706977e-01 -4.124178e-01 -4.773162e-01
7.269554e-01 2.709676e-01 -4.128291e-01 -4.771630e-01
7.267218e-01 2.712375e-01 -4.132402e-01 -4.770096e-01
7.264879e-01 2.715073e-01 -4.136513e-01 -4.768561e-01
7.262538e-01 2.717770e-01 -4.140622e-01 -4.767025e-01
7.260194e-01 2.720466e-01 -4.144729e-01 -4.765487e-01
7.257849e-01 2.723161e-01 -4.148836e-01 -4.763947e-01
7.255501e-01 2.725856e-01 -4.152941e-01 -4.762406e-01
7.253150e-01 2.728549e-01 -4.157044e-01 -4.760863e-01
7.250797e-01 2.731242e-01 -4.161146e-01 -4.759319e-01
7.248442e-01 2.733934e-01 -4.165247e-01 -4.757773e-01
7.246085e-01 2.736624e-01 -4.169347e-01 -4.756226e-01
7.243725e-01 2.739314e-01 -4.173445e-01 -4.754677e-01
7.241363e-01 2.742004e-01 -4.177542e-01 -4.753127e-01
7.238999e-01 2.744692e-01 -4.181638e-01 -4.751575e-01
7.236632e-01 2.747379e-01 -4.185732e-01 -4.750021e-01
7.234263e-01 2.750066e-01 -4.189825e-01 -4.748467e-01
7.231892e-01 2.752751e-01 -4.193917e-01 -4.746910e-01
7.229519e-01 2.755436e-01 -4.198007e-01 -4.745352e-01
7.227143e-01 2.758120e-01 -4.202096e-01 -4.743793e-01
7.224765e-01 2.760803e-01 -4.206184e-01 -4.742232e-01
7.222384e-01 2.763485e-01 -4.210270e-01 -4.740669e-01
7.220001e-01 2.766166e-01 -4.214355e-01 -4.739105e-01
7.217616e-01 2.768847e-01 -4.218438e-01 -4.737540e-01
7.215229e-01 2.771526e-01 -4.222521e-01 -4.735973e-01
7.212839e-01 2.774205e-01 -4.226601e-01 -4.734404e-01
7.210447e-01 2.776882e-01 -4.230681e-01 -4.732834e-01
7.208053e-01 2.779559e-01 -4.234759e-01 -4.731263e-01
7.205656e-01 2.782235e-01 -4.238836e-01 -4.729690e-01
7.203257e-01 2.784910e-01 -4.242911e-01 -4.728115e-01
7.200856e-01 2.787584e-01 -4.246985e-01 -4.726539e-01
7.198452e-01 2.790257e-01 -4.251058e-01 -4.724961e-01
7.196046e-01 2.792930e-01 -4.255129e-01 -4.723382e-01
7.193638e-01 2.795601e-01 -4.259199e-01 -4.721801e-01
7.191227e-01 2.798272e-01 -4.263268e-01 -4.720219e-01
7.188815e-01 2.800941e-01 -4.267335e-01 -4.718636e-01
7.186400e-01 2.803610e-01 -4.271401e-01 -4.717050e-01
7.183982e-01 2.806278e-01 -4.275466e-01 -4.715464e-01
7.181562e-01 2.808945e-01 -4.279529e-01 -4.713875e-01
7.179140e-01 2.811611e-01 -4.283591e-01 -4.712286e-01
7.176716e-01 2.814276e-01 -4.287651e-01 -4.710695e-01
7.174290e-01 2.816940e-01 -4.291710e-01 -4.709102e-01
7.171861e-01 2.819604e-01 -4.295768e-01 -4.707508e-01
7.169430e-01 2.822266e-01 -4.299824e-01 -4.705912e-01
7.166996e-01 2.824928e-01 -4.303879e-01 -4.704315e-01
7.164560e-01 2.827588e-01 -4.307933e-01 -4.702716e-01
7.162122e-01 2.830248e-01 -4.311985e-01 -4.701116e-01
7.159682e-01 2.832907e-01 -4.316035e-01 -4.699514e-01
7.157239e-01 2.835565e-01 -4.320085e-01 -4.697911e-01
7.154794e-01 2.838222e-01 -4.324133e-01 -4.696306e-01
7.152347e-01 2.840878e-01 -4.328180e-01 -4.694700e-01
7.149898e-01 2.843533e-01 -4.332225e-01 -4.693092e-01
7.147446e-01 2.846188e-01 -4.336269e-01 -4.691482e-01
7.144992e-01 2.848841e-01 -4.340311e-01 -4.689872e-01
7.142535e-01 2.851493e-01 -4.344352e-01 -4.688259e-01
7.140077e-01 2.854145e-01 -4.348392e-01 -4.686646e-01
7.137616e-01 2.856796e-01 -4.352430e-01 -4.685030e-01
7.135153e-01 2.859445e-01 -4.356467e-01 -4.683414e-01
7.132687e-01 2.862094e-01 -4.360503e-01 -4.681795e-01
7.130219e-01 2.864742e-01 -4.364537e-01 -4.680176e-01
7.127749e-01 2.867389e-01 -4.368570e-01 -4.678554e-01
7.125277e-01 2.870035e-01 -4.372601e-01 -4.676932e-01
7.122802e-01 2.872680e-01 -4.376631e-01 -4.675307e-01
7.120325e-01 2.875324e-01 -4.380659e-01 -4.673681e-01
7.117846e-01 2.877968e-01 -4.384687e-01 -4.672054e-01
7.115365e-01 2.880610e-01 -4.388712e-01 -4.670425e-01
7.112881e-01 2.883252e-01 -4.392737e-01 -4.668795e-01
7.110395e-01 2.885892e-01 -4.396760e-01 -4.667163e-01
7.107907e-01 2.888532e-01 -4.400781e-01 -4.665530e-01
7.105416e-01 2.891171e-01 -4.404801e-01 -4.663896e-01
7.102923e-01 2.893808e-01 -4.408820e-01 -4.662259e-01
7.100428e-01 2.896445e-01 -4.412837e-01 -4.660622e-01
7.097931e-01 2.899081e-01 -4.416853e-01 -4.658982e-01
7.095431e-01 2.901716e-01 -4.420867e-01 -4.657342e-01
7.092929e-01 2.904350e-01 -4.424881e-01 -4.655700e-01
7.090425e-01 2.906983e-01 -4.428892e-01 -4.654056e-01
7.087919e-01 2.909615e-01 -4.432902e-01 -4.652411e-01
7.085410e-01 2.912247e-01 -4.436911e-01 -4.650764e-01
7.082899e-01 2.914877e-01 -4.440919e-01 -4.649116e-01
7.080386e-01 2.917506e-01 -4.444924e-01 -4.647466e-01
7.077870e-01 2.920135e-01 -4.448929e-01 -4.645815e-01
7.075352e-01 2.922762e-01 -4.452932e-01 -4.644163e-01
7.072832e-01 2.925389e-01 -4.456934e-01 -4.642508e-01
7.070310e-01 2.928015e-01 -4.460934e-01 -4.640853e-01
7.067785e-01 2.930639e-01 -4.464933e-01 -4.639196e-01
7.065258e-01 2.933263e-01 -4.468930e-01 -4.637537e-01
7.062729e-01 2.935886e-01 -4.472926e-01 -4.635877e-01
7.060198e-01 2.938508e-01 -4.476921e-01 -4.634216e-01
7.057664e-01 2.941129e-01 -4.480914e-01 -4.632553e-01
7.055128e-01 2.943749e-01 -4.484906e-01 -4.630888e-01
7.052590e-01 2.946368e-01 -4.488896e-01 -4.629222e-01
7.050050e-01 2.948986e-01 -4.492885e-01 -4.627555e-01
7.047507e-01 2.951603e-01 -4.496872e-01 -4.625886e-01
7.044962e-01 2.954220e-01 -4.500858e-01 -4.624216e-01
7.042415e-01 2.956835e-01 -4.504842e-01 -4.622544e-01
7.039866e-01 2.959449e-01 -4.508825e-01 -4.620870e-01
7.037314e-01 2.962063e-01 -4.512807e-01 -4.619195e-01
7.034760e-01 2.964675e-01 -4.516787e-01 -4.617519e-01
7.032204e-01 2.967287e-01 -4.520766e-01 -4.615841e-01
7.029646e-01 2.969897e-01 -4.524743e-01 -4.614162e-01
7.027085e-01 2.972507e-01 -4.528719e-01 -4.612481e-01
7.024522e-01 2.975116e-01 -4.532693e-01 -4.610799e-01
7.021957e-01 2.977723e-01 -4.536666e-01 -4.609115e-01
7.019389e-01 2.980330e-01 -4.540638e-01 -4.607430e-01
7.016820e-01 2.982936e-01 -4.544608e-01 -4.605744e-01
7.014248e-01 2.985541e-01 -4.548576e-01 -4.604055e-01
7.011674e-01 2.988145e-01 -4.552543e-01 -4.602366e-01
7.009097e-01 2.990748e-01 -4.556509e-01 -4.600675e-01
7.006519e-01 2.993350e-01 -4.560473e-01 -4.598982e-01
7.003938e-01 2.995951e-01 -4.564436e-01 -4.597288e-01
7.001355e-01 2.998551e-01 -4.568397e-01 -4.595593e-01
6.998769e-01 3.001150e-01 -4.572357e-01 -4.593896e-01
6.996182e-01 3.003748e-01 -4.576315e-01 -4.592197e-01
6.993592e-01 3.006345e-01 -4.580272e-01 -4.590497e-01
6.991000e-01 3.008941e-01 -4.584228e-01 -4.588796e-01
6.988405e-01 3.011537e-01 -4.588182e-01 -4.587093e-01
6.985809e-01 3.014131e-01 -4.592134e-01 -4.585389e-01
6.983210e-01 3.016724e-01 -4.596085e-01 -4.583683e-01
6.980609e-01 3.019317e-01 -4.600035e-01 -4.581976e-01
6.978006e-01 3.021908e-01 -4.603983e-01 -4.580267e-01
6.975400e-01 3.024499e-01 -4.607929e-01 -4.578557e-01
6.972793e-01 3.027088e-01 -4.611875e-01 -4.576845e-01
6.970183e-01 3.029677e-01 -4.615818e-01 -4.575132e-01
6.967571e-01 3.032264e-01 -4.619760e-01 -4.573418e-01
6.964956e-01 3.034851e-01 -4.623701e-01 -4.571702e-01
6.962339e-01 3.037436e-01 -4.627640e-01 -4.569984e-01
6.959721e-01 3.040021e-01 -4.631578e-01 -4.568265e-01
6.957100e-01 3.042605e-01 -4.635514e-01 -4.566545e-01
6.954476e-01 3.045187e-01 -4.639449e-01 -4.564823e-01
6.951851e-01 3.047769e-01 -4.643382e-01 -4.563100e-01
6.949223e-01 3.050350e-01 -4.647314e-01 -4.561375e-01
6.946593e-01 3.052929e-01 -4.651244e-01 -4.559649e-01
6.943961e-01 3.055508e-01 -4.655173e-01 -4.557921e-01
6.941326e-01 3.058086e-01 -4.659101e-01 -4.556192e-01
6.938690e-01 3.060663e-01 -4.663026e-01 -4.554461e-01
6.936051e-01 3.063239e-01 -4.666951e-01 -4.552729e-01
6.933410e-01 3.065814e-01 -4.670874e-01 -4.550995e-01
6.930766e-01 3.068387e-01 -4.674795e-01 -4.549260e-01
6.928121e-01 3.070960e-01 -4.678715e-01 -4.547524e-01
6.925473e-01 3.073532e-01 -4.682633e-01 -4.545786e-01
6.922823e-01 3.076103e-01 -4.686550e-01 -4.544047e-01
6.920171e-01 3.078673e-01 -4.690465e-01 -4.542306e-01
6.917516e-01 3.081242e-01 -4.694379e-01 -4.540563e-01
6.914860e-01 3.083810e-01 -4.698292e-01 -4.538820e-01
6.912201e-01 3.086377e-01 -4.702203e-01 -4.537075e-01
6.909540e-01 3.088943e-01 -4.706112e-01 -4.535328e-01
6.906877e-01 3.091508e-01 -4.710020e-01 -4.533580e-01
6.904211e-01 3.094072e-01 -4.713926e-01 -4.531830e-01
6.901544e-01 3.096635e-01 -4.717831e-01 -4.530079e-01
6.898874e-01 3.099197e-01 -4.721734e-01 -4.528327e-01
6.896202e-01 3.101758e-01 -4.725636e-01 -4.526573e-01
6.893527e-01 3.104318e-01 -4.729536e-01 -4.524818e-01
6.890851e-01 3.106877e-01 -4.733435e-01 -4.523061e-01
6.888172e-01 3.109435e-01 -4.737332e-01 -4.521303e-01
6.885491e-01 3.111992e-01 -4.741228e-01 -4.519543e-01
6.882808e-01 3.114548e-01 -4.745122e-01 -4.517782e-01
6.880123e-01 3.117104e-01 -4.749015e-01 -4.516019e-01
6.877435e-01 3.119658e-01 -4.752906e-01 -4.514255e-01
6.874746e-01 3.122211e-01 -4.756796e-01 -4.512490e-01
6.872054e-01 3.124763e-01 -4.760684e-01 -4.510723e-01
6.869360e-01 3.127314e-01 -4.764571e-01 -4.508955e-01
6.866663e-01 3.129864e-01 -4.768456e-01 -4.507185e-01
6.863965e-01 3.132413e-01 -4.772340e-01 -4.505413e-01
6.861264e-01 3.134961e-01 -4.776222e-01 -4.503641e-01
6.858561e-01 3.137508e-01 -4.780102e-01 -4.501867e-01
6.855856e-01 3.140054e-01 -4.783981e-01 -4.500091e-01
6.853149e-01 3.142599e-01 -4.787859e-01 -4.498314e-01
6.850439e-01 3.145143e-01 -4.791735e-01 -4.496536e-01
6.847728e-01 3.147687e-01 -4.795609e-01 -4.494756e-01
6.845014e-01 3.150229e-01 -4.799482e-01 -4.492974e-01
6.842298e-01 3.152770e-01 -4.803353e-01 -4.491192e-01
6.839580e-01 3.155310e-01 -4.807223e-01 -4.489408e-01
6.836859e-01 3.157849e-01 -4.811091e-01 -4.487622e-01
6.834136e-01 3.160387e-01 -4.814958e-01 -4.485835e-01
6.831412e-01 3.162924e-01 -4.818823e-01 -4.484046e-01
6.828685e-01 3.165460e-01 -4.822687e-01 -4.482256e-01
6.825956e-01 3.167995e-01 -4.826549e-01 -4.480465e-01
6.823224e-01 3.170529e-01 -4.830409e-01 -4.478672e-01
6.820491e-01 3.173062e-01 -4.834268e-01 -4.476878e-01
6.817755e-01 3.175594e-01 -4.838126e-01 -4.475082e-01
6.815017e-01 3.178124e-01 -4.841982e-01 -4.473285e-01
6.812277e-01 3.180654e-01 -4.845836e-01 -4.471487e-01
6.809535e-01 3.183183e-01 -4.849689e-01 -4.469687e-01
6.806790e-01 3.185711e-01 -4.853540e-01 -4.467885e-01
6.804044e-01 3.188238e-01 -4.857390e-01 -4.466083e-01
6.801295e-01 3.190764e-01 -4.861238e-01 -4.464278e-01
6.798544e-01 3.193289e-01 -4.865085e-01 -4.462473e-01
6.795791e-01 3.195812e-01 -4.868930e-01 -4.460665e-01
6.793035e-01 3.198335e-01 -4.872773e-01 -4.458857e-01
6.790278e-01 3.200857e-01 -4.876615e-01 -4.457047e-01
6.787518e-01 3.203378e-01 -4.880455e-01 -4.455236e-01
6.784756e-01 3.205897e-01 -4.884294e-01 -4.453423e-01
6.781992e-01 3.208416e-01 -4.888132e-01 -4.451608e-01
6.779226e-01 3.210934e-01 -4.891967e-01 -4.449793e-01
6.776458e-01 3.213450e-01 -4.895801e-01 -4.447976e-01
6.773687e-01 3.215966e-01 -4.899634e-01 -4.446157e-01
6.770915e-01 3.218480e-01 -4.903465e-01 -4.444337e-01
6.768140e-01 3.220994e-01 -4.907294e-01 -4.442516e-01
6.765363e-01 3.223506e-01 -4.911122e-01 -4.440693e-01
6.762583e-01 3.226018e-01 -4.914948e-01 -4.438869e-01
6.759802e-01 3.228528e-01 -4.918773e-01 -4.437043e-01
6.757019e-01 3.231038e-01 -4.922596e-01 -4.435216e-01
6.754233e-01 3.233546e-01 -4.926418e-01 -4.433388e-01
6.751445e-01 3.236053e-01 -4.930238e-01 -4.431558e-01
6.748655e-01 3.238560e-01 -4.934056e-01 -4.429727e-01
6.745863e-01 3.241065e-01 -4.937873e-01 -4.427894e-01
6.743069e-01 3.243569e-01 -4.941688e-01 -4.426060e-01
6.740272e-01 3.246072e-01 -4.945502e-01 -4.424224e-01
6.737473e-01 3.248574e-01 -4.949314e-01 -4.422387e-01
6.734673e-01 3.251075e-01 -4.953124e-01 -4.420549e-01
6.731870e-01 3.253576e-01 -4.956933e-01 -4.418709e-01
6.729065e-01 3.256075e-01 -4.960740e-01 -4.416868e-01
6.726257e-01 3.258573e-01 -4.964546e-01 -4.415025e-01
6.723448e-01 3.261069e-01 -4.968350e-01 -4.413181e-01
6.720636e-01 3.263565e-01 -4.972153e-01 -4.411336e-01
6.717823e-01 3.266060e-01 -4.975954e-01 -4.409489e-01
6.715007e-01 3.268554e-01 -4.979753e-01 -4.407641e-01
6.712189e-01 3.271047e-01 -4.983551e-01 -4.405791e-01
6.709369e-01 3.273539e-01 -4.987347e-01 -4.403940e-01
6.706546e-01 3.276029e-01 -4.991142e-01 -4.402087e-01
6.703722e-01 3.278519e-01 -4.994935e-01 -4.400233e-01
6.700895e-01 3.281007e-01 -4.998726e-01 -4.398378e-01
6.698067e-01 3.283495e-01 -5.002516e-01 -4.396521e-01
6.695236e-01 3.285981e-01 -5.006304e-01 -4.394663e-01
6.692403e-01 3.288467e-01 -5.010091e-01 -4.392804e-01
6.689568e-01 3.290951e-01 -5.013876e-01 -4.390943e-01
6.686730e-01 3.293434e-01 -5.017659e-01 -4.389080e-01
6.683891e-01 3.295917e-01 -5.021441e-01 -4.387217e-01
6.681049e-01 3.298398e-01 -5.025221e-01 -4.385351e-01
6.678206e-01 3.300878e-01 -5.028999e-01 -4.383485e-01
6.675360e-01 3.303357e-01 -5.032776e-01 -4.381617e-01
6.672512e-01 3.305835e-01 -5.036552e-01 -4.379748e-01
6.669662e-01 3.308312e-01 -5.040325e-01 -4.377877e-01
6.666809e-01 3.310788e-01 -5.044098e-01 -4.376005e-01
6.663955e-01 3.313263e-01 -5.047868e-01 -4.374131e-01
6.661098e-01 3.315737e-01 -5.051637e-01 -4.372256e-01
6.658240e-01 3.318209e-01 -5.055404e-01 -4.370380e-01
6.655379e-01 3.320681e-01 -5.059170e-01 -4.368502e-01
6.652177e-01 3.323399e-01 -5.063350e-01 -4.366469e-01
6.648348e-01 3.326629e-01 -5.068331e-01 -4.364062e-01
6.643923e-01 3.330380e-01 -5.074095e-01 -4.361240e-01
6.638902e-01 3.334653e-01 -5.080640e-01 -4.358001e-01
6.633279e-01 3.339446e-01 -5.087964e-01 -4.354346e-01
6.627047e-01 3.344756e-01 -5.096070e-01 -4.350279e-01
6.620201e-01 3.350582e-01 -5.104955e-01 -4.345801e-01
6.612851e-01 3.356843e-01 -5.114481e-01 -4.340955e-01
6.605881e-01 3.362887e-01 -5.123560e-01 -4.336180e-01
6.599522e-01 3.368416e-01 -5.131836e-01 -4.331783e-01
6.593733e-01 3.373410e-01 -5.139336e-01 -4.327819e-01
6.588518e-01 3.377874e-01 -5.146061e-01 -4.324286e-01
6.583889e-01 3.381809e-01 -5.152009e-01 -4.321177e-01
6.579856e-01 3.385222e-01 -5.157177e-01 -4.318483e-01
6.576424e-01 3.388114e-01 -5.161563e-01 -4.316202e-01
6.573600e-01 3.390488e-01 -5.165166e-01 -4.314330e-01
6.571386e-01 3.392345e-01 -5.167986e-01 -4.312865e-01
6.569512e-01 3.393871e-01 -5.170347e-01 -4.311690e-01
6.567435e-01 3.395497e-01 -5.172925e-01 -4.310482e-01
6.565090e-01 3.397349e-01 -5.175845e-01 -4.309089e-01
6.562546e-01 3.399400e-01 -5.179034e-01 -4.307513e-01
6.559868e-01 3.401595e-01 -5.182409e-01 -4.305801e-01
6.557100e-01 3.403883e-01 -5.185906e-01 -4.303999e-01
6.554272e-01 3.406230e-01 -5.189480e-01 -4.302141e-01
6.551405e-01 3.408612e-01 -5.193102e-01 -4.300250e-01
6.548512e-01 3.411014e-01 -5.196754e-01 -4.298340e-01
6.545601e-01 3.413427e-01 -5.200424e-01 -4.296419e-01
6.542677e-01 3.415847e-01 -5.204105e-01 -4.294491e-01
6.539745e-01 3.418270e-01 -5.207792e-01 -4.292560e-01
6.536806e-01 3.420694e-01 -5.211482e-01 -4.290626e-01
6.533862e-01 3.423119e-01 -5.215173e-01 -4.288691e-01
6.530915e-01 3.425543e-01 -5.218865e-01 -4.286753e-01
6.527964e-01 3.427967e-01 -5.222557e-01 -4.284815e-01
6.525010e-01 3.430390e-01 -5.226247e-01 -4.282875e-01
6.522053e-01 3.432812e-01 -5.229936e-01 -4.280933e-01
6.519094e-01 3.435233e-01 -5.233624e-01 -4.278991e-01
6.516133e-01 3.437652e-01 -5.237311e-01 -4.277047e-01
6.513170e-01 3.440071e-01 -5.240996e-01 -4.275101e-01
6.510204e-01 3.442489e-01 -5.244679e-01 -4.273154e-01
6.507236e-01 3.444906e-01 -5.248361e-01 -4.271206e-01
6.504267e-01 3.447321e-01 -5.252041e-01 -4.269257e-01
6.501295e-01 3.449736e-01 -5.255720e-01 -4.267306e-01
6.498321e-01 3.452149e-01 -5.259397e-01 -4.265354e-01
6.495344e-01 3.454561e-01 -5.263072e-01 -4.263400e-01
6.492366e-01 3.456973e-01 -5.266745e-01 -4.261446e-01
6.489386e-01 3.459383e-01 -5.270417e-01 -4.259489e-01
6.486403e-01 3.461792e-01 -5.274087e-01 -4.257532e-01
6.483419e-01 3.464200e-01 -5.277755e-01 -4.255573e-01
6.480432e-01 3.466606e-01 -5.281422e-01 -4.253612e-01
6.477444e-01 3.469012e-01 -5.285087e-01 -4.251651e-01
6.474453e-01 3.471417e-01 -5.288751e-01 -4.249688e-01
6.471460e-01 3.473820e-01 -5.292412e-01 -4.247723e-01
6.468465e-01 3.476222e-01 -5.296072e-01 -4.245758e-01
6.465468e-01 3.478623e-01 -5.299730e-01 -4.243790e-01
6.462469e-01 3.481024e-01 -5.303387e-01 -4.241822e-01
6.459468e-01 3.483423e-01 -5.307042e-01 -4.239852e-01
6.456465e-01 3.485820e-01 -5.310695e-01 -4.237881e-01
6.453460e-01 3.488217e-01 -5.314346e-01 -4.235908e-01
6.450453e-01 3.490613e-01 -5.317996e-01 -4.233934e-01
6.447443e-01 3.493007e-01 -5.321644e-01 -4.231959e-01
6.444432e-01 3.495401e-01 -5.325291e-01 -4.229983e-01
6.441418e-01 3.497793e-01 -5.328935e-01 -4.228005e-01
6.438403e-01 3.500184e-01 -5.332578e-01 -4.226025e-01
6.435385e-01 3.502574e-01 -5.336220e-01 -4.224045e-01
6.432366e-01 3.504963e-01 -5.339859e-01 -4.222063e-01
6.429344e-01 3.507351e-01 -5.343497e-01 -4.220079e-01
6.426320e-01 3.509738e-01 -5.347133e-01 -4.218094e-01
6.423294e-01 3.512123e-01 -5.350767e-01 -4.216108e-01
6.420266e-01 3.514508e-01 -5.354400e-01 -4.214121e-01
6.417236e-01 3.516891e-01 -5.358031e-01 -4.212132e-01
6.414204e-01 3.519273e-01 -5.361660e-01 -4.210142e-01
6.411170e-01 3.521654e-01 -5.365288e-01 -4.208151e-01
6.408134e-01 3.524034e-01 -5.368914e-01 -4.206158e-01
6.405096e-01 3.526413e-01 -5.372538e-01 -4.204164e-01
6.402056e-01 3.528790e-01 -5.376160e-01 -4.202168e-01
6.399014e-01 3.531167e-01 -5.379781e-01 -4.200171e-01
6.395970e-01 3.533542e-01 -5.383400e-01 -4.198173e-01
6.392923e-01 3.535917e-01 -5.387017e-01 -4.196173e-01
6.389875e-01 3.538290e-01 -5.390633e-01 -4.194173e-01
6.386824e-01 3.540662e-01 -5.394247e-01 -4.192170e-01
6.383772e-01 3.543033e-01 -5.397859e-01 -4.190167e-01
6.380717e-01 3.545402e-01 -5.401469e-01 -4.188162e-01
6.377661e-01 3.547771e-01 -5.405078e-01 -4.186156e-01
6.374602e-01 3.550139e-01 -5.408684e-01 -4.184148e-01
6.371542e-01 3.552505e-01 -5.412290e-01 -4.182139e-01
6.368479e-01 3.554870e-01 -5.415893e-01 -4.180129e-01
6.365414e-01 3.557234e-01 -5.419495e-01 -4.178117e-01
6.362348e-01 3.559597e-01 -5.423095e-01 -4.176104e-01
6.359279e-01 3.561959e-01 -5.426693e-01 -4.174090e-01
6.356208e-01 3.564319e-01 -5.430289e-01 -4.172074e-01
6.353135e-01 3.566679e-01 -5.433884e-01 -4.170057e-01
6.350060e-01 3.569037e-01 -5.437477e-01 -4.168039e-01
6.346983e-01 3.571395e-01 -5.441068e-01 -4.166019e-01
6.343904e-01 3.573751e-01 -5.444658e-01 -4.163999e-01
6.340823e-01 3.576106e-01 -5.448246e-01 -4.161976e-01
6.337740e-01 3.578459e-01 -5.451832e-01 -4.159953e-01
6.334655e-01 3.580812e-01 -5.455416e-01 -4.157928e-01
6.331568e-01 3.583164e-01 -5.458999e-01 -4.155901e-01
6.328479e-01 3.585514e-01 -5.462579e-01 -4.153874e-01
6.325388e-01 3.587863e-01 -5.466158e-01 -4.151845e-01
6.322295e-01 3.590211e-01 -5.469736e-01 -4.149815e-01
6.319200e-01 3.592558e-01 -5.473311e-01 -4.147783e-01
6.316103e-01 3.594904e-01 -5.476885e-01 -4.145750e-01
6.313003e-01 3.597248e-01 -5.480457e-01 -4.143716e-01
6.309902e-01 3.599592e-01 -5.484027e-01 -4.141680e-01
6.306799e-01 3.601934e-01 -5.487596e-01 -4.139643e-01
6.303694e-01 3.604275e-01 -5.491163e-01 -4.137605e-01
6.300586e-01 3.606615e-01 -5.494728e-01 -4.135566e-01
6.297477e-01 3.608954e-01 -5.498291e-01 -4.133525e-01
6.294366e-01 3.611292e-01 -5.501853e-01 -4.131483e-01
6.291253e-01 3.613628e-01 -5.505412e-01 -4.129439e-01
6.288137e-01 3.615964e-01 -5.508970e-01 -4.127394e-01
6.285020e-01 3.618298e-01 -5.512526e-01 -4.125348e-01
6.281900e-01 3.620631e-01 -5.516081e-01 -4.123301e-01
6.278779e-01 3.622963e-01 -5.519634e-01 -4.121252e-01
6.275656e-01 3.625294e-01 -5.523185e-01 -4.119202e-01
6.272530e-01 3.627623e-01 -5.526734e-01 -4.117150e-01
6.269403e-01 3.629952e-01 -5.530281e-01 -4.115097e-01
6.266274e-01 3.632279e-01 -5.533827e-01 -4.113043e-01
6.263142e-01 3.634605e-01 -5.537371e-01 -4.110988e-01
6.260009e-01 3.636930e-01 -5.540913e-01 -4.108931e-01
6.256873e-01 3.639254e-01 -5.544453e-01 -4.106873e-01
6.253736e-01 3.641577e-01 -5.547991e-01 -4.104814e-01
6.250597e-01 3.643898e-01 -5.551528e-01 -4.102753e-01
6.247455e-01 3.646218e-01 -5.555063e-01 -4.100691e-01
6.244312e-01 3.648537e-01 -5.558596e-01 -4.098628e-01
6.241166e-01 3.650855e-01 -5.562128e-01 -4.096564e-01
6.238019e-01 3.653172e-01 -5.565658e-01 -4.094498e-01
6.234869e-01 3.655488e-01 -5.569185e-01 -4.092430e-01
6.231718e-01 3.657802e-01 -5.572711e-01 -4.090362e-01
6.228565e-01 3.660115e-01 -5.576236e-01 -4.088292e-01
6.225409e-01 3.662428e-01 -5.579758e-01 -4.086221e-01
6.222252e-01 3.664738e-01 -5.583279e-01 -4.084149e-01
6.219093e-01 3.667048e-01 -5.586798e-01 -4.082075e-01
6.215931e-01 3.669357e-01 -5.590315e-01 -4.080000e-01
6.212768e-01 3.671664e-01 -5.593830e-01 -4.077923e-01
6.209602e-01 3.673970e-01 -5.597344e-01 -4.075846e-01
6.206435e-01 3.676275e-01 -5.600856e-01 -4.073767e-01
6.203266e-01 3.678579e-01 -5.604366e-01 -4.071687e-01
6.200095e-01 3.680882e-01 -5.607874e-01 -4.069605e-01
6.196921e-01 3.683184e-01 -5.611380e-01 -4.067522e-01
6.193746e-01 3.685484e-01 -5.614885e-01 -4.065438e-01
6.190569e-01 3.687783e-01 -5.618388e-01 -4.063352e-01
6.187390e-01 3.690081e-01 -5.621889e-01 -4.061266e-01
6.184208e-01 3.692378e-01 -5.625388e-01 -4.059178e-01
6.181025e-01 3.694673e-01 -5.628885e-01 -4.057088e-01
6.177840e-01 3.696968e-01 -5.632381e-01 -4.054998e-01
6.174653e-01 3.699261e-01 -5.635875e-01 -4.052906e-01
6.171464e-01 3.701553e-01 -5.639367e-01 -4.050812e-01
6.168273e-01 3.703844e-01 -5.642857e-01 -4.048718e-01
6.165080e-01 3.706134e-01 -5.646345e-01 -4.046622e-01
6.161885e-01 3.708422e-01 -5.649832e-01 -4.044525e-01
6.158688e-01 3.710710e-01 -5.653317e-01 -4.042426e-01
6.155489e-01 3.712996e-01 -5.656800e-01 -4.040327e-01
6.152288e-01 3.715281e-01 -5.660281e-01 -4.038226e-01
6.149085e-01 3.717565e-01 -5.663760e-01 -4.036123e-01
6.145880e-01 3.719847e-01 -5.667238e-01 -4.034020e-01
6.142673e-01 3.722129e-01 -5.670714e-01 -4.031915e-01
6.139464e-01 3.724409e-01 -5.674187e-01 -4.029808e-01
6.136253e-01 3.726688e-01 -5.677660e-01 -4.027701e-01
6.133041e-01 3.728966e-01 -5.681130e-01 -4.025592e-01
6.129826e-01 3.731242e-01 -5.684598e-01 -4.023482e-01
6.126609e-01 3.733518e-01 -5.688065e-01 -4.021371e-01
6.123391e-01 3.735792e-01 -5.691530e-01 -4.019258e-01
6.120170e-01 3.738065e-01 -5.694993e-01 -4.017144e-01
6.116947e-01 3.740337e-01 -5.698454e-01 -4.015029e-01
6.113723e-01 3.742607e-01 -5.701913e-01 -4.012913e-01
6.110496e-01 3.744877e-01 -5.705371e-01 -4.010795e-01
6.107268e-01 3.747145e-01 -5.708827e-01 -4.008676e-01
6.104038e-01 3.749412e-01 -5.712280e-01 -4.006555e-01
6.100805e-01 3.751678e-01 -5.715732e-01 -4.004434e-01
6.097571e-01 3.753943e-01 -5.719183e-01 -4.002311e-01
6.094335e-01 3.756206e-01 -5.722631e-01 -4.000187e-01
6.091097e-01 3.758468e-01 -5.726078e-01 -3.998061e-01
6.087857e-01 3.760729e-01 -5.729522e-01 -3.995934e-01
6.084614e-01 3.762989e-01 -5.732965e-01 -3.993806e-01
6.081370e-01 3.765248e-01 -5.736406e-01 -3.991677e-01
6.078124e-01 3.767505e-01 -5.739846e-01 -3.989546e-01
6.074877e-01 3.769761e-01 -5.743283e-01 -3.987415e-01
6.071627e-01 3.772016e-01 -5.746718e-01 -3.985281e-01
6.068375e-01 3.774270e-01 -5.750152e-01 -3.983147e-01
6.065121e-01 3.776523e-01 -5.753584e-01 -3.981011e-01
6.061865e-01 3.778774e-01 -5.757014e-01 -3.978874e-01
6.058608e-01 3.781024e-01 -5.760442e-01 -3.976736e-01
6.055348e-01 3.783273e-01 -5.763869e-01 -3.974597e-01
6.052087e-01 3.785521e-01 -5.767293e-01 -3.972456e-01
6.048823e-01 3.787768e-01 -5.770716e-01 -3.970314e-01
6.045558e-01 3.790013e-01 -5.774137e-01 -3.968171e-01
6.042291e-01 3.792257e-01 -5.777555e-01 -3.966026e-01
6.039021e-01 3.794500e-01 -5.780973e-01 -3.963880e-01
6.035750e-01 3.796742e-01 -5.784388e-01 -3.961733e-01
6.032477e-01 3.798982e-01 -5.787801e-01 -3.959585e-01
6.029202e-01 3.801222e-01 -5.791213e-01 -3.957435e-01
6.025925e-01 3.803460e-01 -5.794622e-01 -3.955284e-01
6.022646e-01 3.805696e-01 -5.798030e-01 -3.953132e-01
6.019365e-01 3.807932e-01 -5.801436e-01 -3.950978e-01
6.016083e-01 3.810166e-01 -5.804840e-01 -3.948824e-01
6.012798e-01 3.812400e-01 -5.808243e-01 -3.946668e-01
6.009511e-01 3.814632e-01 -5.811643e-01 -3.944510e-01
6.006223e-01 3.816862e-01 -5.815042e-01 -3.942352e-01
6.002932e-01 3.819092e-01 -5.818438e-01 -3.940192e-01
5.999640e-01 3.821320e-01 -5.821833e-01 -3.938031e-01
5.996346e-01 3.823547e-01 -5.825226e-01 -3.935869e-01
5.993050e-01 3.825773e-01 -5.828617e-01 -3.933705e-01
5.989752e-01 3.827998e-01 -5.832007e-01 -3.931540e-01
5.986451e-01 3.830221e-01 -5.835394e-01 -3.929374e-01
5.983150e-01 3.832443e-01 -5.838779e-01 -3.927207e-01
5.979846e-01 3.834664e-01 -5.842163e-01 -3.925038e-01
5.976540e-01 3.836884e-01 -5.845545e-01 -3.922869e-01
5.973232e-01 3.839102e-01 -5.848925e-01 -3.920697e-01
5.969923e-01 3.841320e-01 -5.852303e-01 -3.918525e-01
5.966611e-01 3.843536e-01 -5.855679e-01 -3.916352e-01
5.963298e-01 3.845751e-01 -5.859053e-01 -3.914177e-01
5.959982e-01 3.847964e-01 -5.862426e-01 -3.912001e-01
5.956665e-01 3.850176e-01 -5.865796e-01 -3.909823e-01
5.953346e-01 3.852388e-01 -5.869165e-01 -3.907645e-01
5.950025e-01 3.854597e-01 -5.872532e-01 -3.905465e-01
5.946702e-01 3.856806e-01 -5.875897e-01 -3.903284e-01
5.943377e-01 3.859013e-01 -5.879260e-01 -3.901101e-01
5.940050e-01 3.861220e-01 -5.882621e-01 -3.898918e-01
5.936722e-01 3.863425e-01 -5.885980e-01 -3.896733e-01
5.933391e-01 3.865628e-01 -5.889337e-01 -3.894547e-01
5.930059e-01 3.867831e-01 -5.892693e-01 -3.892359e-01
5.926724e-01 3.870032e-01 -5.896046e-01 -3.890171e-01
5.923388e-01 3.872232e-01 -5.899398e-01 -3.887981e-01
5.920050e-01 3.874431e-01 -5.902748e-01 -3.885790e-01
5.916710e-01 3.876628e-01 -5.906096e-01 -3.883597e-01
5.913368e-01 3.878825e-01 -5.909442e-01 -3.881404e-01
5.910024e-01 3.881020e-01 -5.912786e-01 -3.879209e-01
5.906678e-01 3.883213e-01 -5.916128e-01 -3.877013e-01
5.903331e-01 3.885406e-01 -5.919469e-01 -3.874816e-01
5.899981e-01 3.887597e-01 -5.922807e-01 -3.872617e-01
5.896630e-01 3.889787e-01 -5.926144e-01 -3.870417e-01
5.893277e-01 3.891976e-01 -5.929478e-01 -3.868216e-01
5.889921e-01 3.894164e-01 -5.932811e-01 -3.866014e-01
5.886564e-01 3.896350e-01 -5.936142e-01 -3.863811e-01
5.883205e-01 3.898535e-01 -5.939471e-01 -3.861606e-01
5.879845e-01 3.900719e-01 -5.942798e-01 -3.859400e-01
5.876482e-01 3.902901e-01 -5.946123e-01 -3.857193e-01
5.873117e-01 3