-0.000000 -0.000000 -0.000000
-0.000621 0.004619 0.000168
-0.002257 0.017611 0.000613
-0.004585 0.037673 0.001250
-0.007332 0.063615 0.002008
-0.010275 0.094359 0.002827
-0.013228 0.128931 0.003659
-0.016047 0.166457 0.004465
-0.018617 0.206157 0.005213
-0.020854 0.247337 0.005881
-0.022701 0.289388 0.006452
-0.024120 0.331778 0.006913
-0.025092 0.374046 0.007259
-0.025615 0.415794 0.007487
-0.025698 0.456687 0.007599
-0.025362 0.496446 0.007597
-0.024635 0.534837 0.007490
-0.023550 0.571677 0.007283
-0.022147 0.606821 0.006987
-0.020467 0.640159 0.006611
-0.018553 0.671615 0.006167
-0.016449 0.701142 0.005666
-0.014196 0.728718 0.005119
-0.011837 0.754340 0.004536
-0.009411 0.778028 0.003928
-0.006956 0.799816 0.003304
-0.004505 0.819749 0.002676
-0.002090 0.837889 0.002050
0.000262 0.854300 0.001434
0.002526 0.869060 0.000836
0.004680 0.882247 0.000261
0.006707 0.893947 -0.000285
0.008593 0.904246 -0.000798
0.010325 0.913232 -0.001275
0.011895 0.920995 -0.001712
0.013298 0.927623 -0.002108
0.014530 0.933204 -0.002462
0.015591 0.937821 -0.002773
0.016481 0.941560 -0.003041
0.017204 0.944499 -0.003266
0.017765 0.946716 -0.003449
0.018169 0.948284 -0.003591
0.018425 0.949273 -0.003695
0.018540 0.949749 -0.003762
0.018523 0.949774 -0.003794
0.018386 0.949405 -0.003793
0.018136 0.948698 -0.003762
0.017786 0.947702 -0.003704
0.017346 0.946462 -0.003622
0.016825 0.945023 -0.003517
0.016235 0.943422 -0.003392
0.015586 0.941694 -0.003250
0.014888 0.939872 -0.003094
0.014150 0.937984 -0.002926
0.013381 0.936056 -0.002749
0.012590 0.934109 -0.002563
0.011785 0.932165 -0.002372
0.010973 0.930239 -0.002178
0.010161 0.928348 -0.001982
0.009355 0.926503 -0.001786
0.008560 0.924716 -0.001592
0.007783 0.922995 -0.001400
0.007027 0.921348 -0.001212
0.006295 0.919779 -0.001029
0.005592 0.918294 -0.000853
0.004920 0.916894 -0.000683
0.004281 0.915582 -0.000520
0.003677 0.914359 -0.000365
0.003110 0.913224 -0.000219
0.002579 0.912176 -0.000081
0.002086 0.911214 0.000048
0.001630 0.910337 0.000168
0.001212 0.909540 0.000278
0.000831 0.908822 0.000380
0.000486 0.908178 0.000474
0.000177 0.907606 0.000558
-0.000099 0.907102 0.000634
-0.000341 0.906661 0.000702
-0.000552 0.906280 0.000762
-0.000734 0.905955 0.000815
-0.000887 0.905682 0.000860
-0.001014 0.905457 0.000899
-0.001116 0.905276 0.000931
-0.001195 0.905136 0.000958
-0.001252 0.905032 0.000979
-0.001291 0.904961 0.000994
-0.001311 0.904920 0.001005
-0.001316 0.904905 0.001012
-0.001306 0.904913 0.001015
-0.001284 0.904942 0.001014
-0.001250 0.904989 0.001011
-0.001207 0.905051 0.001004
-0.001155 0.905126 0.000995
-0.001096 0.905211 0.000984
-0.001032 0.905305 0.000971
-0.000962 0.905406 0.000957
-0.000889 0.905512 0.000941
-0.000814 0.905621 0.000925
-0.000736 0.905733 0.000908
-0.000658 0.905845 0.000890
-0.000580 0.905957 0.000872
-0.000502 0.906069 0.000854
-0.000425 0.906178 0.000835
-0.000349 0.906285 0.000817
-0.000276 0.906388 0.000799
-0.000205 0.906488 0.000782
-0.000137 0.906583 0.000765
-0.000071 0.906674 0.000749
-0.000009 0.906760 0.000733
0.000050 0.906841 0.000718
0.000105 0.906918 0.000704
0.000157 0.906989 0.000690
0.000205 0.907055 0.000677
0.000250 0.907115 0.000665
0.000291 0.907171 0.000654
0.000329 0.907222 0.000643
0.000364 0.907269 0.000634
0.000395 0.907310 0.000625
0.000423 0.907347 0.000617
0.000447 0.907380 0.000609
0.000469 0.907409 0.000603
0.000489 0.907435 0.000596
0.000505 0.907456 0.000591
0.000519 0.907475 0.000586
0.000531 0.907490 0.000582
0.000540 0.907502 0.000578
0.000548 0.907512 0.000575
0.000554 0.907519 0.000572
0.000558 0.907524 0.000570
0.000561 0.907528 0.000568
0.000562 0.907529 0.000567
0.000562 0.907529 0.000566
0.000561 0.907527 0.000565
0.000559 0.907524 0.000564
0.000556 0.907520 0.000564
0.000552 0.907515 0.000564
0.000548 0.907510 0.000564
0.000544 0.907503 0.000564
0.000539 0.907497 0.000564
0.000533 0.907490 0.000564
0.000528 0.907482 0.000565
0.000522 0.907474 0.000565
0.000516 0.907467 0.000566
0.000511 0.907459 0.000567
0.000505 0.907451 0.000567
0.000499 0.907443 0.000568
0.000494 0.907436 0.000569
0.000488 0.907429 0.000569
0.000483 0.907421 0.000570
0.000478 0.907415 0.000570
0.000473 0.907408 0.000571
0.000468 0.907402 0.000572
0.000464 0.907396 0.000572
0.000460 0.907390 0.000572
0.000456 0.907385 0.000573
0.000453 0.907380 0.000573
0.000449 0.907375 0.000573
0.000446 0.907371 0.000574
0.000444 0.907367 0.000574
0.000441 0.907363 0.000574
0.000439 0.907360 0.000574
0.000437 0.907357 0.000574
0.000435 0.907354 0.000574
0.000434 0.907352 0.000574
0.000432 0.907350 0.000573
0.000431 0.907348 0.000573
0.000430 0.907346 0.000573
0.000430 0.907344 0.000572
0.000429 0.907343 0.000572
0.000429 0.907342 0.000572
0.000429 0.907341 0.000571
0.000428 0.907340 0.000571
0.000428 0.907340 0.000570
0.000428 0.907339 0.000570
0.000429 0.907339 0.000569
0.000429 0.907339 0.000569
0.000429 0.907338 0.000568
0.000430 0.907338 0.000567
0.000430 0.907338 0.000567
0.000431 0.907338 0.000566
0.000431 0.907338 0.000565
0.000432 0.907339 0.000565
0.000432 0.907339 0.000564
0.000433 0.907339 0.000563
0.000434 0.907339 0.000563
0.000434 0.907339 0.000562
0.000435 0.907340 0.000561
0.000435 0.907340 0.000560
0.000436 0.907340 0.000560
0.000437 0.907340 0.000559
0.000437 0.907341 0.000558
0.000438 0.907341 0.000557
0.000438 0.907341 0.000557
0.000439 0.907341 0.000556
0.000439 0.907341 0.000555
0.000440 0.907342 0.000555
0.000441 0.907342 0.000554
0.000441 0.907342 0.000553
0.000441 0.907342 0.000552
0.000442 0.907342 0.000552
0.000442 0.907342 0.000551
0.000443 0.907342 0.000550
0.000443 0.907342 0.000550
0.000443 0.907342 0.000549
0.000444 0.907342 0.000548
0.000444 0.907342 0.000548
0.000444 0.907342 0.000547
0.000445 0.907342 0.000546
0.000445 0.907342 0.000546
0.000445 0.907342 0.000545
0.000445 0.907341 0.000544
0.000446 0.907341 0.000544
0.000446 0.907341 0.000543
0.000446 0.907341 0.000542
0.000446 0.907341 0.000542
0.000446 0.907341 0.000541
0.000447 0.907341 0.000540
0.000447 0.907340 0.000540
0.000447 0.907340 0.000539
0.000447 0.907340 0.000538
0.000447 0.907340 0.000538
0.000447 0.907340 0.000537
0.000448 0.907339 0.000537
0.000448 0.907339 0.000536
0.000448 0.907339 0.000535
0.000448 0.907339 0.000535
0.000448 0.907339 0.000534
0.000448 0.907338 0.000533
0.000448 0.907338 0.000533
0.000448 0.907338 0.000532
0.000449 0.907338 0.000531
0.000449 0.907338 0.000531
0.000449 0.907337 0.000530
0.000449 0.907337 0.000529
0.000449 0.907337 0.000529
0.000449 0.907337 0.000528
0.000449 0.907337 0.000528
0.000449 0.907336 0.000527
0.000449 0.907336 0.000526
0.000450 0.907336 0.000526
0.000450 0.907336 0.000525
0.000450 0.907336 0.000524
0.000450 0.907336 0.000524
0.000450 0.907335 0.000523
0.000450 0.907335 0.000522
0.000450 0.907335 0.000522
0.000450 0.907335 0.000521
0.000451 0.907335 0.000520
0.000451 0.907335 0.000520
0.000451 0.907335 0.000519
0.000451 0.907335 0.000518
0.000451 0.907334 0.000518
0.000451 0.907334 0.000517
0.000451 0.907334 0.000516
0.000452 0.907334 0.000516
0.000452 0.907334 0.000515
0.000452 0.907334 0.000515
0.000452 0.907334 0.000514
0.000452 0.907334 0.000513
0.000452 0.907334 0.000513
0.000452 0.907333 0.000512
0.000452 0.907333 0.000511
0.000453 0.907333 0.000511
0.000453 0.907333 0.000510
0.000453 0.907333 0.000509
0.000453 0.907333 0.000509
0.000453 0.907333 0.000508
0.000453 0.907333 0.000507
0.000453 0.907333 0.000507
0.000454 0.907333 0.000506
0.000454 0.907333 0.000505
0.000454 0.907333 0.000505
0.000454 0.907333 0.000504
0.000454 0.907333 0.000503
0.000454 0.907332 0.000503
0.000454 0.907332 0.000502
0.000455 0.907332 0.000501
0.000455 0.907332 0.000501
0.000455 0.907332 0.000500
0.000455 0.907332 0.000499
0.000455 0.907332 0.000499
0.000455 0.907332 0.000498
0.000455 0.907332 0.000497
0.000455 0.907332 0.000497
0.000456 0.907332 0.000496
0.000456 0.907332 0.000495
0.000456 0.907332 0.000495
0.000456 0.907332 0.000494
0.000456 0.907332 0.000493
0.000456 0.907332 0.000493
0.000456 0.907332 0.000492
0.000457 0.907332 0.000491
0.000457 0.907332 0.000491
0.000457 0.907332 0.000490
0.000457 0.907332 0.000489
0.000457 0.907332 0.000489
0.000457 0.907332 0.000488
0.000457 0.907332 0.000487
0.000457 0.907332 0.000487
0.000458 0.907332 0.000486
0.000458 0.907332 0.000485
0.000458 0.907332 0.000485
0.000458 0.907332 0.000484
0.000458 0.907332 0.000483
0.000458 0.907332 0.000483
0.000458 0.907332 0.000482
0.000459 0.907332 0.000481
0.000459 0.907332 0.000481
0.000459 0.907332 0.000480
0.000459 0.907332 0.000479
0.000459 0.907332 0.000479
0.000459 0.907332 0.000478
0.000459 0.907332 0.000477
0.000459 0.907332 0.000476
0.000460 0.907332 0.000476
0.000460 0.907332 0.000475
0.000460 0.907332 0.000474
0.000460 0.907332 0.000474
0.000460 0.907332 0.000473
0.000460 0.907332 0.000472
0.000460 0.907332 0.000472
0.000461 0.907332 0.000471
0.000461 0.907332 0.000470
0.000461 0.907332 0.000470
0.000461 0.907332 0.000469
0.000461 0.907333 0.000468
0.000461 0.907333 0.000468
0.000461 0.907333 0.000467
0.000461 0.907333 0.000466
0.000462 0.907333 0.000466
0.000462 0.907333 0.000465
0.000462 0.907333 0.000464
0.000462 0.907333 0.000464
0.000462 0.907333 0.000463
0.000462 0.907333 0.000462
0.000462 0.907333 0.000461
0.000463 0.907333 0.000461
0.000463 0.907333 0.000460
0.000463 0.907333 0.000459
0.000463 0.907333 0.000459
0.000463 0.907334 0.000458
0.000463 0.907334 0.000457
0.000463 0.907334 0.000457
0.000464 0.907334 0.000456
0.000464 0.907334 0.000455
0.000464 0.907334 0.000455
0.000464 0.907334 0.000454
0.000464 0.907334 0.000453
0.000464 0.907334 0.000453
0.000464 0.907334 0.000452
0.000465 0.907335 0.000451
0.000465 0.907335 0.000450
0.000465 0.907335 0.000450
0.000465 0.907335 0.000449
0.000465 0.907335 0.000448
0.000465 0.907335 0.000448
0.000466 0.907335 0.000447
0.000466 0.907335 0.000446
0.000466 0.907335 0.000446
0.000466 0.907336 0.000445
0.000466 0.907336 0.000444
0.000466 0.907336 0.000444
0.000466 0.907336 0.000443
0.000467 0.907336 0.000442
0.000467 0.907336 0.000441
0.000467 0.907336 0.000441
0.000467 0.907336 0.000440
0.000467 0.907337 0.000439
0.000467 0.907337 0.000439
0.000468 0.907337 0.000438
0.000468 0.907337 0.000437
0.000468 0.907337 0.000437
0.000468 0.907337 0.000436
0.000468 0.907337 0.000435
0.000468 0.907338 0.000434
0.000468 0.907338 0.000434
0.000469 0.907338 0.000433
0.000469 0.907338 0.000432
0.000469 0.907338 0.000432
0.000469 0.907338 0.000431
0.000469 0.907339 0.000430
0.000469 0.907339 0.000430
0.000470 0.907339 0.000429
0.000470 0.907339 0.000428
0.000470 0.907339 0.000427
0.000470 0.907339 0.000427
0.000470 0.907340 0.000426
0.000470 0.907340 0.000425
0.000471 0.907340 0.000425
0.000471 0.907340 0.000424
0.000471 0.907340 0.000423
0.000471 0.907340 0.000423
0.000471 0.907341 0.000422
0.000471 0.907341 0.000421
0.000472 0.907341 0.000420
0.000472 0.907341 0.000420
0.000472 0.907341 0.000419
0.000472 0.907342 0.000418
0.000472 0.907342 0.000418
0.000473 0.907342 0.000417
0.000473 0.907342 0.000416
0.000473 0.907342 0.000415
0.000473 0.907343 0.000415
0.000473 0.907343 0.000414
0.000473 0.907343 0.000413
0.000474 0.907343 0.000413
0.000474 0.907343 0.000412
0.000474 0.907344 0.000411
0.000474 0.907344 0.000410
0.000474 0.907344 0.000410
0.000475 0.907344 0.000409
0.000475 0.907345 0.000408
0.000475 0.907345 0.000408
0.000475 0.907345 0.000407
0.000475 0.907345 0.000406
0.000475 0.907345 0.000406
0.000476 0.907346 0.000405
0.000476 0.907346 0.000404
0.000476 0.907346 0.000403
0.000476 0.907346 0.000403
0.000476 0.907347 0.000402
0.000477 0.907347 0.000401
0.000477 0.907347 0.000401
0.000477 0.907347 0.000400
0.000477 0.907348 0.000399
0.000477 0.907348 0.000398
0.000478 0.907348 0.000398
0.000478 0.907348 0.000397
0.000478 0.907349 0.000396
0.000478 0.907349 0.000396
0.000478 0.907349 0.000395
0.000479 0.907349 0.000394
0.000479 0.907350 0.000393
0.000479 0.907350 0.000393
0.000479 0.907350 0.000392
0.000479 0.907350 0.000391
0.000480 0.907351 0.000391
0.000480 0.907351 0.000390
0.000480 0.907351 0.000389
0.000480 0.907351 0.000388
0.000480 0.907352 0.000388
0.000481 0.907352 0.000387
0.000481 0.907352 0.000386
0.000481 0.907352 0.000385
0.000481 0.907353 0.000385
0.000482 0.907353 0.000384
0.000482 0.907353 0.000383
0.000482 0.907354 0.000383
0.000482 0.907354 0.000382
0.000482 0.907354 0.000381
0.000483 0.907354 0.000380
0.000483 0.907355 0.000380
0.000483 0.907355 0.000379
0.000483 0.907355 0.000378
0.000484 0.907356 0.000378
0.000484 0.907356 0.000377
0.000484 0.907356 0.000376
0.000484 0.907356 0.000375
0.000484 0.907357 0.000375
0.000485 0.907357 0.000374
0.000485 0.907357 0.000373
0.000485 0.907358 0.000373
0.000485 0.907358 0.000372
0.000486 0.907358 0.000371
0.000486 0.907359 0.000370
0.000486 0.907359 0.000370
0.000486 0.907359 0.000369
0.000487 0.907360 0.000368
0.000487 0.907360 0.000367
0.000487 0.907360 0.000367
0.000487 0.907360 0.000366
0.000488 0.907361 0.000365
0.000488 0.907361 0.000365
0.000488 0.907361 0.000364
0.000488 0.907362 0.000363
0.000488 0.907362 0.000362
0.000489 0.907362 0.000362
0.000489 0.907363 0.000361
0.000489 0.907363 0.000360
0.000489 0.907363 0.000360
0.000490 0.907364 0.000359
0.000490 0.907364 0.000358
0.000490 0.907364 0.000357
0.000490 0.907365 0.000357
0.000491 0.907365 0.000356
0.000491 0.907365 0.000355
0.000491 0.907366 0.000354
0.000492 0.907366 0.000354
0.000492 0.907366 0.000353
0.000492 0.907367 0.000352
0.000492 0.907367 0.000352
0.000493 0.907367 0.000351
0.000493 0.907368 0.000350
0.000493 0.907368 0.000349
0.000493 0.907369 0.000349
0.000494 0.907369 0.000348
0.000494 0.907369 0.000347
0.000494 0.907370 0.000346
0.000494 0.907370 0.000346
0.000495 0.907370 0.000345
0.000495 0.907371 0.000344
0.000495 0.907371 0.000344
0.000495 0.907371 0.000343
0.000496 0.907372 0.000342
0.000496 0.907372 0.000341
0.000496 0.907373 0.000341
0.000497 0.907373 0.000340
0.000497 0.907373 0.000339
0.000497 0.907374 0.000338
0.000497 0.907374 0.000338
0.000498 0.907374 0.000337
0.000498 0.907375 0.000336
0.000498 0.907375 0.000336
0.000499 0.907376 0.000335
0.000499 0.907376 0.000334
0.000499 0.907376 0.000333
0.000499 0.907377 0.000333
0.000500 0.907377 0.000332
0.000500 0.907377 0.000331
0.000500 0.907378 0.000330
0.000501 0.907378 0.000330
0.000501 0.907379 0.000329
0.000501 0.907379 0.000328
0.000501 0.907379 0.000327
0.000502 0.907380 0.000327
0.000502 0.907380 0.000326
0.000502 0.907381 0.000325
0.000503 0.907381 0.000325
0.000503 0.907381 0.000324
0.000503 0.907382 0.000323
0.000504 0.907382 0.000322
0.000504 0.907383 0.000322
0.000504 0.907383 0.000321
0.000504 0.907384 0.000320
0.000505 0.907384 0.000319
0.000505 0.907384 0.000319
0.000505 0.907385 0.000318
0.000506 0.907385 0.000317
0.000506 0.907386 0.000317
0.000506 0.907386 0.000316
0.000507 0.907386 0.000315
0.000507 0.907387 0.000314
0.000507 0.907387 0.000314
0.000508 0.907388 0.000313
0.000508 0.907388 0.000312
0.000508 0.907389 0.000311
0.000509 0.907389 0.000311
0.000509 0.907389 0.000310
0.000509 0.907390 0.000309
0.000510 0.907390 0.000309
0.000510 0.907391 0.000308
0.000510 0.907391 0.000307
0.000511 0.907392 0.000306
0.000511 0.907392 0.000306
0.000511 0.907392 0.000305
0.000512 0.907393 0.000304
0.000512 0.907393 0.000303
0.000512 0.907394 0.000303
0.000513 0.907394 0.000302
0.000513 0.907395 0.000301
0.000513 0.907395 0.000301
0.000514 0.907396 0.000300
0.000514 0.907396 0.000299
0.000514 0.907397 0.000298
0.000515 0.907397 0.000298
0.000515 0.907397 0.000297
0.000515 0.907398 0.000296
0.000516 0.907398 0.000295
0.000516 0.907399 0.000295
0.000516 0.907399 0.000294
0.000517 0.907400 0.000293
0.000517 0.907400 0.000292
0.000517 0.907401 0.000292
0.000518 0.907401 0.000291
0.000518 0.907402 0.000290
0.000518 0.907402 0.000290
0.000519 0.907403 0.000289
0.000519 0.907403 0.000288
0.000519 0.907404 0.000287
0.000520 0.907404 0.000287
0.000520 0.907404 0.000286
0.000520 0.907405 0.000285
0.000521 0.907405 0.000285
0.000521 0.907406 0.000284
0.000522 0.907406 0.000283
0.000522 0.907407 0.000282
0.000522 0.907407 0.000282
0.000523 0.907408 0.000281
0.000523 0.907408 0.000280
0.000523 0.907409 0.000279
0.000524 0.907409 0.000279
0.000524 0.907410 0.000278
0.000524 0.907410 0.000277
0.000525 0.907411 0.000277
0.000525 0.907411 0.000276
0.000526 0.907412 0.000275
0.000526 0.907412 0.000274
0.000526 0.907413 0.000274
0.000527 0.907413 0.000273
0.000527 0.907414 0.000272
0.000527 0.907414 0.000271
0.000528 0.907415 0.000271
0.000528 0.907415 0.000270
0.000529 0.907416 0.000269
0.000529 0.907416 0.000269
0.000529 0.907417 0.000268
0.000530 0.907417 0.000267
0.000530 0.907418 0.000266
0.000530 0.907418 0.000266
0.000531 0.907419 0.000265
0.000531 0.907419 0.000264
0.000532 0.907420 0.000264
0.000532 0.907420 0.000263
0.000532 0.907421 0.000262
0.000533 0.907421 0.000261
0.000533 0.907422 0.000261
0.000534 0.907423 0.000260
0.000534 0.907423 0.000259
0.000534 0.907424 0.000258
0.000535 0.907424 0.000258
0.000535 0.907425 0.000257
0.000536 0.907425 0.000256
0.000536 0.907426 0.000256
0.000536 0.907426 0.000255
0.000537 0.907427 0.000254
0.000537 0.907427 0.000253
0.000538 0.907428 0.000253
0.000538 0.907428 0.000252
0.000538 0.907429 0.000251
0.000539 0.907429 0.000251
0.000539 0.907430 0.000250
0.000540 0.907431 0.000249
0.000540 0.907431 0.000248
0.000540 0.907432 0.000248
0.000541 0.907432 0.000247
0.000541 0.907433 0.000246
0.000542 0.907433 0.000246
0.000542 0.907434 0.000245
0.000542 0.907434 0.000244
0.000543 0.907435 0.000243
0.000543 0.907435 0.000243
0.000544 0.907436 0.000242
0.000544 0.907437 0.000241
0.000545 0.907437 0.000241
0.000545 0.907438 0.000240
0.000545 0.907438 0.000239
0.000546 0.907439 0.000238
0.000546 0.907439 0.000238
0.000547 0.907440 0.000237
0.000547 0.907441 0.000236
0.000547 0.907441 0.000236
0.000548 0.907442 0.000235
0.000548 0.907442 0.000234
0.000549 0.907443 0.000234
0.000549 0.907443 0.000233
0.000550 0.907444 0.000232
0.000550 0.907444 0.000231
0.000550 0.907445 0.000231
0.000551 0.907446 0.000230
0.000551 0.907446 0.000229
0.000552 0.907447 0.000229
0.000552 0.907447 0.000228
0.000553 0.907448 0.000227
0.000553 0.907449 0.000226
0.000553 0.907449 0.000226
0.000554 0.907450 0.000225
0.000554 0.907450 0.000224
0.000555 0.907451 0.000224
0.000555 0.907451 0.000223
0.000556 0.907452 0.000222
0.000556 0.907453 0.000222
0.000557 0.907453 0.000221
0.000557 0.907454 0.000220
0.000557 0.907454 0.000219
0.000558 0.907455 0.000219
0.000558 0.907456 0.000218
0.000559 0.907456 0.000217
0.000559 0.907457 0.000217
0.000560 0.907457 0.000216
0.000560 0.907458 0.000215
0.000560 0.907459 0.000215
0.000561 0.907459 0.000214
0.000561 0.907460 0.000213
0.000562 0.907460 0.000213
0.000562 0.907461 0.000212
0.000563 0.907462 0.000211
0.000563 0.907462 0.000210
0.000564 0.907463 0.000210
0.000564 0.907463 0.000209
0.000565 0.907464 0.000208
0.000565 0.907465 0.000208
0.000565 0.907465 0.000207
0.000566 0.907466 0.000206
0.000566 0.907466 0.000206
0.000567 0.907467 0.000205
0.000567 0.907468 0.000204
0.000568 0.907468 0.000204
0.000568 0.907469 0.000203
0.000569 0.907470 0.000202
0.000569 0.907470 0.000202
0.000570 0.907471 0.000201
0.000570 0.907471 0.000200
0.000570 0.907472 0.000199
0.000571 0.907473 0.000199
0.000571 0.907473 0.000198
0.000572 0.907474 0.000197
0.000572 0.907475 0.000197
0.000573 0.907475 0.000196
0.000573 0.907476 0.000195
0.000574 0.907476 0.000195
0.001383 0.900475 -0.000238
0.005579 0.879089 -0.002461
0.017752 0.842335 -0.008864
0.042230 0.789221 -0.022581
0.079139 0.719639 -0.044488
0.120214 0.635357 -0.069822
0.153465 0.539148 -0.088995
0.177854 0.431284 -0.100923
0.193393 0.311774 -0.105627
0.200097 0.180623 -0.103137
0.197986 0.037835 -0.093484
0.187082 -0.116593 -0.076707
0.167414 -0.282664 -0.052850
0.139013 -0.460385 -0.021962
0.100003 -0.635834 0.016394
0.048455 -0.794913 0.062661
-0.015651 -0.937601 0.116796
-0.092196 -1.064418 0.171277
-0.181091 -1.175877 0.218589
-0.271733 -1.273867 0.258779
-0.353500 -1.360259 0.291935
-0.426418 -1.435035 0.318095
-0.490507 -1.498182 0.337289
-0.545783 -1.549687 0.349545
-0.592257 -1.589543 0.354884
-0.629939 -1.617745 0.353320
-0.658831 -1.634291 0.344864
-0.678933 -1.639183 0.329521
-0.690242 -1.632426 0.307291
-0.692747 -1.614028 0.278169
-0.686438 -1.584000 0.242142
-0.671298 -1.542357 0.199196
-0.647306 -1.489116 0.149309
-0.614437 -1.424299 0.092453
-0.572663 -1.347929 0.028597
-0.521951 -1.260034 -0.042296
-0.462263 -1.160646 -0.120271
-0.393581 -1.049723 -0.204273
-0.316068 -0.926626 -0.284664
-0.229789 -0.791077 -0.357317
-0.134726 -0.643075 -0.422290
-0.030867 -0.482620 -0.479646
0.081796 -0.309706 -0.529454
0.203265 -0.124324 -0.571788
0.330884 0.074046 -0.606690
0.448708 0.288482 -0.633954
0.555386 0.508991 -0.653861
0.652956 0.719198 -0.666923
0.741536 0.917949 -0.673090
0.821101 1.105259 -0.672277
0.891631 1.281140 -0.664401
0.953107 1.445601 -0.649385
1.005517 1.598646 -0.627160
1.048850 1.740277 -0.597659
1.083100 1.870494 -0.560821
1.108268 1.989290 -0.516593
1.124356 2.096658 -0.464925
1.131371 2.192585 -0.405774
1.129327 2.277054 -0.339101
1.118241 2.350048 -0.264874
1.098134 2.411543 -0.183066
1.069032 2.461513 -0.093657
1.030969 2.499927 0.003370
0.983980 2.526753 0.108023
0.928108 2.541953 0.220306
0.863552 2.544983 0.332723
0.790511 2.535307 0.437761
0.709029 2.512894 0.535399
0.619144 2.477716 0.625607
0.520889 2.429751 0.708351
0.414295 2.368979 0.783592
0.299384 2.295382 0.851284
0.176177 2.208948 0.911377
0.044687 2.109667 0.963817
-0.095076 1.997534 1.008541
-0.243109 1.872546 1.045485
-0.396742 1.734273 1.074454
-0.539954 1.580134 1.094673
-0.670078 1.409714 1.106033
-0.787130 1.223027 1.108564
-0.891130 1.020078 1.102309
-0.982107 0.800869 1.087319
-1.060097 0.565394 1.063656
-1.125143 0.313642 1.031396
-1.177295 0.045595 0.990621
-1.216609 -0.238770 0.941426
-1.243148 -0.539481 0.883916
-1.257239 -0.854870 0.818263
-1.261587 -1.167554 0.745175
-1.257564 -1.468662 0.665045
-1.245173 -1.758222 0.577952
-1.224417 -2.036264 0.483973
-1.195289 -2.302820 0.383176
-1.157780 -2.557926 0.275628
-1.111877 -2.801622 0.161390
-1.057561 -3.033950 0.040518
-0.994810 -3.254955 -0.086935
-0.923595 -3.464687 -0.220922
-0.843903 -3.663139 -0.360578
-0.755852 -3.849733 -0.496740
-0.659447 -4.024145 -0.624349
-0.554602 -4.186393 -0.743367
-0.441235 -4.336490 -0.853759
-0.319271 -4.474443 -0.955495
-0.188640 -4.600257 -1.048553
-0.049278 -4.713934 -1.132913
0.098873 -4.815472 -1.208564
0.255865 -4.904862 -1.275498
0.411104 -4.979929 -1.334477
0.553985 -5.038468 -1.386303
0.684531 -5.080425 -1.431029
0.802760 -5.105752 -1.468700
0.908684 -5.114406 -1.499348
1.002312 -5.106348 -1.522998
1.083647 -5.081543 -1.539661
1.152684 -5.039962 -1.549340
1.209417 -4.981579 -1.552029
1.253833 -4.906374 -1.547709
1.285913 -4.814330 -1.536353
1.305634 -4.705436 -1.517921
1.312967 -4.579684 -1.492364
1.307876 -4.437073 -1.459624
1.290322 -4.277604 -1.419628
1.260258 -4.101284 -1.372296
1.217630 -3.908125 -1.317536
1.162379 -3.698146 -1.255243
1.094439 -3.471367 -1.185303
1.013735 -3.227817 -1.107590
0.920187 -2.967530 -1.021964
0.813706 -2.690543 -0.928277
0.694192 -2.396902 -0.826366
0.561540 -2.086658 -0.716056
0.415634 -1.759869 -0.597159
0.256347 -1.416600 -0.469476
0.083544 -1.056922 -0.332791
-0.102925 -0.680914 -0.186879
-0.303211 -0.288668 -0.031496
-0.514817 0.119231 0.133572
-0.721931 0.539845 0.308235
-0.921495 0.969075 0.490399
-1.110233 1.385197 0.667867
-1.287460 1.784675 0.838405
-1.453033 2.167603 1.001791
-1.606807 2.534062 1.157803
-1.748637 2.884128 1.306230
-1.878382 3.217872 1.446865
-1.995902 3.535361 1.579512
-2.101065 3.836658 1.703982
-2.193741 4.121822 1.820096
-2.273808 4.390905 1.927683
-2.341147 4.643958 2.026582
-2.395647 4.881023 2.116641
-2.437204 5.102137 2.197719
-2.465719 5.307333 2.269684
-2.481103 5.496636 2.332416
-2.483272 5.670068 2.385804
-2.472152 5.827640 2.429750
-2.447676 5.969361 2.464165
-2.409785 6.095232 2.488973
-2.358432 6.205246 2.504110
-2.293576 6.299390 2.509522
-2.215185 6.377645 2.505168
-2.123239 6.439984 2.491020
-2.017724 6.486375 2.467061
-1.898639 6.516776 2.433287
-1.765990 6.531141 2.389706
-1.619794 6.529415 2.336340
-1.460078 6.511538 2.273220
-1.286879 6.477442 2.200395
-1.100241 6.427052 2.117922
-0.900220 6.360289 2.025873
-0.686882 6.277066 1.924332
-0.460300 6.177288 1.813396
-0.220559 6.060856 1.693174
0.032250 5.927667 1.563787
0.298026 5.777609 1.425369
0.573974 5.610986 1.278369
0.843883 5.430242 1.124715
1.104978 5.235800 0.964735
1.357161 5.027671 0.798439
1.600335 4.805873 0.625830
1.834396 4.570423 0.446904
2.059238 4.321344 0.261650
2.274751 4.058662 0.070048
2.480822 3.782405 -0.127928
2.677334 3.492607 -0.332316
2.864144 3.189384 -0.542028
3.040986 2.873470 -0.747367
3.207755 2.545244 -0.944281
3.364425 2.204794 -1.132841
3.510981 1.852208 -1.313126
3.647407 1.487568 -1.485223
3.773695 1.110951 -1.649225
3.889840 0.722434 -1.805232
3.995840 0.322086 -1.953349
4.091698 -0.090026 -2.093689
4.177417 -0.513840 -2.226371
4.253007 -0.949296 -2.351521
4.318145 -1.392813 -2.469152
4.370888 -1.823172 -2.578714
4.411012 -2.236780 -2.680279
4.438621 -2.633576 -2.774027
4.453809 -3.013506 -2.860124
4.456661 -3.376519 -2.938724
4.447255 -3.722570 -3.009971
4.425658 -4.051620 -3.073993
4.391933 -4.363632 -3.130911
4.346135 -4.658575 -3.180830
4.288311 -4.936424 -3.223847
4.218503 -5.197154 -3.260048
4.136747 -5.440748 -3.289506
4.043074 -5.667192 -3.312284
3.937508 -5.876476 -3.328436
3.820069 -6.068594 -3.338005
3.690771 -6.243544 -3.341021
3.549624 -6.401329 -3.337507
3.396634 -6.541954 -3.327475
3.231800 -6.665430 -3.310926
3.055119 -6.771771 -3.287851
2.866583 -6.860995 -3.258232
2.666178 -6.933126 -3.222040
2.453887 -6.988189 -3.179238
2.229688 -7.026217 -3.129775
1.993555 -7.047245 -3.073596
1.745456 -7.051314 -3.010630
1.485357 -7.038467 -2.940801
1.213216 -7.008756 -2.864021
0.928987 -6.962235 -2.780192
0.632620 -6.898964 -2.689206
0.324058 -6.819009 -2.590948
0.003242 -6.722443 -2.485288
-0.329887 -6.609352 -2.372091
-0.675396 -6.479825 -2.251207
-1.030701 -6.334544 -2.122226
-1.379933 -6.177077 -1.983502
-1.720520 -6.008027 -1.834757
-2.052555 -5.827402 -1.675981
-2.376139 -5.635208 -1.507166
-2.691379 -5.431446 -1.328312
-2.998390 -5.216113 -1.139423
-3.297295 -4.989204 -0.940508
-3.588223 -4.750712 -0.731583
-3.871310 -4.500624 -0.512667
-4.146700 -4.238924 -0.283784
-4.414545 -3.965593 -0.044958
-4.675001 -3.680608 0.203781
-4.928225 -3.383967 0.462022
-5.174186 -3.076174 0.721490
-5.412841 -2.757560 0.975809
-5.644279 -2.428035 1.224935
-5.868583 -2.087511 1.468821
-6.085834 -1.735901 1.707417
-6.296113 -1.373123 1.940674
-6.499495 -0.999096 2.168538
-6.696052 -0.613740 2.390951
-6.885855 -0.216980 2.607853
-7.068970 0.191257 2.819180
-7.245458 0.611042 3.024863
-7.412687 1.028534 3.224264
-7.567880 1.429919 3.416633
-7.710878 1.815295 3.601741
-7.841522 2.184754 3.779368
-7.959655 2.538386 3.949299
-8.065124 2.876278 4.111328
-8.157779 3.198509 4.265259
-8.237475 3.505158 4.410902
-8.304072 3.796296 4.548076
-8.357435 4.071989 4.676610
-8.397434 4.332298 4.796342
-8.423945 4.577280 4.907119
-8.436851 4.806983 5.008797
-8.436042 5.021451 5.101244
-8.421415 5.220721 5.184338
-8.392872 5.404824 5.257967
-8.350327 5.573782 5.322029
-8.293698 5.727614 5.376435
-8.222914 5.866329 5.421106
-8.137911 5.989929 5.455974
-8.038633 6.098409 5.480985
-7.925036 6.191758 5.496094
-7.797081 6.269956 5.501271
-7.654741 6.332976 5.496495
-7.497997 6.380785 5.481761
-7.326840 6.413338 5.457073
-7.141271 6.430589 5.422449
-6.941298 6.432479 5.377921
-6.726941 6.418946 5.323532
-6.498228 6.389917 5.259339
-6.255198 6.345315 5.185411
-5.997897 6.285053 5.101830
-5.726383 6.209041 5.008691
-5.440719 6.117180 4.906103
-5.140982 6.009364 4.794186
-4.827253 5.885483 4.673074
-4.499629 5.745424 4.542914
-4.158217 5.589073 4.403866
-3.803135 5.416310 4.256104
-3.434504 5.227011 4.099811
-3.052457 5.021048 3.935184
-2.657129 4.798286 3.762433
-2.248664 4.558590 3.581778
-1.827210 4.301818 3.393451
-1.392921 4.027827 3.197694
-0.945955 3.736468 2.994762
-0.486474 3.427594 2.784920
-0.014642 3.101052 2.568443
0.469373 2.756690 2.345617
0.965402 2.394354 2.116736
1.462565 2.015440 1.882670
1.950014 1.621462 1.644093
2.427621 1.212448 1.401005
2.895260 0.788430 1.153397
3.352798 0.349443 0.901252
3.800105 -0.104475 0.644537
4.237044 -0.573281 0.383212
4.663478 -1.056933 0.117222
5.077343 -1.541339 -0.153080
5.476744 -2.012380 -0.427527
5.861683 -2.469418 -0.698956
6.232252 -2.911743 -0.960194
6.588675 -3.339170 -1.211539
6.931168 -3.751525 -1.453274
7.259930 -4.148641 -1.685670
7.575150 -4.530362 -1.908981
7.877008 -4.896542 -2.123453
8.165672 -5.247041 -2.329316
8.441300 -5.581727 -2.526788
8.704041 -5.900476 -2.716075
8.954036 -6.203170 -2.897373
9.191417 -6.489699 -3.070864
9.416304 -6.759955 -3.236720
9.628809 -7.013829 -3.395097
9.829031 -7.251220 -3.546143
10.017068 -7.472029 -3.689994
10.193008 -7.676164 -3.826774
10.356936 -7.863540 -3.956598
10.508929 -8.034074 -4.079572
10.649060 -8.187689 -4.195788
10.777396 -8.324312 -4.305332
10.894001 -8.443876 -4.408277
10.998932 -8.546315 -4.504688
11.092242 -8.631572 -4.594618
11.173982 -8.699590 -4.678112
11.244195 -8.750317 -4.755204
11.302922 -8.783706 -4.825919
11.350199 -8.799714 -4.890273
11.386059 -8.798300 -4.948270
11.410529 -8.779429 -4.999907
11.423634 -8.743067 -5.045170
11.425393 -8.689188 -5.084036
11.415820 -8.617766 -5.116471
11.394927 -8.528780 -5.142434
11.362721 -8.422213 -5.161872
11.319201 -8.298052 -5.174724
11.264366 -8.156289 -5.180918
11.198206 -7.996917 -5.180374
11.120706 -7.819935 -5.173000
11.031848 -7.625348 -5.158697
10.931605 -7.413162 -5.137355
10.819946 -7.183388 -5.108852
10.696831 -6.936045 -5.073059
10.562214 -6.671151 -5.029835
10.416042 -6.388734 -4.979030
10.258253 -6.088825 -4.920481
10.088779 -5.771460 -4.854018
9.907539 -5.436680 -4.779457
9.714448 -5.084535 -4.696603
9.509412 -4.715084 -4.605251
9.292331 -4.328395 -4.505184
9.063092 -3.924543 -4.396171
8.821571 -3.503609 -4.277971
8.567632 -3.065683 -4.150330
8.301125 -2.610861 -4.012978
8.021885 -2.139248 -3.865636
7.729734 -1.650959 -3.708007
7.424478 -1.146115 -3.539781
7.105904 -0.624849 -3.360633
6.773785 -0.087304 -3.170219
6.427872 0.466367 -2.968181
6.068208 1.032471 -2.754281
5.696444 1.589673 -2.529049
5.312823 2.134283 -2.292458
4.917298 2.666134 -2.044358
4.509827 3.185052 -1.784605
4.090373 3.690855 -1.513067
3.658910 4.183353 -1.229620
3.215419 4.662349 -0.934153
2.759890 5.127639 -0.626561
2.292322 5.579012 -0.306755
1.812769 6.016129 0.023471
1.321560 6.438104 0.352912
0.820572 6.844433 0.679495
0.324101 7.232708 1.001266
-0.161927 7.602123 1.317163
-0.637265 7.952857 1.626847
-1.101666 8.285092 1.929990
-1.554884 8.599010 2.226271
-1.996677 8.894793 2.515378
-2.426810 9.172623 2.797008
-2.845047 9.432679 3.070869
-3.251163 9.675141 3.336678
-3.644935 9.900186 3.594162
-4.026149 10.107989 3.843062
-4.394596 10.298720 4.083128
-4.750078 10.472549 4.314123
-5.092403 10.629641 4.535821
-5.421388 10.770155 4.748011
-5.736859 10.894246 4.950492
-6.038649 11.002061 5.143076
-6.326593 11.093738 5.325589
-6.600541 11.169407 5.497869
-6.860349 11.229195 5.659767
-7.105889 11.273220 5.811148
-7.337040 11.301597 5.951892
-7.553693 11.314429 6.081893
-7.755751 11.311816 6.201058
-7.943128 11.293849 6.309308
-8.115750 11.260611 6.406580
-8.273554 11.212178 6.492824
-8.416488 11.148616 6.568002
-8.544512 11.069986 6.632094
-8.657598 10.976339 6.685091
-8.755729 10.867717 6.727000
-8.838896 10.744154 6.757839
-8.907107 10.605677 6.777642
-8.960375 10.452302 6.786455
-8.998726 10.284040 6.784339
-9.022198 10.100890 6.771365
-9.030835 9.902846 6.747620
-9.024694 9.689890 6.713202
-9.003841 9.462000 6.668221
-8.968349 9.219144 6.612801
-8.918303 8.961282 6.547075
-8.853794 8.688366 6.471190
-8.774921 8.400343 6.385303
-8.681792 8.097151 6.289583
-8.574522 7.778720 6.184209
-8.453231 7.444976 6.069370
-8.318046 7.095837 5.945267
-8.169102 6.731216 5.812110
-8.006535 6.351018 5.670116
-7.830489 5.955144 5.519516
-7.641111 5.543491 5.360545
-7.438552 5.115950 5.193451
-7.222971 4.672412 5.018488
-6.994532 4.212767 4.835920
-6.753400 3.736902 4.646017
-6.499743 3.244700 4.449058
-6.233726 2.736040 4.245327
-5.955518 2.210801 4.035118
-5.665284 1.668858 3.818728
-5.363188 1.110083 3.596462
-5.052167 0.548248 3.369144
-4.735003 -0.002847 3.137419
-4.411627 -0.543282 2.901336
-4.081963 -1.073142 2.660940
-3.745936 -1.592511 2.416278
-3.403468 -2.101476 2.167394
-3.054477 -2.600127 1.914332
-2.698882 -3.088555 1.657135
-2.336598 -3.566851 1.395846
-1.967540 -4.035112 1.130508
-1.591620 -4.493434 0.861168
-1.208750 -4.941917 0.587870
-0.818958 -5.380120 0.318137
-0.432891 -5.805642 0.058599
-0.061051 -6.216486 -0.191807
0.296748 -6.612476 -0.433352
0.640678 -6.993449 -0.666295
0.970906 -7.359250 -0.890881
1.287586 -7.709730 -1.107345
1.590864 -8.044751 -1.315909
1.880880 -8.364178 -1.516783
2.157764 -8.667888 -1.710166
2.421640 -8.955761 -1.896242
2.672624 -9.227684 -2.075187
2.910826 -9.483549 -2.247164
3.136343 -9.723249 -2.412324
3.349267 -9.946679 -2.570811
3.549683 -10.153741 -2.722755
3.737673 -10.344342 -2.868279
3.913313 -10.518394 -3.007492
4.076675 -10.675812 -3.140494
4.227828 -10.816517 -3.267377
4.366835 -10.940434 -3.388219
4.493757 -11.047492 -3.503090
4.608653 -11.137623 -3.612051
4.711574 -11.210765 -3.715150
4.802573 -11.266859 -3.812427
4.881697 -11.305848 -3.903912
4.948990 -11.327681 -3.989625
5.004494 -11.332310 -4.069575
5.048248 -11.319689 -4.143764
5.080286 -11.289779 -4.212181
5.100641 -11.242541 -4.274807
5.109343 -11.177940 -4.331614
5.106417 -11.095948 -4.382562
5.091886 -10.996536 -4.427604
5.065768 -10.879680 -4.466682
5.028079 -10.745362 -4.499729
4.978831 -10.593565 -4.526667
4.918030 -10.424276 -4.547411
4.845678 -10.237487 -4.561863
4.761773 -10.033192 -4.569919
4.666308 -9.811392 -4.571463
4.559271 -9.572089 -4.566369
4.440641 -9.315290 -4.554504
4.310395 -9.041009 -4.535722
4.168500 -8.749261 -4.509869
4.014917 -8.440068 -4.476781
3.849601 -8.113455 -4.436282
3.672497 -7.769454 -4.388188
3.483542 -7.408104 -4.332302
3.282671 -7.029452 -4.268419
3.069809 -6.633556 -4.196319
2.844871 -6.220476 -4.115775
2.607759 -5.790281 -4.026545
2.358366 -5.343046 -3.928378
2.096570 -4.878853 -3.821009
1.822236 -4.397792 -3.704163
1.535215 -3.899959 -3.577548
1.235345 -3.385462 -3.440862
0.922445 -2.854414 -3.293788
0.596318 -2.306939 -3.135992
0.267285 -1.745663 -2.966919
-0.054343 -1.173139 -2.786300
-0.368472 -0.592905 -2.594352
-0.673348 -0.026123 -2.392016
-0.968675 0.523703 -2.179694
-1.254453 1.056602 -1.957659
-1.530665 1.572611 -1.726178
-1.797279 2.071775 -1.485506
-2.054248 2.554143 -1.235893
-2.301515 3.019773 -0.977584
-2.539006 3.468728 -0.710814
-2.766639 3.901078 -0.435813
-2.984137 4.316409 -0.160308
-3.191135 4.714349 0.107963
-3.387415 5.095034 0.368765
-3.572760 5.458593 0.621865
-3.746954 5.805151 0.867038
-3.909785 6.134829 1.104066
-4.061046 6.447746 1.332739
-4.200536 6.744017 1.552853
-4.328061 7.023753 1.764214
-4.443432 7.287060 1.966637
-4.546467 7.534042 2.159943
-4.636991 7.764795 2.343966
-4.714838 7.979411 2.518549
-4.779848 8.177978 2.683542
-4.831872 8.360575 2.838809
-4.870767 8.527279 2.984224
-4.896402 8.678157 3.119671
-4.908651 8.813272 3.245047
-4.907402 8.932681 3.360257
-4.892550 9.036430 3.465223
-4.864001 9.124564 3.559874
-4.821670 9.197115 3.644155
-4.765485 9.254112 3.718022
-4.695381 9.295575 3.781442
-4.611305 9.321516 3.834397
-4.513214 9.331940 3.876882
-4.401077 9.326846 3.908901
-4.274871 9.306223 3.930477
-4.134586 9.270054 3.941640
-3.980221 9.218313 3.942437
-3.811784 9.150970 3.932926
-3.629297 9.067983 3.913180
-3.432789 8.969307 3.883283
-3.222299 8.854886 3.843332
-2.997876 8.724662 3.793439
-2.759580 8.578565 3.733726
-2.507478 8.416521 3.664330
-2.241646 8.238451 3.585398
-1.962169 8.044267 3.497093
-1.669141 7.833878 3.399585
-1.362663 7.607185 3.293062
-1.042850 7.364092 3.177719
-0.712057 7.104776 3.054079
-0.385674 6.831074 2.924421
-0.067904 6.543496 2.789343
0.241173 6.242048 2.648846
0.541470 5.926737 2.502927
0.832902 5.597573 2.351573
1.115378 5.254569 2.194764
1.388804 4.897741 2.032472
1.653086 4.527108 1.864660
1.908124 4.142691 1.691284
2.153815 3.744514 1.512291
2.390053 3.332604 1.327617
2.616727 2.906991 1.137192
2.833724 2.467708 0.940934
3.040924 2.014790 0.738753
3.238202 1.548278 0.530549
3.425416 1.068271 0.317040
3.600332 0.589492 0.107767
3.761007 0.126432 -0.091977
3.907631 -0.320784 -0.282461
4.040379 -0.752039 -0.463932
4.159417 -1.167223 -0.636625
4.264897 -1.566233 -0.800760
4.356962 -1.948975 -0.956543
4.435744 -2.315358 -1.104164
4.501366 -2.665301 -1.243802
4.553941 -2.998727 -1.375621
4.593576 -3.315565 -1.499773
4.620367 -3.615750 -1.616396
4.634406 -3.899221 -1.725618
4.635774 -4.165924 -1.827552
4.624547 -4.415810 -1.922302
4.600796 -4.648833 -2.009959
4.564584 -4.864952 -2.090600
4.515969 -5.064134 -2.164296
4.455002 -5.246346 -2.231102
4.381730 -5.411562 -2.291064
4.296195 -5.559760 -2.344217
4.198432 -5.690923 -2.390586
4.088473 -5.805037 -2.430183
3.966345 -5.902094 -2.463012
3.832067 -5.982087 -2.489064
3.685659 -6.045018 -2.508322
3.527130 -6.090891 -2.520757
3.356487 -6.119714 -2.526331
3.173733 -6.131500 -2.524994
2.978866 -6.126267 -2.516689
2.771879 -6.104040 -2.501346
2.552760 -6.064847 -2.478887
2.321489 -6.008720 -2.449223
2.078043 -5.935695 -2.412254
1.822392 -5.845817 -2.367872
1.554503 -5.739134 -2.315958
1.274331 -5.615699 -2.256384
0.981827 -5.475572 -2.189008
0.676935 -5.318817 -2.113683
0.359595 -5.145510 -2.030247
0.032394 -4.956307 -1.938338
-0.288820 -4.754716 -1.836690
-0.601479 -4.541336 -1.725107
-0.905675 -4.316185 -1.603594
-1.201507 -4.079276 -1.472167
-1.489079 -3.830618 -1.330840
-1.768504 -3.570218 -1.179637
-2.039902 -3.298074 -1.018584
-2.303397 -3.014185 -0.847708
-2.559123 -2.718543 -0.667045
-2.807219 -2.411137 -0.476629
-3.047829 -2.091953 -0.276500
-3.281064 -1.761095 -0.068571
-3.506791 -1.419261 0.135887
-3.725035 -1.066494 0.334953
-3.935854 -0.702715 0.528564
-4.139303 -0.327846 0.716658
-4.335170 0.056476 0.899100
-4.520795 0.432906 1.075133
-4.694704 0.792670 1.244223
-4.856753 1.135862 1.406158
-5.006799 1.462569 1.560737
-5.144702 1.772875 1.707766
-5.270328 2.066857 1.847059
-5.383544 2.344591 1.978440
-5.484224 2.606147 2.101741
-5.572247 2.851590 2.216805
-5.647498 3.080982 2.323483
-5.709866 3.294376 2.421636
-5.759250 3.491824 2.511136
-5.795551 3.673369 2.591866
-5.818681 3.839051 2.663716
-5.828559 3.988901 2.726590
-5.825108 4.122946 2.780402
-5.808263 4.241206 2.825077
-5.777965 4.343696 2.860551
-5.734163 4.430422 2.886772
-5.676816 4.501385 2.903699
-5.605888 4.556580 2.911303
-5.521356 4.595995 2.909566
-5.423204 4.619610 2.898483
-5.311422 4.627399 2.878061
-5.186013 4.619332 2.848317
-5.046986 4.595367 2.809282
-4.894359 4.555461 2.760999
-4.728161 4.499561 2.703521
-4.548426 4.427610 2.636916
-4.355199 4.339542 2.561263
-4.148532 4.235288 2.476651
-3.928486 4.114771 2.383184
-3.695129 3.977910 2.280975
-3.448538 3.824616 2.170150
-3.188796 3.654798 2.050848
-2.915993 3.468356 1.923217
-2.630227 3.265189 1.787417
-2.331602 3.045189 1.643620
-2.020227 2.808245 1.492010
-1.696217 2.554242 1.332778
-1.359695 2.283062 1.166129
-1.010793 1.994590 0.992279
-0.649647 1.688706 0.811452
-0.276396 1.365289 0.623882
0.106016 1.024698 0.429910
0.481556 0.669592 0.230231
0.847478 0.300476 0.025497
1.201627 -0.067948 -0.175224
1.542097 -0.421097 -0.365876
1.869064 -0.758826 -0.546714
2.182690 -1.081001 -0.717977
2.483125 -1.387493 -0.879888
2.770509 -1.678186 -1.032660
3.044970 -1.952968 -1.176492
3.306630 -2.211735 -1.311573
3.555598 -2.454391 -1.438078
3.791974 -2.680845 -1.556172
4.015846 -2.891007 -1.666009
4.227293 -3.084795 -1.767731
4.426385 -3.262131 -1.861469
4.613185 -3.422943 -1.947343
4.787751 -3.567165 -2.025465
4.950131 -3.694736 -2.095933
5.100368 -3.805601 -2.158837
5.238500 -3.899709 -2.214255
5.364556 -3.977015 -2.262255
5.478561 -4.037479 -2.302896
5.580533 -4.081063 -2.336225
5.670484 -4.107737 -2.362280
5.748423 -4.117476 -2.381088
5.814349 -4.110255 -2.392666
5.868259 -4.086059 -2.397021
5.910143 -4.044874 -2.394150
5.939985 -3.986693 -2.384039
5.957763 -3.911510 -2.366663
5.963451 -3.819328 -2.341989
5.957016 -3.710151 -2.309972
5.938418 -3.583990 -2.270555
5.907613 -3.440860 -2.223673
5.864548 -3.280779 -2.169249
5.809166 -3.103774 -2.107195
5.741401 -2.909873 -2.037412
5.661181 -2.699112 -1.959790
5.568426 -2.471532 -1.874208
5.463049 -2.227177 -1.780533
5.344954 -1.966099 -1.678621
5.214036 -1.688358 -1.568314
5.070182 -1.394015 -1.449443
4.913270 -1.083142 -1.321829
4.743166 -0.755815 -1.185275
4.559727 -0.412119 -1.039575
4.362798 -0.052146 -0.884508
4.153945 0.309945 -0.720377
3.934839 0.660002 -0.547581
3.705484 0.997934 -0.366033
3.465893 1.323643 -0.175653
3.216125 1.636899 0.021762
2.956491 1.936883 0.215032
2.687137 2.223428 0.402333
2.408168 2.496498 0.583699
2.119687 2.756063 0.759153
1.821792 3.002094 0.928711
1.514580 3.234567 1.092381
1.198144 3.453460 1.250162
0.872573 3.658754 1.402047
0.537953 3.850433 1.548022
0.194369 4.028485 1.688064
-0.154045 4.192297 1.821795
-0.492018 4.339652 1.947797
-0.817223 4.470321 2.065705
-1.129563 4.584404 2.175350
-1.428945 4.681998 2.276576
-1.715278 4.763189 2.369235
-1.988480 4.828057 2.453194
-2.248473 4.876679 2.528330
-2.495189 4.909125 2.594534
-2.728570 4.925458 2.651707
-2.948564 4.925739 2.699764
-3.155127 4.910020 2.738630
-3.348225 4.878348 2.768244
-3.527834 4.830763 2.788558
-3.693937 4.767298 2.799533
-3.846525 4.687983 2.801145
-3.985599 4.592837 2.793381
-4.111170 4.481875 2.776240
-4.223256 4.355106 2.749732
-4.321883 4.212530 2.713879
-4.407088 4.054142 2.668716
-4.478913 3.879931 2.614287
-4.537411 3.689878 2.550649
-4.582642 3.483958 2.477869
-4.614673 3.262141 2.396026
-4.633580 3.024389 2.305207
-4.639445 2.770659 2.205512
-4.632357 2.500901 2.097050
-4.612413 2.215061 1.979940
-4.579714 1.913078 1.854311
-4.534369 1.594886 1.720301
-4.476493 1.260414 1.578057
-4.406204 0.909585 1.427734
-4.323626 0.542319 1.269497
-4.229040 0.159500 1.103555
-4.125054 -0.223017 0.930645
-4.013400 -0.594211 0.751261
-3.894040 -0.954148 0.565470
-3.766933 -1.302888 0.373336
-3.632037 -1.640496 0.174916
-3.489337 -1.966909 -0.027862
-3.338943 -2.281403 -0.223721
-3.180748 -2.583872 -0.410743
-3.014621 -2.874342 -0.588879
-2.840433 -3.152835 -0.758083
-2.658064 -3.419371 -0.918311
-2.467398 -3.673966 -1.069522
-2.268327 -3.916631 -1.211680
-2.060745 -4.147376 -1.344755
-1.844555 -4.366207 -1.468717
-1.619665 -4.573123 -1.583544
-1.385991 -4.768124 -1.689217
-1.143452 -4.951201 -1.785724
-0.891975 -5.122345 -1.873056
-0.631494 -5.281542 -1.951211
-0.361949 -5.428772 -2.020192
-0.085941 -5.563438 -2.080224
0.180649 -5.682047 -2.132663
0.435198 -5.783974 -2.177837
0.677729 -5.869166 -2.215853
0.908254 -5.937574 -2.246806
1.126779 -5.989152 -2.270782
1.333306 -6.023861 -2.287859
1.527830 -6.041664 -2.298101
1.710343 -6.042531 -2.301565
1.880831 -6.026435 -2.298297
2.039275 -5.993352 -2.288333
2.185654 -5.943266 -2.271699
2.319937 -5.876161 -2.248411
2.442094 -5.792029 -2.218473
2.552087 -5.690863 -2.181881
2.649873 -5.572663 -2.138619
2.735407 -5.437430 -2.088661
2.808635 -5.285174 -2.031970
2.869503 -5.115904 -1.968497
2.917946 -4.929637 -1.898184
2.953899 -4.726393 -1.820961
2.977287 -4.506197 -1.736746
2.988033 -4.269078 -1.645448
2.986049 -4.015070 -1.546960
2.971245 -3.744214 -1.441167
2.943521 -3.456552 -1.327941
2.902772 -3.152134 -1.207139
2.848883 -2.831016 -1.078610
2.781732 -2.493259 -0.942186
2.701189 -2.138928 -0.797688
2.607114 -1.768097 -0.644922
2.499355 -1.380845 -0.483683
2.377754 -0.977258 -0.313747
2.242138 -0.557431 -0.134880
2.092368 -0.121589 0.051299
1.930341 0.316717 0.233337
1.758224 0.742402 0.408969
1.576187 1.154991 0.578291
1.384336 1.554450 0.741402
1.182775 1.940746 0.898395
0.971601 2.313850 1.049354
0.750907 2.673736 1.194354
0.520782 3.020380 1.333463
0.281311 3.353760 1.466738
0.032575 3.673860 1.594232
-0.214624 3.979046 1.715112
-0.449463 4.267753 1.828375
-0.671829 4.540064 1.933812
-0.881607 4.796053 2.031222
-1.078687 5.035790 2.120416
-1.262962 5.259339 2.201212
-1.434335 5.466762 2.273440
-1.592711 5.658111 2.336942
-1.738005 5.833438 2.391569
-1.870138 5.992785 2.437183
-1.989039 6.136190 2.473660
-2.094645 6.263685 2.500884
-2.186900 6.375296 2.518754
-2.265757 6.471043 2.527177
-2.331179 6.550937 2.526076
-2.383136 6.614985 2.515382
-2.421609 6.663187 2.495042
-2.446586 6.695536 2.465011
-2.458067 6.712017 2.425261
-2.456059 6.712610 2.375772
-2.440579 6.697287 2.316538
-2.411656 6.666014 2.247566
-2.369325 6.618750 2.168874
-2.313634 6.555448 2.080493
-2.244637 6.476051 1.982466
-2.162400 6.380500 1.874846
-2.066998 6.268728 1.757702
-1.958515 6.140661 1.631112
-1.837043 5.996218 1.495166
-1.702685 5.835315 1.349965
-1.555550 5.657861 1.195623
-1.395757 5.463758 1.032264
-1.223433 5.252905 0.860022
-1.038713 5.025194 0.679043
-0.841738 4.780514 0.489483
-0.632658 4.518749 0.291507
-0.411628 4.239778 0.085293
-0.178938 3.944005 -0.121479
0.062523 3.632377 -0.320915
0.296726 3.307848 -0.511643
0.520996 2.970989 -0.693493
0.735323 2.621886 -0.866525
0.939699 2.260624 -1.030804
1.134119 1.887281 -1.186401
1.318586 1.501934 -1.333397
1.493107 1.104653 -1.471877
1.657694 0.695503 -1.601933
1.812361 0.274546 -1.723664
1.955640 -0.144068 -1.836680
2.086137 -0.546186 -1.940671
2.203973 -0.931745 -2.035839
2.309257 -1.300682 -2.122381
2.402084 -1.652940 -2.200479
2.482543 -1.988469 -2.270300
2.550711 -2.307224 -2.332004
2.606654 -2.609165 -2.385736
2.650434 -2.894257 -2.431629
2.682101 -3.162471 -2.469806
2.701699 -3.413785 -2.500379
2.709264 -3.648178 -2.523449
2.704824 -3.865636 -2.539104
2.688403 -4.066149 -2.547425
2.660016 -4.249713 -2.548480
2.619672 -4.416326 -2.542328
2.567374 -4.565994 -2.529016
2.503120 -4.698724 -2.508583
2.426901 -4.814530 -2.481056
2.338704 -4.913428 -2.446453
2.238510 -4.995441 -2.404782
2.126292 -5.060595 -2.356040
2.002022 -5.108920 -2.300216
1.865664 -5.140453 -2.237287
1.717177 -5.155233 -2.167221
1.556515 -5.153304 -2.089976
1.383625 -5.134717 -2.005499
1.198452 -5.099526 -1.913729
1.000933 -5.047790 -1.814594
0.790998 -4.979574 -1.708012
0.568574 -4.894948 -1.593890
0.333580 -4.793988 -1.472126
0.085930 -4.676774 -1.342607
-0.166792 -4.544957 -1.204709
-0.412073 -4.401140 -1.057553
-0.649024 -4.245514 -0.901072
-0.877740 -4.078068 -0.735273
-1.098319 -3.898788 -0.560169
-1.310869 -3.707657 -0.375777
-1.515501 -3.504654 -0.182116
-1.712197 -3.290167 0.014535
-1.900857 -3.064680 0.205849
-2.081533 -2.828145 0.391381
-2.254280 -2.580484 0.571087
-2.419148 -2.321618 0.744919
-2.576186 -2.051474 0.912827
-2.725439 -1.769980 1.074754
-2.866946 -1.477067 1.230643
-3.000747 -1.172668 1.380432
-3.126872 -0.856718 1.524053
-3.245353 -0.529156 1.661438
-3.356212 -0.189923 1.792511
-3.458874 0.157546 1.917065
-3.549727 0.492367 2.034197
-3.628067 0.811119 2.143598
-3.693779 1.113862 2.245093
-3.746753 1.400647 2.338520
-3.786883 1.671521 2.423725
-3.814068 1.926525 2.500562
-3.828213 2.165694 2.568898
-3.829229 2.389060 2.628608
-3.817033 2.596644 2.679576
-3.791549 2.788467 2.721699
-3.752710 2.964539 2.754883
-3.700453 3.124867 2.779044
-3.634724 3.269448 2.794111
-3.555479 3.398277 2.800023
-3.462678 3.511340 2.796730
-3.356292 3.608615 2.784194
-3.236300 3.690077 2.762389
-3.102689 3.755691 2.731300
-2.955455 3.805418 2.690925
-2.794601 3.839209 2.641272
-2.620142 3.857013 2.582362
-2.432098 3.858770 2.514229
-2.230502 3.844412 2.436917
-2.015392 3.813868 2.350486
-1.786816 3.767060 2.255003
-1.544832 3.703902 2.150551
-1.289503 3.624305 2.037224
-1.020904 3.528173 1.915128
-0.739116 3.415404 1.784380
-0.444228 3.285893 1.645111
-0.136338 3.139527 1.497462
0.173750 2.977851 1.342311
0.475240 2.802486 1.180459
0.768042 2.613437 1.011932
1.052059 2.410717 0.836751
1.327186 2.194341 0.654929
1.593315 1.964331 0.466471
1.850333 1.720712 0.271377
2.098125 1.463510 0.069637
2.336449 1.193245 -0.131898
2.565104 0.910553 -0.325352
2.784052 0.615542 -0.510558
2.993262 0.308298 -0.687562
3.191163 0.001426 -0.855975
3.375971 -0.289893 -1.015407
3.547756 -0.565048 -1.166012
3.706638 -0.823946 -1.307954
3.852728 -1.066496 -1.441386
3.986129 -1.292615 -1.566446
4.106936 -1.502227 -1.683263
4.215235 -1.695260 -1.791953
4.311105 -1.871649 -1.892621
4.394616 -2.031334 -1.985359
4.465832 -2.174261 -2.070250
4.524812 -2.300382 -2.147364
4.571604 -2.409651 -2.216763
4.606253 -2.502032 -2.278495
4.628796 -2.577489 -2.332599
4.639263 -2.635995 -2.379103
4.637680 -2.677525 -2.418025
4.624064 -2.702060 -2.449371
4.598428 -2.709585 -2.473137
4.560778 -2.700092 -2.489310
4.511112 -2.673576 -2.497866
4.449425 -2.630036 -2.498769
4.375703 -2.569478 -2.491974
4.289927 -2.491911 -2.477426
4.192070 -2.397351 -2.455059
4.082099 -2.285818 -2.424796
3.959975 -2.157336 -2.386549
3.825649 -2.011936 -2.340220
3.679066 -1.849654 -2.285702
3.520164 -1.670532 -2.222873
3.348873 -1.474616 -2.151605
3.165112 -1.261960 -2.071754
2.968793 -1.032624 -1.983167
2.759820 -0.786673 -1.885680
2.538085 -0.524179 -1.779117
2.303471 -0.245222 -1.663288
2.055851 0.050112 -1.537993
1.796652 0.347647 -1.403563
1.527392 0.633217 -1.260438
1.248073 0.906731 -1.108565
0.958706 1.168089 -0.947900
0.659309 1.417184 -0.778403
0.349906 1.653907 -0.600044
0.033191 1.877636 -0.412923
-0.274823 2.085281 -0.217839
-0.571381 2.276334 -0.015581
-0.856196 2.450293 0.185197
-1.128999 2.606867 0.378317
-1.389643 2.746172 0.563618
-1.637993 2.868320 0.740948
-1.873918 2.973422 0.910169
-2.097295 3.061583 1.071149
-2.308002 3.132905 1.223771
-2.505929 3.187484 1.367926
-2.690968 3.225410 1.503518
-2.863024 3.246768 1.630463
-3.022006 3.251640 1.748688
-3.167834 3.240099 1.858133
-3.300436 3.212215 1.958749
-3.419745 3.168051 2.050500
-3.525707 3.107664 2.133361
-3.618274 3.031106 2.207320
-3.697404 2.938420 2.272376
-3.763068 2.829646 2.328541
-3.815240 2.704817 2.375840
-3.853906 2.563958 2.414306
-3.879056 2.407090 2.443988
-3.890691 2.234226 2.464944
-3.888817 2.045375 2.477245
-3.873446 1.840538 2.480973
-3.844600 1.619710 2.476221
-3.802305 1.382881 2.463093
-3.746593 1.130034 2.441705
-3.677504 0.861149 2.412183
-3.595080 0.576196 2.374665
-3.499371 0.275144 2.329297
-3.391721 -0.034805 2.276499
-3.275446 -0.335266 2.217047
-3.150946 -0.624036 2.151079
-3.018222 -0.901141 2.078645
-2.877269 -1.166610 1.999785
-2.728079 -1.420473 1.914538
-2.570641 -1.662763 1.822937
-2.404939 -1.893515 1.725009
-2.230954 -2.112768 1.620778
-2.048663 -2.320562 1.510264
-1.858040 -2.516943 1.393481
-1.659056 -2.701957 1.270439
-1.451677 -2.875653 1.141144
-1.235866 -3.038084 1.005597
-1.011586 -3.189305 0.863796
-0.778794 -3.329376 0.715733
-0.537443 -3.458357 0.561397
-0.287486 -3.576314 0.400773
-0.029611 -3.683185 0.233804
0.224076 -3.776847 0.060372
0.465022 -3.855178 -0.111506
0.693204 -3.917656 -0.276010
0.908711 -3.964171 -0.433221
1.111624 -3.994626 -0.583207
1.302016 -4.008924 -0.726026
1.479956 -4.006975 -0.861726
1.645507 -3.988697 -0.990342
1.798728 -3.954009 -1.111902
1.939671 -3.902835 -1.226423
2.068386 -3.835108 -1.333913
2.184915 -3.750760 -1.434367
2.289298 -3.649733 -1.527772
2.381567 -3.531968 -1.614107
2.461751 -3.397416 -1.693338
2.529871 -3.246029 -1.765422
2.585945 -3.077766 -1.830306
2.629982 -2.892587 -1.887926
2.661989 -2.690460 -1.938210
2.681963 -2.471356 -1.981073
2.689896 -2.235251 -2.016421
2.685772 -1.982126 -2.044149
2.669569 -1.711966 -2.064142
2.641256 -1.424763 -2.076274
2.600794 -1.120510 -2.080407
2.548136 -0.799210 -2.076393
2.483225 -0.460868 -2.064071
2.405995 -0.105496 -2.043269
2.317543 0.255329 -2.014234
2.219409 0.605798 -1.977408
2.111636 0.945042 -1.932717
1.994189 1.273025 -1.880059
1.867036 1.589704 -1.819336
1.730146 1.895034 -1.750454
1.583497 2.188963 -1.673327
1.427068 2.471438 -1.587873
1.260843 2.742398 -1.494018
1.084811 3.001781 -1.391692
0.898967 3.249518 -1.280832
0.703310 3.485536 -1.161382
0.497845 3.709759 -1.033292
0.282581 3.922105 -0.896519
0.059375 4.122130 -0.751185
-0.157413 4.306990 -0.598541
-0.362589 4.475709 -0.439155
-0.556069 4.628322 -0.273163
-0.737761 4.764868 -0.100692
-0.907526 4.885266 0.076263
-1.065013 4.988836 0.246337
-1.210054 5.075540 0.407548
-1.342528 5.145466 0.559799
-1.462319 5.198699 0.703001
-1.569324 5.235318 0.837081
-1.663445 5.255397 0.961973
-1.744595 5.259003 1.077626
-1.812696 5.246197 1.184000
-1.867679 5.217037 1.281068
-1.909484 5.171570 1.368815
-1.938061 5.109841 1.447236
-1.953366 5.031886 1.516341
-1.955367 4.937735 1.576152
-1.944040 4.827412 1.626700
-1.919369 4.700936 1.668032
-1.881346 4.558316 1.700205
-1.829974 4.399560 1.723288
-1.765260 4.224664 1.737363
-1.687222 4.033621 1.742522
-1.595883 3.826419 1.738869
-1.491275 3.603036 1.726520
-1.373435 3.363449 1.705604
-1.242409 3.107625 1.676256
-1.098246 2.835529 1.638628
-0.941002 2.547119 1.592880
-0.770739 2.242347 1.539181
-0.587521 1.921162 1.477713
-0.391419 1.583507 1.408668
-0.182506 1.229323 1.332247
0.036471 0.858965 1.248745
0.249410 0.474920 1.158784
0.453027 0.081101 1.062524
0.643992 -0.301484 0.960586
0.821768 -0.669311 0.852884
0.986371 -1.022344 0.739205
1.137814 -1.360538 0.619349
1.276114 -1.683848 0.493122
1.401291 -1.992222 0.360344
1.513366 -2.285605 0.220845
1.612364 -2.563939 0.074464
1.698185 -2.826645 -0.071465
1.770785 -3.073125 -0.209596
1.830261 -3.303301 -0.340055
1.876704 -3.517099 -0.462951
1.910194 -3.714457 -0.578381
1.930809 -3.895313 -0.686430
1.938619 -4.059615 -0.787174
1.933687 -4.207313 -0.880675
1.916071 -4.338362 -0.966984
1.885825 -4.452725 -1.046143
1.842994 -4.550365 -1.118180
1.787621 -4.631255 -1.183114
1.719741 -4.695368 -1.240953
1.639387 -4.742684 -1.291694
1.546582 -4.773189 -1.335324
1.441348 -4.786870 -1.371819
1.323699 -4.783723 -1.401144
1.193646 -4.763745 -1.423255
1.051191 -4.726941 -1.438095
0.896334 -4.673318 -1.445599
0.729067 -4.602889 -1.445692
0.549376 -4.515673 -1.438286
0.357242 -4.411693 -1.423285
0.152638 -4.290978 -1.400581
-0.061812 -4.154107 -1.369903
-0.270214 -4.004386 -1.330242
-0.469965 -3.842373 -1.281444
-0.661115 -3.668082 -1.223523
-0.843717 -3.481522 -1.156499
-1.017831 -3.282700 -1.080396
-1.183522 -3.071616 -0.995245
-1.340862 -2.848268 -0.901081
-1.489929 -2.612650 -0.797944
-1.630806 -2.364751 -0.685879
-1.763582 -2.104557 -0.564936
-1.888352 -1.832048 -0.435167
-2.005217 -1.547202 -0.296631
-2.114283 -1.249995 -0.149388
-2.215618 -0.940521 0.004624
-2.309052 -0.619495 0.154108
-2.394570 -0.286987 0.297115
-2.472177 0.056927 0.433557
-2.539799 0.398019 0.562808
-2.595367 0.722740 0.684208
-2.638758 1.031155 0.797594
-2.669855 1.323318 0.902812
-2.688541 1.599274 0.999715
-2.694710 1.859066 1.088169
-2.688258 2.102731 1.168048
-2.669089 2.330298 1.239234
-2.637114 2.541793 1.301620
-2.592251 2.737235 1.355110
-2.534423 2.916636 1.399618
-2.463565 3.080005 1.435066
-2.379616 3.227342 1.461391
-2.282525 3.358640 1.478539
-2.172249 3.473889 1.486465
-2.048752 3.573070 1.485138
-1.912008 3.656159 1.474539
-1.762000 3.723123 1.454658
-1.598719 3.773926 1.425498
-1.422164 3.808523 1.387075
-1.232345 3.826865 1.339414
-1.029279 3.828895 1.282556
-0.812992 3.814550 1.216550
-0.583520 3.783762 1.141460
-0.340907 3.736455 1.057360
-0.085271 3.672561 0.964343
0.172502 3.593771 0.863349
0.421859 3.501772 0.755258
0.662743 3.396557 0.640107
0.895085 3.278128 0.517928
1.118809 3.146489 0.388751
1.333837 3.001647 0.252595
1.540085 2.843616 0.109474
1.737453 2.672462 -0.039867
1.925692 2.488839 -0.186464
2.104664 2.293180 -0.325039
2.274340 2.085549 -0.455610
2.434697 1.866004 -0.578199
2.585717 1.634596 -0.692837
2.727386 1.391375 -0.799556
2.859696 1.136386 -0.898399
2.982644 0.869669 -0.989413
3.096231 0.591262 -1.072650
3.200463 0.301198 -1.148170
3.294304 0.008498 -1.215717
3.375774 -0.269342 -1.274773
3.444744 -0.530598 -1.325409
3.501275 -0.775237 -1.367751
3.545417 -1.003228 -1.401913
3.577213 -1.214549 -1.427997
3.596696 -1.409180 -1.446096
3.603894 -1.587109 -1.456290
3.598825 -1.748327 -1.458648
3.581503 -1.892830 -1.453229
3.551932 -2.020622 -1.440083
3.510111 -2.131708 -1.419246
3.456032 -2.226101 -1.390747
3.389680 -2.303816 -1.354602
3.311036 -2.364877 -1.310817
3.220071 -2.409308 -1.259389
3.116752 -2.437142 -1.200303
3.001040 -2.448416 -1.133536
2.872889 -2.443171 -1.059051
2.732248 -2.421453 -0.976805
2.579056 -2.383316 -0.886740
2.413250 -2.328816 -0.788792
2.234759 -2.258017 -0.682883
2.043503 -2.170988 -0.568927
1.839399 -2.067803 -0.446825
1.622354 -1.948542 -0.316469
1.392270 -1.813293 -0.177740
1.149039 -1.662150 -0.030508
0.892710 -1.495697 0.117884
0.623360 -1.314475 0.260101
0.340922 -1.118512 0.396298
0.046325 -0.908003 0.526642
-0.247840 -0.685123 0.651285
-0.533920 -0.451130 0.770250
-0.811954 -0.205948 0.883520
-1.081971 0.050492 0.991071
-1.341812 0.304262 1.092330
-1.589245 0.541439 1.186608
-1.824181 0.762104 1.273718
-2.046536 0.966320 1.353487
-2.256228 1.154150 1.425751
-2.453181 1.325649 1.490359
-2.637323 1.480870 1.547167
-2.808590 1.619860 1.596046
-2.966923 1.742661 1.636873
-3.112268 1.849311 1.669541
-3.244579 1.939841 1.693950
-3.363817 2.014277 1.710013
-3.469950 2.072641 1.717654
-3.562952 2.114947 1.716808
-3.642805 2.141204 1.707423
-3.709500 2.151417 1.689455
-3.763032 2.145583 1.662873
-3.803408 2.123694 1.627659
-3.830639 2.085735 1.583805
-3.844747 2.031687 1.531312
-3.845758 1.961522 1.470197
-3.833709 1.875210 1.400484
-3.808642 1.772712 1.322209
-3.770609 1.653984 1.235422
-3.719668 1.518979 1.140180
-3.655884 1.367640 1.036554
-3.579329 1.199908 0.924622
-3.490083 1.015718 0.804476
-3.388231 0.814998 0.676216
-3.273866 0.597673 0.539955
-3.147087 0.363664 0.395812
-3.008495 0.116392 0.244046
-2.861144 -0.123178 0.085513
-2.705628 -0.351086 -0.072136
-2.541989 -0.566836 -0.221386
-2.370125 -0.770438 -0.362219
-2.189940 -0.961904 -0.494618
-2.001344 -1.141241 -0.618571
-1.804253 -1.308454 -0.734068
-1.598589 -1.463546 -0.841105
-1.384277 -1.606513 -0.939685
-1.161252 -1.737349 -1.029814
-0.929451 -1.856047 -1.111502
-0.688820 -1.962593 -1.184768
-0.439307 -2.056970 -1.249632
-0.180870 -2.139160 -1.306124
0.076944 -2.207176 -1.354502
0.322885 -2.258669 -1.395104
0.556641 -2.293519 -1.428024
0.778223 -2.311679 -1.453336
0.987635 -2.313106 -1.471106
1.184875 -2.297760 -1.481387
1.369935 -2.265610 -1.484224
1.542800 -2.216626 -1.479649
1.703451 -2.150786 -1.467685
1.851862 -2.068070 -1.448345
1.988001 -1.968465 -1.421629
2.111829 -1.851961 -1.387528
2.223305 -1.718555 -1.346023
2.322376 -1.568247 -1.297080
2.408988 -1.401042 -1.240658
2.483078 -1.216950 -1.176703
2.544576 -1.015986 -1.105148
2.593407 -0.798171 -1.025917
2.629487 -0.563529 -0.938919
2.652727 -0.312091 -0.844053
2.663027 -0.043893 -0.741206
2.661339 0.232585 -0.630560
2.649840 0.499500 -0.512651
2.628771 0.754939 -0.387456
2.598146 0.998853 -0.254884
2.557983 1.231185 -0.114851
2.508406 1.451568 0.028168
2.449679 1.659310 0.164789
2.381902 1.854301 0.294091
2.305151 2.036507 0.416124
2.219494 2.205899 0.530928
2.125000 2.362449 0.638541
2.021727 2.506135 0.738992
1.909734 2.636938 0.832303
1.789072 2.754841 0.918492
1.659789 2.859830 0.997570
1.521927 2.951897 1.069542
1.375527 3.031034 1.134407
1.220621 3.097237 1.192160
1.057241 3.150506 1.242788
0.885413 3.190843 1.286273
0.705156 3.218254 1.322594
0.516489 3.232747 1.351722
0.319423 3.234335 1.373624
0.113967 3.223033 1.388259
-0.095531 3.198183 1.395278
-0.294128 3.157487 1.393574
-0.479711 3.100643 1.382956
-0.652287 3.027674 1.363390
-0.811870 2.938593 1.334854
-0.958479 2.833408 1.297336
-1.092143 2.712121 1.250837
-1.212900 2.574728 1.195368
-1.320794 2.421217 1.130951
-1.415877 2.251573 1.057619
-1.498212 2.065773 0.975417
-1.567866 1.863788 0.884397
-1.624914 1.645584 0.784625
-1.669440 1.411121 0.676174
-1.701534 1.160353 0.559130
-1.721292 0.893228 0.433585
-1.728819 0.609691 0.299643
-1.724223 0.309680 0.157416
-1.709240 0.004703 0.009313
-1.686249 -0.288769 -0.132763
-1.655293 -0.569787 -0.266839
-1.616267 -0.838378 -0.392848
-1.569073 -1.094571 -0.510726
-1.513618 -1.338390 -0.620415
-1.449812 -1.569854 -0.721860
-1.377574 -1.788982 -0.815010
-1.296824 -1.995787 -0.899819
-1.207489 -2.190279 -0.976248
-1.109503 -2.372464 -1.044258
-1.002803 -2.542344 -1.103821
-0.887332 -2.699919 -1.154910
-0.763042 -2.845184 -1.197505
-0.629885 -2.978130 -1.231592
-0.487823 -3.098744 -1.257161
-0.336824 -3.207010 -1.274210
-0.176859 -3.302908 -1.282741
-0.010563 -3.385872 -1.282880
0.146152 -3.452634 -1.275363
0.290632 -3.502638 -1.260373
0.422867 -3.535869 -1.237967
0.542832 -3.552316 -1.208190
0.650501 -3.551973 -1.171080
0.745838 -3.534838 -1.126661
0.828804 -3.500913 -1.074947
0.899353 -3.450207 -1.015944
0.957435 -3.382733 -0.949643
1.002991 -3.298508 -0.876028
1.035960 -3.197554 -0.795071
1.056272 -3.079898 -0.706731
1.063854 -2.945574 -0.610959
1.058624 -2.794617 -0.507692
1.040497 -2.627072 -0.396858
1.009378 -2.442985 -0.278371
0.965167 -2.242410 -0.152134
0.907758 -2.025406 -0.018038
0.837207 -1.792541 0.116553
0.753609 -1.544371 0.244289
0.656916 -1.280939 0.365309
0.547084 -1.002275 0.479764
0.424071 -0.708409 0.587814
0.287840 -0.399364 0.689630
0.138358 -0.075161 0.785394
-0.020646 0.256513 0.874980
-0.170328 0.574499 0.957447
-0.307588 0.876157 1.032489
-0.432343 1.161540 1.099925
-0.544505 1.430690 1.159586
-0.643994 1.683645 1.211309
-0.730732 1.920439 1.254944
-0.804649 2.141099 1.290351
-0.865679 2.345648 1.317398
-0.913764 2.534103 1.335966
-0.948852 2.706475 1.345945
-0.970897 2.862770 1.347237
-0.979861 3.002988 1.339755
-0.975713 3.127122 1.323421
-0.958432 3.235160 1.298172
-0.928000 3.327083 1.263953
-0.884413 3.402866 1.220723
-0.827671 3.462479 1.168450
-0.757783 3.505884 1.107115
-0.674769 3.533038 1.036712
-0.578655 3.543892 0.957245
-0.469477 3.538389 0.868730
-0.347278 3.516468 0.771195
-0.212111 3.478062 0.664680
-0.064039 3.423096 0.549236
0.086191 3.353327 0.425713
0.227839 3.270564 0.294933
0.360841 3.174823 0.156910
0.485117 3.066124 0.011655
0.600444 2.945013 -0.133331
0.706627 2.812059 -0.270558
0.803628 2.667316 -0.400037
0.891414 2.510827 -0.521786
0.969956 2.342635 -0.635826
1.039228 2.162775 -0.742185
1.099214 1.971281 -0.840897
1.149897 1.768184 -0.932002
1.191268 1.553508 -1.015546
1.223322 1.327276 -1.091581
1.246058 1.089507 -1.160165
1.259478 0.840216 -1.221361
1.263590 0.579414 -1.275238
1.258405 0.307109 -1.321871
1.242928 0.032194 -1.361014
1.215206 -0.227788 -1.392121
1.175092 -0.471106 -1.415221
1.122623 -0.697753 -1.430397
1.057827 -0.907727 -1.437724
0.980726 -1.101030 -1.437265
0.891335 -1.277668 -1.429071
0.789663 -1.437653 -1.413183
0.675708 -1.581002 -1.389633
0.549466 -1.707737 -1.358440
0.410924 -1.817883 -1.319614
0.260063 -1.911472 -1.273155
0.096859 -1.988541 -1.219051
-0.076068 -2.049667 -1.157226
-0.242833 -2.098097 -1.087318
-0.400815 -2.134363 -1.009226
-0.550043 -2.158460 -0.922911
-0.690545 -2.170378 -0.828341
-0.822354 -2.170108 -0.725487
-0.945512 -2.157632 -0.614329
-1.060062 -2.132933 -0.494852
-1.166058 -2.095986 -0.367045
-1.263556 -2.046765 -0.230903
-1.352620 -1.985240 -0.086429
-1.433162 -1.911878 0.058888
-1.505083 -1.827131 0.197551
-1.568430 -1.730943 0.329542
-1.623243 -1.623256 0.454833
-1.669559 -1.504016 0.573392
-1.707409 -1.373171 0.685185
-1.736824 -1.230672 0.790169
-1.757827 -1.076476 0.888299
-1.770438 -0.910538 0.979525
-1.774673 -0.732821 1.063789
-1.770543 -0.543287 1.141032
-1.758054 -0.341905 1.211189
-1.737209 -0.128645 1.274187
-1.707774 0.095098 1.329901
-1.667022 0.312514 1.377628
-1.613329 0.513906 1.416920
-1.546634 0.699290 1.447687
-1.466880 0.868663 1.469855
-1.374015 1.022020 1.483359
-1.267996 1.159348 1.488147
-1.148786 1.280627 1.484176
-1.016356 1.385832 1.471414
-0.870687 1.474932 1.449840
-0.711764 1.547891 1.419446
-0.539582 1.604663 1.380233
-0.354145 1.645200 1.332215
-0.155464 1.669447 1.275419
0.052399 1.677982 1.210057
0.254302 1.673159 1.136840
0.448006 1.655311 1.055910
0.633470 1.624431 0.967314
0.810644 1.580516 0.871091
0.979473 1.523566 0.767275
1.139899 1.453587 0.655893
1.291855 1.370586 0.536969
1.435274 1.274576 0.410518
1.570081 1.165573 0.276552
1.696196 1.043595 0.135074
1.813514 0.908748 -0.012751
1.921773 0.761744 -0.157107
2.020854 0.602911 -0.294023
2.110720 0.432300 -0.423522
2.191338 0.249954 -0.545631
2.261610 0.064392 -0.660077
2.319319 -0.106564 -0.766283
2.364308 -0.261010 -0.864260
2.396646 -0.398894 -0.954081
2.416394 -0.520169 -1.035807
2.423604 -0.624791 -1.109488
2.418325 -0.712723 -1.175162
2.400594 -0.783933 -1.232857
2.370444 -0.838394 -1.282590
2.327901 -0.876085 -1.324366
2.272985 -0.896989 -1.358180
2.205706 -0.901096 -1.384016
2.126070 -0.888399 -1.401846
2.034075 -0.858897 -1.411634
1.929712 -0.812595 -1.413331
1.812965 -0.749503 -1.406877
1.683812 -0.669636 -1.392202
1.542221 -0.573015 -1.369227
1.388155 -0.459666 -1.337858
1.221566 -0.329620 -1.297994
1.042402 -0.182916 -1.249520
0.850598 -0.019598 -1.192311
0.646413 0.157474 -1.126337
0.432094 0.328554 -1.052232
0.208294 0.487951 -0.970180
-0.022330 0.635077 -0.880232
-0.243839 0.766745 -0.782827
-0.453543 0.882431 -0.678144
-0.651392 0.982145 -0.566293
-0.837324 1.065895 -0.447376
-1.011268 1.133697 -0.321485
-1.173151 1.185572 -0.188703
-1.322891 1.221545 -0.049102
-1.460251 1.241150 0.089763
-1.584990 1.243949 0.220347
-1.697021 1.230007 0.342601
-1.796266 1.199389 0.456492
-1.882650 1.152155 0.561992
-1.956109 1.088361 0.659090
-2.016586 1.008054 0.747783
-2.064029 0.911279 0.828082
-2.098397 0.798074 0.900007
-2.119653 0.668470 0.963593
-2.127769 0.522494 1.018883
-2.122723 0.360166 1.065934
-2.104500 0.181502 1.104813
-2.075292 0.000507 1.136109
-2.037313 -0.168819 1.160386
-1.990587 -0.326475 1.177681
-1.935136 -0.472452 1.188023
-1.870977 -0.606741 1.191436
-1.798124 -0.729339 1.187936
-1.716587 -0.840244 1.177537
-1.626371 -0.939458 1.160246
-1.527477 -1.026986 1.136063
-1.419901 -1.102836 1.104986
-1.303638 -1.167020 1.067005
-1.178675 -1.219551 1.022107
-1.044998 -1.260447 0.970273
-0.902587 -1.289730 0.911477
-0.751420 -1.307423 0.845690
-0.591468 -1.313553 0.772878
-0.422700 -1.308152 0.693001
-0.245082 -1.291254 0.606013
-0.058572 -1.262896 0.511865
0.126210 -1.221282 0.410424
0.298662 -1.164572 0.301577
0.458848 -1.092734 0.185306
0.606826 -1.005724 0.061603
0.742504 -0.902973 -0.062043
0.865773 -0.783882 -0.178135
0.976676 -0.648371 -0.286651
1.075246 -0.496372 -0.387556
1.161509 -0.327824 -0.480805
1.235487 -0.142668 -0.566341
1.297193 0.059148 -0.644098
1.348395 0.263612 -0.714509
1.390816 0.456700 -0.778006
1.424400 0.638436 -0.834514
1.449100 0.808833 -0.883958
1.464870 0.967897 -0.926272
1.471670 1.115633 -0.961390
1.469463 1.252041 -0.989255
1.458215 1.377118 -1.009812
1.437899 1.490858 -1.023013
1.408489 1.593250 -1.028816
1.369966 1.684283 -1.027182
1.322313 1.763938 -1.018080
1.265520 1.832194 -1.001482
1.199580 1.889028 -0.977368
1.124490 1.934412 -0.945722
1.040254 1.968314 -0.906534
0.946878 1.990699 -0.859800
0.844376 2.001527 -0.805522
0.732764 2.000757 -0.743707
0.612065 1.988343 -0.674367
0.482303 1.964234 -0.597523
0.343513 1.928378 -0.513198
0.195728 1.880718 -0.421424
0.039429 1.821113 -0.322257
-0.113823 1.747360 -0.216269
-0.254637 1.657721 -0.103915
-0.382906 1.552107 0.013118
-0.498348 1.429830 0.123975
-0.600862 1.290779 0.226231
-0.690398 1.135005 0.319909
-0.766917 0.962558 0.405045
-0.830383 0.773481 0.481687
-0.880770 0.567811 0.549893
-0.918056 0.345581 0.609735
-0.942751 0.110320 0.661424
-0.957988 -0.116933 0.705817
-0.964322 -0.332664 0.743114
-0.961789 -0.536855 0.773373
-0.950420 -0.729486 0.796646
-0.930244 -0.910539 0.812981
-0.901283 -1.080000 0.822417
-0.863556 -1.237857 0.824991
-0.817077 -1.384103 0.820731
-0.761857 -1.518734 0.809663
-0.697900 -1.641746 0.791807
-0.625211 -1.753142 0.767175
-0.543785 -1.852925 0.735777
-0.453619 -1.941104 0.697616
-0.354700 -2.017688 0.652690
-0.247017 -2.082691 0.600994
-0.130551 -2.136130 0.542514
-0.006050 -2.177893 0.477216
0.114310 -2.205895 0.404788
0.222201 -2.218681 0.324998
0.317660 -2.216221 0.237812
0.400721 -2.198475 0.143212
0.471423 -2.165395 0.041187
0.529656 -2.116418 -0.060779
0.575311 -2.050965 -0.155193
0.608420 -1.968975 -0.242033
0.629013 -1.870397 -0.321263
0.637108 -1.755188 -0.392837
0.632719 -1.623309 -0.456698
0.615855 -1.474724 -0.512779
0.586515 -1.309406 -0.561001
0.544693 -1.127330 -0.601275
0.490375 -0.928477 -0.633501
0.423540 -0.712836 -0.657568
0.344159 -0.480397 -0.673355
0.252192 -0.231159 -0.680727
0.147594 0.034875 -0.679540
0.032070 0.303636 -0.670167
-0.082043 0.559005 -0.653277
-0.184156 0.798926 -0.629180
-0.274285 1.023389 -0.598003
-0.352428 1.232381 -0.559870
-0.418573 1.425894 -0.514893
-0.472704 1.603924 -0.463175
-0.514796 1.766472 -0.404810
-0.544820 1.913542 -0.339882
-0.562742 2.045144 -0.268467
-0.568521 2.161291 -0.190630
-0.562111 2.262000 -0.106428
-0.543461 2.347294 -0.015906
-0.512361 2.416685 0.073400
-0.468585 2.469682 0.153970
-0.412069 2.506299 0.225782
-0.342753 2.526552 0.288826
-0.260586 2.530451 0.343102
-0.165525 2.518001 0.388622
-0.057533 2.489201 0.425408
0.056124 2.445304 0.453915
0.162545 2.388522 0.474912
0.260613 2.319022 0.488476
0.350324 2.236782 0.494614
0.431662 2.141783 0.493329
0.504610 2.034012 0.484616
0.569144 1.913458 0.468469
0.625235 1.780114 0.444873
0.672851 1.633974 0.413808
0.711953 1.475040 0.375248
0.742498 1.303312 0.329163
0.764439 1.118797 0.275514
0.777723 0.921505 0.214258
0.782292 0.711448 0.145345
0.778080 0.488643 0.068720
0.764994 0.253206 -0.014250
0.740883 0.019900 -0.092765
0.703816 -0.196996 -0.163200
0.653855 -0.397457 -0.225630
0.591051 -0.581458 -0.280122
0.515446 -0.748976 -0.326732
0.427074 -0.899994 -0.365504
0.325963 -1.034501 -0.396470
0.212136 -1.152490 -0.419653
0.085607 -1.253960 -0.435061