 0.000000e+00 -1.131370e-03  0.000000e+00  0.000000e+00 -1.663779e-05 -4.274142e-05  1.853130e-05 
-2.084187e-05 -9.732283e-04  5.636357e-06 -1.581414e-04 -1.527957e-05 -4.024942e-05  1.737031e-05 
-3.557087e-05 -8.388508e-04  9.640867e-06 -2.925189e-04 -1.398944e-05 -3.763313e-05  1.618096e-05 
-4.512202e-05 -7.262039e-04  1.226541e-05 -4.051658e-04 -1.278076e-05 -3.497244e-05  1.499377e-05 
-5.034716e-05 -6.333288e-04  1.373839e-05 -4.980409e-04 -1.166383e-05 -3.233606e-05  1.383481e-05 
-5.201650e-05 -5.583509e-04  1.426539e-05 -5.730188e-04 -1.064624e-05 -2.978214e-05  1.272596e-05 
-5.082102e-05 -4.994858e-04  1.403018e-05 -6.318839e-04 -9.733171e-06 -2.735890e-05  1.168518e-05 
-4.737556e-05 -4.550441e-04  1.319568e-05 -6.763256e-04 -8.927690e-06 -2.510534e-05  1.072681e-05 
-4.222250e-05 -4.234351e-04  1.190519e-05 -7.079346e-04 -8.231004e-06 -2.305202e-05  9.861835e-06 
-3.583587e-05 -4.031675e-04  1.028360e-05 -7.282022e-04 -7.642675e-06 -2.122182e-05  9.098225e-06 
-2.862566e-05 -3.928504e-04  8.438691e-06 -7.385193e-04 -7.160842e-06 -1.963065e-05  8.441206e-06 
-2.094242e-05 -3.911926e-04  6.462449e-06 -7.401771e-04 -6.782412e-06 -1.828828e-05  7.893574e-06 
-1.308196e-05 -3.970008e-04  4.432364e-06 -7.343689e-04 -6.503246e-06 -1.719899e-05  7.455986e-06 
-5.289938e-06 -4.091773e-04  2.412738e-06 -7.221924e-04 -6.318331e-06 -1.636232e-05  7.127238e-06 
 2.233457e-06 -4.267175e-04  4.559485e-07 -7.046522e-04 -6.221942e-06 -1.577375e-05  6.904538e-06 
 9.329013e-06 -4.487057e-04 -1.396329e-06 -6.826640e-04 -6.207791e-06 -1.542527e-05  6.783757e-06 
 1.587408e-05 -4.743121e-04 -3.111946e-06 -6.570576e-04 -6.269175e-06 -1.530601e-05  6.759668e-06 
 2.177841e-05 -5.027880e-04 -4.667162e-06 -6.285817e-04 -6.399097e-06 -1.540280e-05  6.826170e-06 
 2.698018e-05 -5.334622e-04 -6.045600e-06 -5.979075e-04 -6.590397e-06 -1.570061e-05  6.976485e-06 
 3.144224e-05 -5.657358e-04 -7.237256e-06 -5.656339e-04 -6.835852e-06 -1.618308e-05  7.203349e-06 
 3.514856e-05 -5.990783e-04 -8.237590e-06 -5.322914e-04 -7.128280e-06 -1.683287e-05  7.499172e-06 
 3.810107e-05 -6.330229e-04 -9.046675e-06 -4.983468e-04 -7.460625e-06 -1.763205e-05  7.856192e-06 
 4.031663e-05 -6.671618e-04 -9.668428e-06 -4.642079e-04 -7.826036e-06 -1.856246e-05  8.266601e-06 
 4.182430e-05 -7.011419e-04 -1.010991e-05 -4.302278e-04 -8.217925e-06 -1.960591e-05  8.722659e-06 
 4.266289e-05 -7.346607e-04 -1.038067e-05 -3.967090e-04 -8.630031e-06 -2.074454e-05  9.216793e-06 
 4.287872e-05 -7.674618e-04 -1.049221e-05 -3.639079e-04 -9.056456e-06 -2.196092e-05  9.741678e-06 
 4.252361e-05 -7.993310e-04 -1.045745e-05 -3.320387e-04 -9.491704e-06 -2.323833e-05  1.029031e-05 
 4.165320e-05 -8.300924e-04 -1.029028e-05 -3.012773e-04 -9.930706e-06 -2.456080e-05  1.085604e-05 
 4.032542e-05 -8.596048e-04 -1.000520e-05 -2.717649e-04 -1.036883e-05 -2.591332e-05  1.143266e-05 
 3.859905e-05 -8.877582e-04 -9.616951e-06 -2.436115e-04 -1.080191e-05 -2.728188e-05  1.201439e-05 
 3.653270e-05 -9.144704e-04 -9.140235e-06 -2.168993e-04 -1.122622e-05 -2.865355e-05  1.259592e-05 
 3.418387e-05 -9.396840e-04 -8.589485e-06 -1.916857e-04 -1.163849e-05 -3.001651e-05  1.317242e-05 
 3.160805e-05 -9.633634e-04 -7.978656e-06 -1.680063e-04 -1.203588e-05 -3.136008e-05  1.373955e-05 
 2.885817e-05 -9.854923e-04 -7.321065e-06 -1.458774e-04 -1.241600e-05 -3.267474e-05  1.429347e-05 
 2.598408e-05 -1.006071e-03 -6.629262e-06 -1.252987e-04 -1.277684e-05 -3.395211e-05  1.483080e-05 
 2.303216e-05 -1.025114e-03 -5.914937e-06 -1.062553e-04 -1.311681e-05 -3.518492e-05  1.534862e-05 
 2.004504e-05 -1.042649e-03 -5.188847e-06 -8.872032e-05 -1.343464e-05 -3.636700e-05  1.584450e-05 
 1.706143e-05 -1.058713e-03 -4.460777e-06 -7.265624e-05 -1.372944e-05 -3.749321e-05  1.631639e-05 
 1.411603e-05 -1.073353e-03 -3.739511e-06 -5.801709e-05 -1.400062e-05 -3.855942e-05  1.676269e-05 
 1.123951e-05 -1.086620e-03 -3.032828e-06 -4.474990e-05 -1.424785e-05 -3.956242e-05  1.718217e-05 
 8.458561e-06 -1.098574e-03 -2.347519e-06 -3.279611e-05 -1.447110e-05 -4.049990e-05  1.757396e-05 
 5.795970e-06 -1.109277e-03 -1.689400e-06 -2.209292e-05 -1.467053e-05 -4.137034e-05  1.793750e-05 
 3.270775e-06 -1.118795e-03 -1.063357e-06 -1.257440e-05 -1.484653e-05 -4.217299e-05  1.827257e-05 
 8.984550e-07 -1.127197e-03 -4.733837e-07 -4.172550e-06 -1.499965e-05 -4.290778e-05  1.857919e-05 
-1.308893e-06 -1.134552e-03  7.736682e-08  3.181822e-06 -1.513059e-05 -4.357523e-05  1.885766e-05 
-3.342352e-06 -1.140928e-03  5.865286e-07  9.558293e-06 -1.524020e-05 -4.417643e-05  1.910847e-05 
-5.195879e-06 -1.146396e-03  1.052459e-06  1.502616e-05 -1.532941e-05 -4.471295e-05  1.933232e-05 
-6.866101e-06 -1.151024e-03  1.474179e-06  1.965384e-05 -1.539925e-05 -4.518677e-05  1.953007e-05 
-8.352071e-06 -1.154878e-03  1.851316e-06  2.350835e-05 -1.545080e-05 -4.560022e-05  1.970272e-05 
-9.654991e-06 -1.158025e-03  2.184031e-06  2.665493e-05 -1.548519e-05 -4.595596e-05  1.985140e-05 
-1.077797e-05 -1.160526e-03  2.472966e-06  2.915664e-05 -1.550359e-05 -4.625686e-05  1.997732e-05 
-1.172577e-05 -1.162444e-03  2.719177e-06  3.107413e-05 -1.550717e-05 -4.650600e-05  2.008177e-05 
-1.250461e-05 -1.163835e-03  2.924079e-06  3.246538e-05 -1.549712e-05 -4.670658e-05  2.016611e-05 
-1.312188e-05 -1.164755e-03  3.089390e-06  3.338556e-05 -1.547460e-05 -4.686194e-05  2.023170e-05 
-1.358596e-05 -1.165257e-03  3.217075e-06  3.388688e-05 -1.544077e-05 -4.697544e-05  2.027997e-05 
-1.390603e-05 -1.165388e-03  3.309301e-06  3.401854e-05 -1.539674e-05 -4.705048e-05  2.031231e-05 
-1.409184e-05 -1.165196e-03  3.368384e-06  3.382665e-05 -1.534360e-05 -4.709044e-05  2.033014e-05 
-1.415360e-05 -1.164724e-03  3.396754e-06  3.335429e-05 -1.528240e-05 -4.709867e-05  2.033483e-05 
-1.410174e-05 -1.164011e-03  3.396910e-06  3.264144e-05 -1.521412e-05 -4.707843e-05  2.032775e-05 
-1.394687e-05 -1.163095e-03  3.371393e-06  3.172511e-05 -1.513972e-05 -4.703292e-05  2.031020e-05 
-1.369954e-05 -1.162009e-03  3.322744e-06  3.063933e-05 -1.506008e-05 -4.696520e-05  2.028346e-05 
-1.337021e-05 -1.160785e-03  3.253483e-06  2.941530e-05 -1.497604e-05 -4.687822e-05  2.024874e-05 
-1.296914e-05 -1.159451e-03  3.166083e-06  2.808143e-05 -1.488838e-05 -4.677479e-05  2.020720e-05 
-1.250626e-05 -1.158033e-03  3.062949e-06  2.666347e-05 -1.479781e-05 -4.665756e-05  2.015993e-05 
-1.199114e-05 -1.156554e-03  2.946397e-06  2.518464e-05 -1.470499e-05 -4.652904e-05  2.010797e-05 
-1.143293e-05 -1.155035e-03  2.818648e-06  2.366574e-05 -1.461053e-05 -4.639156e-05  2.005229e-05 
-1.084026e-05 -1.153495e-03  2.681803e-06  2.212527e-05 -1.451498e-05 -4.624729e-05  1.999376e-05 
-1.022127e-05 -1.151949e-03  2.537843e-06  2.057960e-05 -1.441883e-05 -4.609823e-05  1.993323e-05 
-9.583542e-06 -1.150413e-03  2.388623e-06  1.904303e-05 -1.432251e-05 -4.594622e-05  1.987143e-05 
-8.934083e-06 -1.148898e-03  2.235856e-06  1.752801e-05 -1.422643e-05 -4.579291e-05  1.980906e-05 
-8.279325e-06 -1.147415e-03  2.081124e-06  1.604521e-05 -1.413091e-05 -4.563980e-05  1.974673e-05 
-7.625139e-06 -1.145973e-03  1.925870e-06  1.460368e-05 -1.403626e-05 -4.548824e-05  1.968501e-05 
-6.976808e-06 -1.144581e-03  1.771394e-06  1.321097e-05 -1.394274e-05 -4.533942e-05  1.962436e-05 
-6.339022e-06 -1.143243e-03  1.618864e-06  1.187326e-05 -1.385054e-05 -4.519437e-05  1.956524e-05 
-5.715922e-06 -1.141965e-03  1.469312e-06  1.059547e-05 -1.375985e-05 -4.505398e-05  1.950799e-05 
-5.111127e-06 -1.140751e-03  1.323645e-06  9.381390e-06 -1.367081e-05 -4.491902e-05  1.945294e-05 
-4.527724e-06 -1.139603e-03  1.182641e-06  8.233770e-06 -1.358353e-05 -4.479012e-05  1.940035e-05 
-3.968329e-06 -1.138524e-03  1.046963e-06  7.154441e-06 -1.349809e-05 -4.466779e-05  1.935043e-05 
-3.435059e-06 -1.137514e-03  9.171588e-07  6.144422e-06 -1.341454e-05 -4.455246e-05  1.930335e-05 
-2.929614e-06 -1.136574e-03  7.936738e-07  5.203997e-06 -1.333291e-05 -4.444441e-05  1.925924e-05 
-2.453266e-06 -1.135703e-03  6.768511e-07  4.332809e-06 -1.325322e-05 -4.434385e-05  1.921819e-05 
-2.006948e-06 -1.134900e-03  5.669454e-07  3.529948e-06 -1.317545e-05 -4.425092e-05  1.918024e-05 
-1.591196e-06 -1.134164e-03  4.641257e-07  2.794027e-06 -1.309958e-05 -4.416565e-05  1.914542e-05 
-1.206254e-06 -1.133493e-03  3.684838e-07  2.123247e-06 -1.302557e-05 -4.408802e-05  1.911371e-05 
-8.520869e-07 -1.132885e-03  2.800416e-07  1.515468e-06 -1.295336e-05 -4.401796e-05  1.908510e-05 
-5.283696e-07 -1.132338e-03  1.987592e-07  9.682746e-07 -1.288291e-05 -4.395531e-05  1.905951e-05 
-2.346076e-07 -1.131849e-03  1.245410e-07  4.790196e-07 -1.281413e-05 -4.389990e-05  1.903689e-05 
 2.993644e-08 -1.131415e-03  5.724211e-08  4.488577e-08 -1.274696e-05 -4.385149e-05  1.901712e-05 
 2.661396e-07 -1.131033e-03 -3.324676e-09 -3.370821e-07 -1.268130e-05 -4.380983e-05  1.900012e-05 
 4.750567e-07 -1.130700e-03 -5.738198e-08 -6.699131e-07 -1.261707e-05 -4.377463e-05  1.898575e-05 
 6.578607e-07 -1.130413e-03 -1.051862e-07 -9.566956e-07 -1.255420e-05 -4.374556e-05  1.897391e-05 
 8.158008e-07 -1.130169e-03 -1.470153e-07 -1.200537e-06 -1.249257e-05 -4.372231e-05  1.896444e-05 
 9.502203e-07 -1.129965e-03 -1.831704e-07 -1.404533e-06 -1.243212e-05 -4.370452e-05  1.895721e-05 
 1.062487e-06 -1.129798e-03 -2.139630e-07 -1.571750e-06 -1.237274e-05 -4.369186e-05  1.895208e-05 
 1.154059e-06 -1.129665e-03 -2.397216e-07 -1.705187e-06 -1.231434e-05 -4.368395e-05  1.894890e-05 
 1.226390e-06 -1.129562e-03 -2.607774e-07 -1.807772e-06 -1.225685e-05 -4.368045e-05  1.894753e-05 
 1.280915e-06 -1.129487e-03 -2.774668e-07 -1.882350e-06 -1.220018e-05 -4.368099e-05  1.894782e-05 
 1.319112e-06 -1.129438e-03 -2.901246e-07 -1.931648e-06 -1.214424e-05 -4.368523e-05  1.894963e-05 
 1.342407e-06 -1.129411e-03 -2.990842e-07 -1.958287e-06 -1.208896e-05 -4.369282e-05  1.895282e-05 
 1.352222e-06 -1.129405e-03 -3.046761e-07 -1.964763e-06 -1.203426e-05 -4.370343e-05  1.895725e-05 
 1.349909e-06 -1.129416e-03 -3.072177e-07 -1.953444e-06 -1.198008e-05 -4.371673e-05  1.896280e-05 
 1.336793e-06 -1.129443e-03 -3.070222e-07 -1.926565e-06 -1.192634e-05 -4.373242e-05  1.896932e-05 
 1.314162e-06 -1.129483e-03 -3.043885e-07 -1.886218e-06 -1.187298e-05 -4.375020e-05  1.897671e-05 
 1.283223e-06 -1.129535e-03 -2.996055e-07 -