7.668588e+03 -1.209944e-08 5.245521e-09
7.668583e+03 7.960037e+00 -3.451216e+00
7.668568e+03 1.592006e+01 -6.902427e+00
7.668544e+03 2.388007e+01 -1.035363e+01
7.668509e+03 3.184005e+01 -1.380482e+01
7.668465e+03 3.979998e+01 -1.725599e+01
7.668411e+03 4.775987e+01 -2.070714e+01
7.668347e+03 5.571969e+01 -2.415826e+01
7.668274e+03 6.367944e+01 -2.760935e+01
7.668190e+03 7.163911e+01 -3.106041e+01
7.668097e+03 7.959869e+01 -3.451143e+01
7.667994e+03 8.755817e+01 -3.796240e+01
7.667881e+03 9.551753e+01 -4.141332e+01
7.667758e+03 1.034768e+02 -4.486419e+01
7.667626e+03 1.114359e+02 -4.831501e+01
7.667484e+03 1.193949e+02 -5.176576e+01
7.667331e+03 1.273537e+02 -5.521644e+01
7.667170e+03 1.353123e+02 -5.866706e+01
7.666998e+03 1.432708e+02 -6.211760e+01
7.666816e+03 1.512291e+02 -6.556806e+01
7.666625e+03 1.591872e+02 -6.901844e+01
7.666424e+03 1.671451e+02 -7.246872e+01
7.666213e+03 1.751028e+02 -7.591892e+01
7.665992e+03 1.830602e+02 -7.936902e+01
7.665761e+03 1.910175e+02 -8.281901e+01
7.665521e+03 1.989744e+02 -8.626890e+01
7.665270e+03 2.069312e+02 -8.971868e+01
7.665010e+03 2.148876e+02 -9.316835e+01
7.664740e+03 2.228438e+02 -9.661789e+01
7.664461e+03 2.307997e+02 -1.000673e+02
7.664171e+03 2.387553e+02 -1.035166e+02
7.663872e+03 2.467106e+02 -1.069658e+02
7.663563e+03 2.546656e+02 -1.104148e+02
7.663244e+03 2.626203e+02 -1.138637e+02
7.662915e+03 2.705746e+02 -1.173124e+02
7.662577e+03 2.785286e+02 -1.207610e+02
7.662228e+03 2.864822e+02 -1.242094e+02
7.661870e+03 2.944354e+02 -1.276577e+02
7.661502e+03 3.023883e+02 -1.311058e+02
7.661124e+03 3.103408e+02 -1.345538e+02
7.660737e+03 3.182929e+02 -1.380015e+02
7.660339e+03 3.262446e+02 -1.414491e+02
7.659932e+03 3.341958e+02 -1.448965e+02
7.659515e+03 3.421467e+02 -1.483438e+02
7.659088e+03 3.500971e+02 -1.517908e+02
7.658652e+03 3.580470e+02 -1.552376e+02
7.658205e+03 3.659965e+02 -1.586843e+02
7.657749e+03 3.739456e+02 -1.621307e+02
7.657283e+03 3.818941e+02 -1.655770e+02
7.656807e+03 3.898422e+02 -1.690230e+02
7.656321e+03 3.977897e+02 -1.724688e+02
7.655826e+03 4.057368e+02 -1.759144e+02
7.655321e+03 4.136833e+02 -1.793597e+02
7.654806e+03 4.216293e+02 -1.828049e+02
7.654281e+03 4.295748e+02 -1.862498e+02
7.653746e+03 4.375197e+02 -1.896944e+02
7.653202e+03 4.454640e+02 -1.931388e+02
7.652648e+03 4.534078e+02 -1.965830e+02
7.652084e+03 4.613510e+02 -2.000269e+02
7.651510e+03 4.692936e+02 -2.034706e+02
7.650926e+03 4.772356e+02 -2.069140e+02
7.650333e+03 4.851770e+02 -2.103571e+02
7.649730e+03 4.931178e+02 -2.138000e+02
7.649117e+03 5.010579e+02 -2.172426e+02
7.648494e+03 5.089975e+02 -2.206849e+02
7.647861e+03 5.169363e+02 -2.241269e+02
7.647219e+03 5.248745e+02 -2.275687e+02
7.646567e+03 5.328120e+02 -2.310101e+02
7.645905e+03 5.407489e+02 -2.344513e+02
7.645233e+03 5.486850e+02 -2.378921e+02
7.644552e+03 5.566204e+02 -2.413327e+02
7.643861e+03 5.645552e+02 -2.447729e+02
7.643159e+03 5.724892e+02 -2.482129e+02
7.642449e+03 5.804225e+02 -2.516525e+02
7.641728e+03 5.883550e+02 -2.550918e+02
7.640998e+03 5.962868e+02 -2.585307e+02
7.640257e+03 6.042178e+02 -2.619694e+02
7.639507e+03 6.121480e+02 -2.654077e+02
7.638748e+03 6.200775e+02 -2.688456e+02
7.637978e+03 6.280062e+02 -2.722832e+02
7.637199e+03 6.359340e+02 -2.757205e+02
7.636410e+03 6.438611e+02 -2.791574e+02
7.635611e+03 6.517873e+02 -2.825940e+02
7.634802e+03 6.597127e+02 -2.860302e+02
7.633984e+03 6.676372e+02 -2.894660e+02
7.633156e+03 6.755609e+02 -2.929014e+02
7.632318e+03 6.834838e+02 -2.963365e+02
7.631470e+03 6.914057e+02 -2.997712e+02
7.630613e+03 6.993268e+02 -3.032055e+02
7.629745e+03 7.072469e+02 -3.066395e+02
7.628868e+03 7.151662e+02 -3.100730e+02
7.627982e+03 7.230846e+02 -3.135062e+02
7.627085e+03 7.310020e+02 -3.169389e+02
7.626179e+03 7.389185e+02 -3.203712e+02
7.625263e+03 7.468340e+02 -3.238032e+02
7.624337e+03 7.547486e+02 -3.272347e+02
7.623401e+03 7.626622e+02 -3.306658e+02
7.622456e+03 7.705749e+02 -3.340964e+02
7.621501e+03 7.784865e+02 -3.375267e+02
7.620536e+03 7.863972e+02 -3.409565e+02
7.619561e+03 7.943068e+02 -3.443858e+02
7.618577e+03 8.022155e+02 -3.478148e+02
7.617583e+03 8.1