0.000000e+00 -1.131370e-03 0.000000e+00
-2.084187e-05 -9.732283e-04 5.636357e-06
-3.557087e-05 -8.388508e-04 9.640867e-06
-4.512202e-05 -7.262039e-04 1.226541e-05
-5.034716e-05 -6.333288e-04 1.373839e-05
-5.201650e-05 -5.583509e-04 1.426539e-05
-5.082102e-05 -4.994858e-04 1.403018e-05
-4.737556e-05 -4.550441e-04 1.319568e-05
-4.222250e-05 -4.234351e-04 1.190519e-05
-3.583587e-05 -4.031675e-04 1.028360e-05
-2.862566e-05 -3.928504e-04 8.438691e-06
-2.094242e-05 -3.911926e-04 6.462449e-06
-1.308196e-05 -3.970008e-04 4.432364e-06
-5.289938e-06 -4.091773e-04 2.412738e-06
2.233457e-06 -4.267175e-04 4.559485e-07
9.329013e-06 -4.487057e-04 -1.396329e-06
1.587408e-05 -4.743121e-04 -3.111946e-06
2.177841e-05 -5.027880e-04 -4.667162e-06
2.698018e-05 -5.334622e-04 -6.045600e-06
3.144224e-05 -5.657358e-04 -7.237256e-06
3.514856e-05 -5.990783e-04 -8.237590e-06
3.810107e-05 -6.330229e-04 -9.046675e-06
4.031663e-05 -6.671618e-04 -9.668428e-06
4.182430e-05 -7.011419e-04 -1.010991e-05
4.266289e-05 -7.346607e-04 -1.038067e-05
4.287872e-05 -7.674618e-04 -1.049221e-05
4.252361e-05 -7.993310e-04 -1.045745e-05
4.165320e-05 -8.300924e-04 -1.029028e-05
4.032542e-05 -8.596048e-04 -1.000520e-05
3.859905e-05 -8.877582e-04 -9.616951e-06
3.653270e-05 -9.144704e-04 -9.140235e-06
3.418387e-05 -9.396840e-04 -8.589485e-06
3.160805e-05 -9.633634e-04 -7.978656e-06
2.885817e-05 -9.854923e-04 -7.321065e-06
2.598408e-05 -1.006071e-03 -6.629262e-06
2.303216e-05 -1.025114e-03 -5.914937e-06
2.004504e-05 -1.042649e-03 -5.188847e-06
1.706143e-05 -1.058713e-03 -4.460777e-06
1.411603e-05 -1.073353e-03 -3.739511e-06
1.123951e-05 -1.086620e-03 -3.032828e-06
8.458561e-06 -1.098574e-03 -2.347519e-06
5.795970e-06 -1.109277e-03 -1.689400e-06
3.270775e-06 -1.118795e-03 -1.063357e-06
8.984550e-07 -1.127197e-03 -4.733837e-07
-1.308893e-06 -1.134552e-03 7.736682e-08
-3.342352e-06 -1.140928e-03 5.865286e-07
-5.195879e-06 -1.146396e-03 1.052459e-06
-6.866101e-06 -1.151024e-03 1.474179e-06
-8.352071e-06 -1.154878e-03 1.851316e-06
-9.654991e-06 -1.158025e-03 2.184031e-06
-1.077797e-05 -1.160526e-03 2.472966e-06
-1.172577e-05 -1.162444e-03 2.719177e-06
-1.250461e-05 -1.163835e-03 2.924079e-06
-1.312188e-05 -1.164755e-03 3.089390e-06
-1.358596e-05 -1.165257e-03 3.217075e-06
-1.390603e-05 -1.165388e-03 3.309301e-06
-1.409184e-05 -1.165196e-03 3.368384e-06
-1.415360e-05 -1.164724e-03 3.396754e-06
-1.410174e-05 -1.164011e-03 3.396910e-06
-1.394687e-05 -1.163095e-03 3.371393e-06
-1.369954e-05 -1.162009e-03 3.322744e-06
-1.337021e-05 -1.160785e-03 3.253483e-06
-1.296914e-05 -1.159451e-03 3.166083e-06
-1.250626e-05 -1.158033e-03 3.062949e-06
-1.199114e-05 -1.156554e-03 2.946397e-06
-1.143293e-05 -1.155035e-03 2.818648e-06
-1.084026e-05 -1.153495e-03 2.681803e-06
-1.022127e-05 -1.151949e-03 2.537843e-06
-9.583542e-06 -1.150413e-03 2.388623e-06
-8.934083e-06 -1.148898e-03 2.235856e-06
-8.279325e-06 -1.147415e-03 2.081124e-06
-7.625139e-06 -1.145973e-03 1.925870e-06
-6.976808e-06 -1.144581e-03 1.771394e-06
-6.339022e-06 -1.143243e-03 1.618864e-06
-5.715922e-06 -1.141965e-03 1.469312e-06
-5.111127e-06 -1.140751e-03 1.323645e-06
-4.527724e-06 -1.139603e-03 1.182641e-06
-3.968329e-06 -1.138524e-03 1.046963e-06
-3.435059e-06 -1.137514e-03 9.171588e-07
-2.929614e-06 -1.136574e-03 7.936738e-07
-2.453266e-06 -1.135703e-03 6.768511e-07
-2.006948e-06 -1.134900e-03 5.669454e-07
-1.591196e-06 -1.134164e-03 4.641257e-07
-1.206254e-06 -1.133493e-03 3.684838e-07
-8.520869e-07 -1.132885e-03 2.800416e-07
-5.283696e-07 -1.132338e-03 1.987592e-07
-2.346076e-07 -1.131849e-03 1.245410e-07
2.993644e-08 -1.131415e-03 5.724211e-08
2.661396e-07 -1.131033e-03 -3.324676e-09
4.750567e-07 -1.130700e-03 -5.738198e-08
6.578607e-07 -1.130413e-03 -1.051862e-07
8.158008e-07 -1.130169e-03 -1.470153e-07
9.502203e-07 -1.129965e-03 -1.831704e-07
1.062487e-06 -1.129798e-03 -2.139630e-07
1.154059e-06 -1.129665e-03 -2.397216e-07
1.226390e-06 -1.129562e-03 -2.607774e-07
1.280915e-06 -1.129487e-03 -2.774668e-07
1.319112e-06 -1.129438e-03 -2.901246e-07
1.342407e-06 -1.129411e-03 -2.990842e-07
1.352222e-06 -1.129405e-03 -3.046761e-07
1.349909e-06 -1.129416e-03 -3.072177e-07
1.336793e-06 -1.129443e-03 -3.070222e-07
1.314162e-06 -1.129483e-03 -3.043885e-07
1.283223e-06 -1.129535e-03 -2.996055e-07
1.245127e-06 -1.129597e-03 -2.929454e-07
1.200973e-06 -1.129666e-03 -2.846691e-07
1.151766e-06 -1.129742e-03 -2.750212e-07
1.098483e-06 -1.129823e-03 -2.642311e-07
1.041997e-06 -1.129908e-03 -2.525121e-07
9.831134e-07 -1.129995e-03 -2.400628e-07
9.225956e-07 -1.130084e-03 -2.270644e-07
8.611171e-07 -1.130174e-03 -2.136849e-07
7.993025e-07 -1.130263e-03 -2.000753e-07
7.376776e-07 -1.130351e-03 -1.863717e-07
6.767374e-07 -1.130437e-03 -1.726972e-07
6.169108e-07 -1.130522e-03 -1.591597e-07
5.585733e-07 -1.130603e-03 -1.458557e-07
5.020334e-07 -1.130682e-03 -1.328683e-07
4.475725e-07 -1.130757e-03 -1.202685e-07
3.954194e-07 -1.130829e-03 -1.081171e-07
3.457353e-07 -1.130897e-03 -9.646105e-08
2.986609e-07 -1.130961e-03 -8.534321e-08
2.542880e-07 -1.131021e-03 -7.479296e-08
2.127014e-07 -1.131077e-03 -6.483510e-08
1.739378e-07 -1.131130e-03 -5.548439e-08
1.379974e-07 -1.131178e-03 -4.674954e-08
1.048793e-07 -1.131222e-03 -3.863340e-08
7.452080e-08 -1.131262e-03 -3.113397e-08
4.687746e-08 -1.131298e-03 -2.424070e-08
2.187989e-08 -1.131331e-03 -1.794322e-08
-5.623793e-10 -1.131361e-03 -1.222939e-08
-2.055592e-08 -1.131387e-03 -7.077996e-09
-3.819372e-08 -1.131410e-03 -2.471058e-09
-5.361437e-08 -1.131430e-03 1.619058e-09
-6.691397e-08 -1.131447e-03 5.216503e-09
-7.822587e-08 -1.131462e-03 8.344378e-09
-8.768437e-08 -1.131474e-03 1.103154e-08
-9.541053e-08 -1.131484e-03 1.330588e-08
-1.015357e-07 -1.131492e-03 1.519515e-08
-1.061953e-07 -1.131498e-03 1.672520e-08
-1.095099e-07 -1.131502e-03 1.792822e-08
-1.116053e-07 -1.131504e-03 1.882704e-08
-1.126064e-07 -1.131506e-03 1.945089e-08
-1.126122e-07 -1.131506e-03 1.982198e-08
-1.117483e-07 -1.131505e-03 1.996967e-08
-1.101322e-07 -1.131503e-03 1.992252e-08
-1.078363e-07 -1.131500e-03 1.969390e-08
-1.049733e-07 -1.131496e-03 1.931213e-08
-1.016183e-07 -1.131492e-03 1.879519e-08
-9.785548e-08 -1.131487e-03 1.816283e-08
-9.376505e-08 -1.131482e-03 1.743524e-08
-8.942972e-08 -1.131477e-03 1.662828e-08
-8.490208e-08 -1.131471e-03 1.575446e-08
-8.024612e-08 -1.131465e-03 1.483458e-08
-7.551070e-08 -1.131459e-03 1.387712e-08
-7.074713e-08 -1.131453e-03 1.289485e-08
-6.599729e-08 -1.131448e-03 1.189959e-08
-6.131138e-08 -1.131442e-03 1.090083e-08
-5.669852e-08 -1.131436e-03 9.905383e-09
-5.220827e-08 -1.131430e-03 8.923192e-09
-4.785301e-08 -1.131425e-03 7.962580e-09
-4.364822e-08 -1.131420e-03 7.024348e-09
-3.962842e-08 -1.131415e-03 6.116132e-09
-3.578844e-08 -1.131410e-03 5.243848e-09
-3.215998e-08 -1.131406e-03 4.410280e-09
-2.873553e-08 -1.131402e-03 3.616814e-09
-2.553163e-08 -1.131398e-03 2.864400e-09
-2.254495e-08 -1.131394e-03 2.155146e-09
-1.977060e-08 -1.131390e-03 1.488312e-09
-1.721615e-08 -1.131387e-03 8.699093e-10
-1.487689e-08 -1.131384e-03 2.956938e-10
-1.273799e-08 -1.131382e-03 -2.368874e-10
-1.080630e-08 -1.131379e-03 -7.224192e-10
-9.062185e-09 -1.131377e-03 -1.169375e-09
-7.510982e-09 -1.131375e-03 -1.572790e-09
-6.143882e-09 -1.131373e-03 -1.937450e-09
-4.952592e-09 -1.131372e-03 -2.260836e-09
-3.922344e-09 -1.131371e-03 -2.548464e-09
-3.035837e-09 -1.131369e-03 -2.801763e-09
-2.287137e-09 -1.131368e-03 -3.020638e-09
-1.679895e-09 -1.131368e-03 -3.209409e-09
-1.197519e-09 -1.131367e-03 -3.369691e-09
-8.103111e-10 -1.131366e-03 -3.503119e-09
-5.362567e-10 -1.131366e-03 -3.610222e-09
-3.553030e-10 -1.131366e-03 -3.696405e-09
-2.575894e-10 -1.131366e-03 -3.758615e-09
-2.326944e-10 -1.131365e-03 -3.802176e-09
-2.735572e-10 -1.131365e-03 -3.827358e-09
-3.785123e-10 -1.131366e-03 -3.839549e-09
-5.415628e-10 -1.131366e-03 -3.837527e-09
-7.381359e-10 -1.131366e-03 -3.823278e-09
-9.795664e-10 -1.131366e-03 -3.799398e-09
-1.257114e-09 -1.131366e-03 -3.763482e-09
-1.562603e-09 -1.131367e-03 -3.720325e-09
-1.877868e-09 -1.131367e-03 -3.671065e-09
-2.212104e-09 -1.131367e-03 -3.615549e-09
-2.550110e-09 -1.131368e-03 -3.557615e-09
-2.900885e-09 -1.131368e-03 -3.496946e-09
-3.254278e-09 -1.131368e-03 -3.431426e-09
-3.598438e-09 -1.131369e-03 -3.366783e-09
-3.948130e-09 -1.131369e-03 -3.300940e-09
-4.293206e-09 -1.131369e-03 -3.235305e-09
-4.632617e-09 -1.131370e-03 -3.166248e-09
-4.956802e-09 -1.131370e-03 -3.100338e-09
-5.263476e-09 -1.131370e-03 -3.038006e-09
-5.567757e-09 -1.131371e-03 -2.977487e-09
-5.852967e-09 -1.131371e-03 -2.918520e-09
-6.116965e-09 -1.131371e-03 -2.861939e-09
-6.382515e-09 -1.131371e-03 -2.805156e-09
-6.616150e-09 -1.131372e-03 -2.753095e-09
-6.836925e-09 -1.131372e-03 -2.705428e-09
-7.048374e-09 -1.131372e-03 -2.661136e-09
-7.238154e-09 -1.131372e-03 -2.616664e-09
-7.408374e-09 -1.131372e-03 -2.576398e-09
-7.569379e-09 -1.131373e-03 -2.539640e-09
-7.714535e-09 -1.131373e-03 -2.505572e-09
-7.852473e-09 -1.131373e-03 -2.474822e-09
-7.967985e-09 -1.131373e-03 -2.447517e-09
-8.076559e-09 -1.131373e-03 -2.423028e-09
-8.165675e-09 -1.131373e-03 -2.400622e-09
-8.247237e-09 -1.131373e-03 -2.381376e-09
-8.319622e-09 -1.131373e-03 -2.364684e-09
-8.379741e-09 -1.131373e-03 -2.352171e-09
-8.429983e-09 -1.131373e-03 -2.340566e-09
-8.477938e-09 -1.131373e-03 -2.330521e-09
-8.501312e-09 -1.131373e-03 -2.319651e-09
-8.531260e-09 -1.131373e-03 -2.314185e-09
-8.558381e-09 -1.131373e-03 -2.309499e-09
-8.557902e-09 -1.131373e-03 -2.306440e-09
-8.555151e-09 -1.131373e-03 -2.308240e-09
-8.550521e-09 -1.131373e-03 -2.312541e-09
-8.546216e-09 -1.131373e-03 -2.316842e-09
-8.538395e-09 -1.131373e-03 -2.321964e-09
-8.530029e-09 -1.131373e-03 -2.322452e-09
-8.507636e-09 -1.131373e-03 -2.326623e-09
-8.489349e-09 -1.131373e-03 -2.328326e-09
-8.468258e-09 -1.131373e-03 -2.336628e-09
-8.439723e-09 -1.131373e-03 -2.344959e-09
-8.407988e-09 -1.131373e-03 -2.352266e-09
-8.384956e-09 -1.131373e-03 -2.357388e-09
-8.361116e-09 -1.131373e-03 -2.362778e-09
-8.331109e-09 -1.131372e-03 -2.369000e-09
-8.299591e-09 -1.131372e-03 -2.375863e-09
-8.265822e-09 -1.131372e-03 -2.379615e-09
-8.237738e-09 -1.131372e-03 -2.387801e-09
-8.208837e-09 -1.131372e-03 -2.396705e-09
-8.175010e-09 -1.131372e-03 -2.408863e-09
-8.148163e-09 -1.131372e-03 -2.416148e-09
-8.130933e-09 -1.131372e-03 -2.425694e-09
-8.095628e-09 -1.131372e-03 -2.435933e-09
-8.072264e-09 -1.131372e-03 -2.445719e-09
-8.042080e-09 -1.131372e-03 -2.458520e-09
-8.025721e-09 -1.131372e-03 -2.469623e-09
-7.993359e-09 -1.131372e-03 -2.482417e-09
-7.978365e-09 -1.131372e-03 -2.491953e-09
-7.960385e-09 -1.131372e-03 -2.500456e-09
-7.940234e-09 -1.131371e-03 -2.501697e-09
-7.928637e-09 -1.131371e-03 -2.506063e-09
-7.910486e-09 -1.131371e-03 -2.510281e-09
-7.895905e-09 -1.131371e-03 -2.514926e-09
-7.880024e-09 -1.131371e-03 -2.521078e-09
-7.858293e-09 -1.131371e-03 -2.526776e-09
-7.844617e-09 -1.131371e-03 -2.529495e-09
-7.822901e-09 -1.131371e-03 -2.535268e-09
-7.817893e-09 -1.131371e-03 -2.540181e-09
-7.800913e-09 -1.131371e-03 -2.545441e-09
-7.784925e-09 -1.131371e-03 -2.548326e-09
-7.774685e-09 -1.131371e-03 -2.553225e-09
-7.760434e-09 -1.131371e-03 -2.558661e-09
-7.749619e-09 -1.131371e-03 -2.564674e-09
-7.742558e-09 -1.131371e-03 -2.563288e-09
-7.726900e-09 -1.131371e-03 -2.569211e-09
-7.719489e-09 -1.131371e-03 -2.572441e-09
-7.705921e-09 -1.131371e-03 -2.572828e-09
-7.695230e-09 -1.131371e-03 -2.574227e-09
-7.680409e-09 -1.131371e-03 -2.576799e-09
-7.679039e-09 -1.131371e-03 -2.583215e-09
-7.661120e-09 -1.131371e-03 -2.585993e-09
-7.660911e-09 -1.131371e-03 -2.585904e-09
-7.651956e-09 -1.131370e-03 -2.588481e-09
-7.641961e-09 -1.131370e-03 -2.595348e-09
-7.629482e-09 -1.131370e-03 -2.595309e-09
-7.616594e-09 -1.131370e-03 -2.604502e-09
-7.615201e-09 -1.131370e-03 -2.606909e-09
-7.607434e-09 -1.131370e-03 -2.611688e-09
-7.592814e-09 -1.131370e-03 -2.614106e-09
-7.578965e-09 -1.131370e-03 -2.614690e-09
-7.571553e-09 -1.131370e-03 -2.616736e-09
-7.559617e-09 -1.131370e-03 -2.619922e-09
-7.548637e-09 -1.131370e-03 -2.629614e-09
-7.544367e-09 -1.131370e-03 -2.634836e-09
-7.519035e-09 -1.131370e-03 -2.642743e-09
-7.511963e-09 -1.131370e-03 -2.646829e-09
-7.491745e-09 -1.131370e-03 -2.653881e-09
-7.482437e-09 -1.131370e-03 -2.654534e-09
-7.475634e-09 -1.131370e-03 -2.655558e-09
-7.465380e-09 -1.131370e-03 -2.655823e-09
-7.454925e-09 -1.131370e-03 -2.659283e-09
-7.442192e-09 -1.131370e-03 -2.664358e-09
-7.424018e-09 -1.131370e-03 -2.671778e-09
-7.414668e-09 -1.131370e-03 -2.675932e-09
-7.396149e-09 -1.131370e-03 -2.679177e-09
-7.384747e-09 -1.131370e-03 -2.683294e-09
-7.368107e-09 -1.131370e-03 -2.690419e-09
-7.356647e-09 -1.131370e-03 -2.691451e-09
-7.342470e-09 -1.131369e-03 -2.694137e-09
-7.318099e-09 -1.131369e-03 -2.702097e-09
-7.301413e-09 -1.131369e-03 -2.706419e-09
-7.276590e-09 -1.131369e-03 -2.705022e-09
-7.257847e-09 -1.131369e-03 -2.712648e-09
-7.237522e-09 -1.131369e-03 -2.714854e-09
-7.226654e-09 -1.131369e-03 -2.716618e-09
-7.206338e-09 -1.131369e-03 -2.716952e-09
-7.182787e-09 -1.131369e-03 -2.727141e-09
-7.172042e-09 -1.131369e-03 -2.733408e-09
-7.174809e-09 -1.131369e-03 -2.738975e-09
-7.156237e-09 -1.131369e-03 -2.742561e-09
-7.128963e-09 -1.131369e-03 -2.748774e-09
-7.116839e-09 -1.131369e-03 -2.750612e-09
-7.096637e-09 -1.131369e-03 -2.754683e-09
-7.072664e-09 -1.131369e-03 -2.756716e-09
-7.054488e-09 -1.131369e-03 -2.754999e-09
-7.036251e-09 -1.131369e-03 -2.759416e-09
-7.025812e-09 -1.131369e-03 -2.767600e-09
-7.007052e-09 -1.131369e-03 -2.770147e-09
-6.979900e-09 -1.131369e-03 -2.775651e-09
-6.960381e-09 -1.131369e-03 -2.782523e-09
-6.951533e-09 -1.131369e-03 -2.785633e-09
-6.935281e-09 -1.131369e-03 -2.792539e-09
-6.912020e-09 -1.131369e-03 -2.795122e-09
-6.900760e-09 -1.131369e-03 -2.794874e-09
-6.875914e-09 -1.131369e-03 -2.798015e-09
-6.861216e-09 -1.131368e-03 -2.801659e-09
-6.835247e-09 -1.131368e-03 -2.806500e-09
-6.821930e-09 -1.131368e-03 -2.805739e-09
-6.795859e-09 -1.131368e-03 -2.802833e-09
-6.767139e-09 -1.131368e-03 -2.801192e-09
-6.753285e-09 -1.131368e-03 -2.801393e-09
-6.727745e-09 -1.131368e-03 -2.803580e-09
-6.707568e-09 -1.131368e-03 -2.808851e-09
-6.685791e-09 -1.131368e-03 -2.807553e-09
-6.659895e-09 -1.131368e-03 -2.809224e-09
-6.633913e-09 -1.131368e-03 -2.811658e-09
-6.623069e-09 -1.131368e-03 -2.817860e-09
-6.606928e-09 -1.131368e-03 -2.826442e-09
-6.586020e-09 -1.131368e-03 -2.833237e-09
-6.561595e-09 -1.131368e-03 -2.843350e-09
-6.537300e-09 -1.131368e-03 -2.857075e-09
-6.515317e-09 -1.131368e-03 -2.857070e-09
-6.500537e-09 -1.131368e-03 -2.858187e-09
-6.487051e-09 -1.131368e-03 -2.853195e-09
-6.466048e-09 -1.131368e-03 -2.852824e-09
-6.442614e-09 -1.131368e-03 -2.859792e-09
-6.427952e-09 -1.131368e-03 -2.863321e-09
-6.405981e-09 -1.131368e-03 -2.869903e-09
-6.391522e-09 -1.131368e-03 -2.870208e-09
-6.357039e-09 -1.131368e-03 -2.875585e-09
-6.335315e-09 -1.131368e-03 -2.871095e-09
-6.310602e-09 -1.131368e-03 -2.876154e-09
-6.280623e-09 -1.131368e-03 -2.874692e-09
-6.258837e-09 -1.131368e-03 -2.872812e-09
-6.238647e-09 -1.131367e-03 -2.881820e-09
-6.211063e-09 -1.131367e-03 -2.886463e-09
-6.183793e-09 -1.131367e-03 -2.888236e-09
-6.163072e-09 -1.131367e-03 -2.890780e-09
-6.136277e-09 -1.131367e-03 -2.898494e-09
-6.110681e-09 -1.131367e-03 -2.900741e-09
-6.090366e-09 -1.131367e-03 -2.906918e-09
-6.068840e-09 -1.131367e-03 -2.909826e-09
-6.037569e-09 -1.131367e-03 -2.921205e-09
-6.006988e-09 -1.131367e-03 -2.928169e-09
-5.980868e-09 -1.131367e-03 -2.918063e-09
-5.961989e-09 -1.131367e-03 -2.925322e-09
-5.934460e-09 -1.131367e-03 -2.926001e-09
-5.912556e-09 -1.131367e-03 -2.925897e-09
-5.889789e-09 -1.131367e-03 -2.933208e-09
-5.867442e-09 -1.131367e-03 -2.938975e-09
-5.850223e-09 -1.131367e-03 -2.933247e-09
-5.822288e-09 -1.131367e-03 -2.926140e-09
-5.801055e-09 -1.131367e-03 -2.929636e-09
-5.786467e-09 -1.131367e-03 -2.933995e-09
-5.759338e-09 -1.131367e-03 -2.939999e-09
-5.736495e-09 -1.131367e-03 -2.935516e-09
-5.716951e-09 -1.131367e-03 -2.931568e-09
-5.682476e-09 -1.131367e-03 -2.934431e-09
-5.658070e-09 -1.131367e-03 -2.931315e-09
-5.633693e-09 -1.131367e-03 -2.934092e-09
-5.614470e-09 -1.131367e-03 -2.928385e-09
-5.579675e-09 -1.131367e-03 -2.925830e-09
-5.546582e-09 -1.131367e-03 -2.924761e-09
-5.522696e-09 -1.131367e-03 -2.923490e-09
-5.497054e-09 -1.131367e-03 -2.919985e-09
-5.474385e-09 -1.131366e-03 -2.921477e-09
-5.442020e-09 -1.131366e-03 -2.933278e-09
-5.427825e-09 -1.131366e-03 -2.937036e-09
-5.406353e-09 -1.131366e-03 -2.938123e-09
-5.378531e-09 -1.131366e-03 -2.944239e-09
-5.357620e-09 -1.131366e-03 -2.952653e-09
-5.331927e-09 -1.131366e-03 -2.953226e-09
-5.307342e-09 -1.131366e-03 -2.946798e-09
-5.279597e-09 -1.131366e-03 -2.955572e-09
-5.255195e-09 -1.131366e-03 -2.959615e-09
-5.215655e-09 -1.131366e-03 -2.965406e-09
-5.181822e-09 -1.131366e-03 -2.957112e-09
-5.147933e-09 -1.131366e-03 -2.953742e-09
-5.118362e-09 -1.131366e-03 -2.956574e-09
-5.092676e-09 -1.131366e-03 -2.961890e-09
-5.066268e-09 -1.131366e-03 -2.969384e-09
-5.035152e-09 -1.131366e-03 -2.977994e-09
-5.003900e-09 -1.131366e-03 -2.977925e-09
-4.975119e-09 -1.131366e-03 -2.979958e-09
-4.949355e-09 -1.131366e-03 -2.977790e-09
-4.926153e-09 -1.131366e-03 -2.987950e-09
-4.897654e-09 -1.131366e-03 -2.981953e-09
-4.872579e-09 -1.131366e-03 -2.974672e-09
-4.843437e-09 -1.131366e-03 -2.978178e-09
-4.817697e-09 -1.131366e-03 -2.986017e-09
-4.787081e-09 -1.131366e-03 -2.986891e-09
-4.751688e-09 -1.131366e-03 -2.984016e-09
-4.721836e-09 -1.131366e-03 -2.982189e-09
-4.696559e-09 -1.131366e-03 -2.979592e-09
-4.664982e-09 -1.131366e-03 -2.978061e-09
-4.634845e-09 -1.131366e-03 -2.973711e-09
-4.608207e-09 -1.131365e-03 -2.974772e-09
-4.578897e-09 -1.131365e-03 -2.969081e-09
-4.566739e-09 -1.131365e-03 -2.969144e-09
-4.537199e-09 -1.131365e-03 -2.977017e-09
-4.500073e-09 -1.131365e-03 -2.988150e-09
-4.477386e-09 -1.131365e-03 -2.993454e-09
-4.451529e-09 -1.131365e-03 -2.992655e-09
-4.413360e-09 -1.131365e-03 -2.988066e-09
-4.374301e-09 -1.131365e-03 -2.983022e-09
-4.339369e-09 -1.131365e-03 -2.988288e-09
-4.318353e-09 -1.131365e-03 -2.990251e-09
-4.283500e-09 -1.131365e-03 -2.991517e-09
-4.248521e-09 -1.131365e-03 -2.997233e-09
-4.227005e-09 -1.131365e-03 -2.994718e-09
-4.197609e-09 -1.131365e-03 -2.992612e-09
-4.168991e-09 -1.131365e-03 -2.987245e-09
-4.145196e-09 -1.131365e-03 -2.987801e-09
-4.111719e-09 -1.131365e-03 -2.981471e-09
-4.084509e-09 -1.131365e-03 -2.982936e-09
-4.049383e-09 -1.131365e-03 -2.989074e-09
-4.013654e-09 -1.131365e-03 -2.981877e-09
-3.973672e-09 -1.131365e-03 -2.975549e-09
-3.945770e-09 -1.131365e-03 -2.988724e-09
-3.915969e-09 -1.131365e-03 -2.979418e-09
-3.886506e-09 -1.131365e-03 -2.977001e-09
-3.855878e-09 -1.131365e-03 -2.968812e-09
-3.827192e-09 -1.131365e-03 -2.966184e-09
-3.791351e-09 -1.131365e-03 -2.972591e-09
-3.756414e-09 -1.131365e-03 -2.971275e-09
-3.723817e-09 -1.131365e-03 -2.967827e-09
-3.698169e-09 -1.131365e-03 -2.969184e-09
-3.673355e-09 -1.131365e-03 -2.973302e-09
-3.648183e-09 -1.131365e-03 -2.965690e-09
-3.609107e-09 -1.131365e-03 -2.966174e-09
-3.580936e-09 -1.131365e-03 -2.962566e-09
-3.550890e-09 -1.131364e-03 -2.964398e-09
-3.519130e-09 -1.131364e-03 -2.965146e-09
-3.486320e-09 -1.131364e-03 -2.960092e-09
-3.465864e-09 -1.131364e-03 -2.964955e-09
-3.445596e-09 -1.131364e-03 -2.966238e-09
-3.409184e-09 -1.131364e-03 -2.962956e-09
-3.389008e-09 -1.131364e-03 -2.966350e-09
-3.352465e-09 -1.131364e-03 -2.955887e-09
-3.309498e-09 -1.131364e-03 -2.956101e-09
-3.271502e-09 -1.131364e-03 -2.952387e-09
-3.240600e-09 -1.131364e-03 -2.955946e-09
-3.218600e-09 -1.131364e-03 -2.947656e-09
-3.187142e-09 -1.131364e-03 -2.935522e-09
-3.155156e-09 -1.131364e-03 -2.934546e-09
-3.124926e-09 -1.131364e-03 -2.938074e-09
-3.087241e-09 -1.131364e-03 -2.929048e-09
-3.055723e-09 -1.131364e-03 -2.925177e-09
-3.019477e-09 -1.131364e-03 -2.917545e-09
-2.987765e-09 -1.131364e-03 -2.912296e-09
-2.958681e-09 -1.131364e-03 -2.909684e-09
-2.922311e-09 -1.131364e-03 -2.912506e-09
-2.878312e-09 -1.131364e-03 -2.917264e-09
-2.853677e-09 -1.131364e-03 -2.919695e-09
-2.822531e-09 -1.131364e-03 -2.915732e-09
-2.793390e-09 -1.131364e-03 -2.921620e-09
-2.755623e-09 -1.131364e-03 -2.914516e-09
-2.734649e-09 -1.131364e-03 -2.903428e-09
-2.700048e-09 -1.131364e-03 -2.905417e-09
-2.660019e-09 -1.131364e-03 -2.899729e-09
-2.632941e-09 -1.131364e-03 -2.897025e-09
-2.596299e-09 -1.131364e-03 -2.902868e-09
-2.569451e-09 -1.131364e-03 -2.901933e-09
-2.543843e-09 -1.131364e-03 -2.897554e-09
-2.512840e-09 -1.131364e-03 -2.893254e-09
-2.472720e-09 -1.131364e-03 -2.881489e-09
-2.441595e-09 -1.131364e-03 -2.878153e-09
-2.418830e-09 -1.131363e-03 -2.877236e-09
-2.385110e-09 -1.131363e-03 -2.867250e-09
-2.346604e-09 -1.131363e-03 -2.857453e-09
-2.314670e-09 -1.131363e-03 -2.854313e-09
-2.278331e-09 -1.131363e-03 -2.858233e-09
-2.246794e-09 -1.131363e-03 -2.863750e-09
-2.207391e-09 -1.131363e-03 -2.855923e-09
-2.177759e-09 -1.131363e-03 -2.856109e-09
-2.143648e-09 -1.131363e-03 -2.857182e-09
-2.112223e-09 -1.131363e-03 -2.843435e-09
-2.086219e-09 -1.131363e-03 -2.839419e-09
-2.041074e-09 -1.131363e-03 -2.843020e-09
-2.015389e-09 -1.131363e-03 -2.842175e-09
-1.980668e-09 -1.131363e-03 -2.845151e-09
-1.946452e-09 -1.131363e-03 -2.835758e-09
-1.913048e-09 -1.131363e-03 -2.840604e-09
-1.885136e-09 -1.131363e-03 -2.840379e-09
-1.854864e-09 -1.131363e-03 -2.836276e-09
-1.816156e-09 -1.131363e-03 -2.838960e-09
-1.780323e-09 -1.131363e-03 -2.831797e-09
-1.744452e-09 -1.131363e-03 -2.826551e-09
-1.710571e-09 -1.131363e-03 -2.811667e-09
-1.677473e-09 -1.131363e-03 -2.797457e-09
-1.644786e-09 -1.131363e-03 -2.786119e-09
-1.610062e-09 -1.131363e-03 -2.776083e-09
-1.578457e-09 -1.131363e-03 -2.776148e-09
-1.548317e-09 -1.131363e-03 -2.776388e-09
-1.519623e-09 -1.131363e-03 -2.772849e-09
-1.488988e-09 -1.131363e-03 -2.760580e-09
-1.456239e-09 -1.131363e-03 -2.745089e-09
-1.422822e-09 -1.131363e-03 -2.737511e-09
-1.396035e-09 -1.131363e-03 -2.731119e-09
-1.364351e-09 -1.131363e-03 -2.726032e-09
-1.331852e-09 -1.131363e-03 -2.717204e-09
-1.302814e-09 -1.131363e-03 -2.710897e-09
-1.258343e-09 -1.131363e-03 -2.699160e-09
-1.221240e-09 -1.131363e-03 -2.688267e-09
-1.185844e-09 -1.131363e-03 -2.683979e-09
-1.151817e-09 -1.131363e-03 -2.676929e-09
-1.120404e-09 -1.131362e-03 -2.668472e-09
-1.085092e-09 -1.131362e-03 -2.663736e-09
-1.052614e-09 -1.131362e-03 -2.660536e-09
-1.014365e-09 -1.131362e-03 -2.656133e-09
-9.859091e-10 -1.131362e-03 -2.647899e-09
-9.488613e-10 -1.131362e-03 -2.640721e-09
-9.202991e-10 -1.131362e-03 -2.633910e-09
-8.920012e-10 -1.131362e-03 -2.624308e-09
-8.565600e-10 -1.131362e-03 -2.622011e-09
-8.266093e-10 -1.131362e-03 -2.620397e-09
-7.881294e-10 -1.131362e-03 -2.616821e-09
-7.524589e-10 -1.131362e-03 -2.609027e-09
-7.186906e-10 -1.131362e-03 -2.602606e-09
-6.797354e-10 -1.131362e-03 -2.594835e-09
-6.496702e-10 -1.131362e-03 -2.592598e-09
-6.221184e-10 -1.131362e-03 -2.587160e-09
-5.844847e-10 -1.131362e-03 -2.582055e-09
-5.604692e-10 -1.131362e-03 -2.568631e-09
-5.199569e-10 -1.131362e-03 -2.567336e-09
-4.787716e-10 -1.131362e-03 -2.553126e-09
-4.580695e-10 -1.131362e-03 -2.547517e-09
-4.249031e-10 -1.131362e-03 -2.541062e-09
-4.032756e-10 -1.131362e-03 -2.522800e-09
-3.834125e-10 -1.131362e-03 -2.514653e-09
-3.471007e-10 -1.131362e-03 -2.519786e-09
-3.111188e-10 -1.131362e-03 -2.516038e-09
-2.796840e-10 -1.131362e-03 -2.505897e-09
-2.409014e-10 -1.131362e-03 -2.492839e-09
-2.103047e-10 -1.131362e-03 -2.484443e-09
-1.734853e-10 -1.131362e-03 -2.475791e-09
-1.370140e-10 -1.131362e-03 -2.469015e-09
-1.149043e-10 -1.131362e-03 -2.451654e-09
-7.550676e-11 -1.131362e-03 -2.440746e-09
-4.528716e-11 -1.131362e-03 -2.430948e-09
-1.684642e-11 -1.131362e-03 -2.428802e-09
2.087669e-11 -1.131362e-03 -2.414721e-09
5.962824e-11 -1.131362e-03 -2.401466e-09
9.226167e-11 -1.131362e-03 -2.395655e-09
1.252149e-10 -1.131362e-03 -2.387163e-09
1.527101e-10 -1.131362e-03 -2.375844e-09
1.829997e-10 -1.131362e-03 -2.370039e-09
2.307105e-10 -1.131362e-03 -2.364473e-09
2.551113e-10 -1.131361e-03 -2.341912e-09
2.829944e-10 -1.131361e-03 -2.333881e-09
3.174023e-10 -1.131361e-03 -2.328237e-09
3.528327e-10 -1.131361e-03 -2.325700e-09
3.811937e-10 -1.131361e-03 -2.316533e-09
4.168428e-10 -1.131361e-03 -2.305870e-09
4.419277e-10 -1.131361e-03 -2.295123e-09
4.761522e-10 -1.131361e-03 -2.285524e-09
5.189085e-10 -1.131361e-03 -2.277795e-09
5.495541e-10 -1.131361e-03 -2.272819e-09
5.834039e-10 -1.131361e-03 -2.268560e-09
6.118895e-10 -1.131361e-03 -2.249455e-09
6.445100e-10 -1.131361e-03 -2.242657e-09
6.820682e-10 -1.131361e-03 -2.234914e-09
7.173140e-10 -1.131361e-03 -2.227217e-09
7.507971e-10 -1.131361e-03 -2.209394e-09
7.834288e-10 -1.131361e-03 -2.194429e-09
8.128469e-10 -1.131361e-03 -2.188550e-09
8.353189e-10 -1.131361e-03 -2.177295e-09
8.588414e-10 -1.131361e-03 -2.167068e-09
8.882046e-10 -1.131361e-03 -2.159740e-09
9.150192e-10 -1.131361e-03 -2.156359e-09
9.504533e-10 -1.131361e-03 -2.148912e-09
9.861292e-10 -1.131361e-03 -2.144668e-09
1.010504e-09 -1.131361e-03 -2.133375e-09
1.041280e-09 -1.131361e-03 -2.120858e-09
1.074155e-09 -1.131361e-03 -2.114210e-09
1.105333e-09 -1.131361e-03 -2.095958e-09
1.144304e-09 -1.131361e-03 -2.084508e-09
1.169196e-09 -1.131361e-03 -2.063126e-09
1.201301e-09 -1.131361e-03 -2.041752e-09
1.229064e-09 -1.131361e-03 -2.033657e-09
1.259125e-09 -1.131361e-03 -2.014356e-09
1.298885e-09 -1.131361e-03 -2.004786e-09
1.333102e-09 -1.131361e-03 -1.986399e-09
1.361534e-09 -1.131361e-03 -1.968260e-09
1.395055e-09 -1.131361e-03 -1.951939e-09
1.430827e-09 -1.131361e-03 -1.941233e-09
1.453780e-09 -1.131361e-03 -1.926254e-09
1.486480e-09 -1.131361e-03 -1.911299e-09
1.515965e-09 -1.131361e-03 -1.903446e-09
1.542730e-09 -1.131361e-03 -1.890025e-09
1.574501e-09 -1.131361e-03 -1.886876e-09
1.601883e-09 -1.131360e-03 -1.865920e-09
1.628757e-09 -1.131360e-03 -1.849233e-09
1.663572e-09 -1.131360e-03 -1.825466e-09
1.700577e-09 -1.131360e-03 -1.816877e-09
1.730324e-09 -1.131360e-03 -1.807116e-09
1.756492e-09 -1.131360e-03 -1.793596e-09
1.791833e-09 -1.131360e-03 -1.784146e-09
1.833440e-09 -1.131360e-03 -1.773510e-09
1.854979e-09 -1.131360e-03 -1.760187e-09
1.877067e-09 -1.131360e-03 -1.744223e-09
1.913228e-09 -1.131360e-03 -1.730312e-09
1.944092e-09 -1.131360e-03 -1.721589e-09
1.972038e-09 -1.131360e-03 -1.708698e-09
2.002707e-09 -1.131360e-03 -1.704321e-09
2.032402e-09 -1.131360e-03 -1.703310e-09
2.062166e-09 -1.131360e-03 -1.690873e-09
2.096697e-09 -1.131360e-03 -1.672448e-09
2.124472e-09 -1.131360e-03 -1.660086e-09
2.146507e-09 -1.131360e-03 -1.643697e-09
2.173642e-09 -1.131360e-03 -1.624348e-09
2.202870e-09 -1.131360e-03 -1.614002e-09
2.225581e-09 -1.131360e-03 -1.599121e-09
2.253799e-09 -1.131360e-03 -1.582136e-09
2.291131e-09 -1.131360e-03 -1.571843e-09
2.316311e-09 -1.131360e-03 -1.566439e-09
2.338920e-09 -1.131360e-03 -1.546705e-09
2.372234e-09 -1.131360e-03 -1.527877e-09
2.398917e-09 -1.131360e-03 -1.506976e-09
2.430098e-09 -1.131360e-03 -1.491036e-09
2.458992e-09 -1.131360e-03 -1.480633e-09
2.494325e-09 -1.131360e-03 -1.463421e-09
2.520994e-09 -1.131360e-03 -1.450760e-09
2.558286e-09 -1.131360e-03 -1.440542e-09
2.589989e-09 -1.131360e-03 -1.418359e-09
2.621450e-09 -1.131360e-03 -1.412518e-09
2.639142e-09 -1.131360e-03 -1.390038e-09
2.658212e-09 -1.131360e-03 -1.371938e-09
2.680237e-09 -1.131360e-03 -1.359868e-09
2.720460e-09 -1.131360e-03 -1.345906e-09
2.742674e-09 -1.131360e-03 -1.322225e-09
2.765621e-09 -1.131360e-03 -1.308685e-09
2.797357e-09 -1.131360e-03 -1.293770e-09
2.818566e-09 -1.131360e-03 -1.278418e-09
2.843253e-09 -1.131360e-03 -1.266477e-09
2.877508e-09 -1.131360e-03 -1.249280e-09
2.905498e-09 -1.131360e-03 -1.239971e-09
2.932852e-09 -1.131360e-03 -1.221623e-09
2.956231e-09 -1.131360e-03 -1.203864e-09
2.989298e-09 -1.131359e-03 -1.181882e-09
3.025388e-09 -1.131359e-03 -1.169334e-09
3.055487e-09 -1.131359e-03 -1.151318e-09
3.082814e-09 -1.131359e-03 -1.127745e-09
3.114256e-09 -1.131359e-03 -1.105946e-09
3.134942e-09 -1.131359e-03 -1.088131e-09
3.163368e-09 -1.131359e-03 -1.068035e-09
3.183727e-09 -1.131359e-03 -1.050250e-09
3.193053e-09 -1.131359e-03 -1.040378e-09
3.227181e-09 -1.131359e-03 -1.030684e-09
3.260394e-09 -1.131359e-03 -1.009622e-09
3.299696e-09 -1.131359e-03 -9.881714e-10
3.318444e-09 -1.131359e-03 -9.727618e-10
3.344141e-09 -1.131359e-03 -9.562558e-10
3.372463e-09 -1.131359e-03 -9.384144e-10
3.395329e-09 -1.131359e-03 -9.198042e-10
3.427541e-09 -1.131359e-03 -9.025178e-10
3.455148e-09 -1.131359e-03 -8.828268e-10
3.466028e-09 -1.131359e-03 -8.594563e-10
3.492534e-09 -1.131359e-03 -8.365235e-10
3.516426e-09 -1.131359e-03 -8.192296e-10
3.529464e-09 -1.131359e-03 -8.016460e-10
3.545437e-09 -1.131359e-03 -7.831130e-10
3.578853e-09 -1.131359e-03 -7.668657e-10
3.599463e-09 -1.131359e-03 -7.516998e-10
3.619358e-09 -1.131359e-03 -7.311171e-10
3.637294e-09 -1.131359e-03 -7.064625e-10
3.656911e-09 -1.131359e-03 -6.833419e-10
3.678036e-09 -1.131359e-03 -6.660724e-10
3.707934e-09 -1.131359e-03 -6.526932e-10
3.733907e-09 -1.131359e-03 -6.294744e-10
3.749133e-09 -1.131359e-03 -6.132952e-10
3.778403e-09 -1.131359e-03 -5.873432e-10
3.800845e-09 -1.131359e-03 -5.661458e-10
3.824564e-09 -1.131359e-03 -5.500569e-10
3.850101e-09 -1.131359e-03 -5.211770e-10
3.870131e-09 -1.131359e-03 -5.093440e-10
3.887365e-09 -1.131359e-03 -4.916949e-10
3.904934e-09 -1.131359e-03 -4.706237e-10
3.934112e-09 -1.131359e-03 -4.538279e-10
3.956372e-09 -1.131359e-03 -4.400449e-10
3.984779e-09 -1.131359e-03 -4.288121e-10
4.009367e-09 -1.131359e-03 -4.159218e-10
4.020237e-09 -1.131359e-03 -3.949964e-10
4.052522e-09 -1.131359e-03 -3.814957e-10
4.070583e-09 -1.131359e-03 -3.584458e-10
4.091022e-09 -1.131359e-03 -3.375795e-10
4.115474e-09 -1.131359e-03 -3.139163e-10
4.134216e-09 -1.131359e-03 -2.927000e-10
4.153448e-09 -1.131359e-03 -2.680507e-10
4.176367e-09 -1.131359e-03 -2.519369e-10
4.206304e-09 -1.131359e-03 -2.320131e-10
4.230670e-09 -1.131359e-03 -2.181505e-10
4.247267e-09 -1.131359e-03 -1.949842e-10
4.271704e-09 -1.131359e-03 -1.736386e-10
4.287265e-09 -1.131359e-03 -1.527563e-10
4.306013e-09 -1.131358e-03 -1.256381e-10
4.327044e-09 -1.131358e-03 -1.032783e-10
4.350352e-09 -1.131358e-03 -8.510604e-11
4.371008e-09 -1.131358e-03 -7.160387e-11
4.384932e-09 -1.131358e-03 -4.549757e-11
4.411337e-09 -1.131358e-03 -2.240043e-11
4.440959e-09 -1.131358e-03 1.084497e-12
4.459488e-09 -1.131358e-03 2.689702e-11
4.477933e-09 -1.131358e-03 4.843896e-11
4.499029e-09 -1.131358e-03 6.715698e-11
4.516516e-09 -1.131358e-03 9.435265e-11
4.533660e-09 -1.131358e-03 1.178621e-10
4.551015e-09 -1.131358e-03 1.401362e-10
4.575376e-09 -1.131358e-03 1.636872e-10
4.595606e-09 -1.131358e-03 1.888115e-10
4.612985e-09 -1.131358e-03 2.073682e-10
4.624476e-09 -1.131358e-03 2.151672e-10
4.634922e-09 -1.131358e-03 2.404528e-10
4.665096e-09 -1.131358e-03 2.503445e-10
4.678875e-09 -1.131358e-03 2.814418e-10
4.693431e-09 -1.131358e-03 2.958765e-10
4.711664e-09 -1.131358e-03 3.155672e-10
4.734856e-09 -1.131358e-03 3.363100e-10
4.754219e-09 -1.131358e-03 3.613652e-10
4.778502e-09 -1.131358e-03 3.813432e-10
4.790999e-09 -1.131358e-03 4.054280e-10
4.812505e-09 -1.131358e-03 4.218845e-10
4.836337e-09 -1.131358e-03 4.511753e-10
4.852578e-09 -1.131358e-03 4.789924e-10
4.859363e-09 -1.131358e-03 5.022765e-10
4.873071e-09 -1.131358e-03 5.282792e-10
4.882720e-09 -1.131358e-03 5.522494e-10
4.897570e-09 -1.131358e-03 5.740374e-10
4.918984e-09 -1.131358e-03 5.985607e-10
4.941002e-09 -1.131358e-03 6.164293e-10
4.952133e-09 -1.131358e-03 6.415616e-10
4.964366e-09 -1.131358e-03 6.645531e-10
4.985417e-09 -1.131358e-03 6.922913e-10
4.999359e-09 -1.131358e-03 7.153453e-10
5.011505e-09 -1.131358e-03 7.295345e-10
5.030148e-09 -1.131358e-03 7.500202e-10
5.053710e-09 -1.131358e-03 7.809879e-10
5.062743e-09 -1.131358e-03 8.029585e-10
5.072045e-09 -1.131358e-03 8.338128e-10
5.084779e-09 -1.131358e-03 8.518506e-10
5.089300e-09 -1.131358e-03 8.681134e-10
5.104017e-09 -1.131358e-03 8.913889e-10
5.127113e-09 -1.131358e-03 9.152590e-10
5.142683e-09 -1.131358e-03 9.459271e-10
5.160289e-09 -1.131358e-03 9.709885e-10
5.173613e-09 -1.131358e-03 9.972789e-10
5.182423e-09 -1.131358e-03 1.029067e-09
5.196911e-09 -1.131358e-03 1.051649e-09
5.202911e-09 -1.131358e-03 1.082426e-09
5.211250e-09 -1.131358e-03 1.105735e-09
5.216709e-09 -1.131358e-03 1.131672e-09
5.229964e-09 -1.131358e-03 1.147719e-09
5.246047e-09 -1.131358e-03 1.169541e-09
5.256062e-09 -1.131358e-03 1.198874e-09
5.263898e-09 -1.131358e-03 1.224143e-09
5.283727e-09 -1.131358e-03 1.239860e-09
5.294721e-09 -1.131358e-03 1.271847e-09
5.297792e-09 -1.131358e-03 1.291579e-09
5.308493e-09 -1.131358e-03 1.321644e-09
5.327252e-09 -1.131358e-03 1.341211e-09
5.345961e-09 -1.131358e-03 1.363195e-09
5.369957e-09 -1.131358e-03 1.385373e-09
5.370259e-09 -1.131358e-03 1.415342e-09
5.380940e-09 -1.131357e-03 1.439089e-09
5.387020e-09 -1.131357e-03 1.466698e-09
5.400441e-09 -1.131357e-03 1.483423e-09
5.413876e-09 -1.131357e-03 1.517568e-09
5.429573e-09 -1.131357e-03 1.545118e-09
5.433011e-09 -1.131357e-03 1.580846e-09
5.437800e-09 -1.131357e-03 1.601354e-09
5.451711e-09 -1.131357e-03 1.617136e-09
5.456434e-09 -1.131357e-03 1.638306e-09
5.474577e-09 -1.131357e-03 1.653703e-09
5.481738e-09 -1.131357e-03 1.677232e-09
5.490230e-09 -1.131357e-03 1.698083e-09
5.500291e-09 -1.131357e-03 1.724936e-09
5.502863e-09 -1.131357e-03 1.755930e-09
5.513334e-09 -1.131357e-03 1.781391e-09
5.525558e-09 -1.131357e-03 1.797670e-09
5.532104e-09 -1.131357e-03 1.827844e-09
5.552094e-09 -1.131357e-03 1.848825e-09
5.556092e-09 -1.131357e-03 1.880117e-09
5.560022e-09 -1.131357e-03 1.906241e-09
5.569743e-09 -1.131357e-03 1.930307e-09
5.574097e-09 -1.131357e-03 1.956276e-09
5.578858e-09 -1.131357e-03 1.983965e-09
5.582812e-09 -1.131357e-03 2.011847e-09
5.593172e-09 -1.131357e-03 2.028556e-09
5.596264e-09 -1.131357e-03 2.050477e-09
5.602454e-09 -1.131357e-03 2.082488e-09
5.607332e-09 -1.131357e-03 2.112742e-09
5.617384e-09 -1.131357e-03 2.136068e-09
5.618702e-09 -1.131357e-03 2.158035e-09
5.622798e-09 -1.131357e-03 2.180982e-09
5.618338e-09 -1.131357e-03 2.216479e-09
5.631412e-09 -1.131357e-03 2.243003e-09
5.635382e-09 -1.131357e-03 2.272009e-09
5.634550e-09 -1.131357e-03 2.296585e-09
5.640618e-09 -1.131357e-03 2.325815e-09
5.643353e-09 -1.131357e-03 2.351271e-09
5.641574e-09 -1.131357e-03 2.383965e-09
5.654255e-09 -1.131357e-03 2.420550e-09
5.662041e-09 -1.131357e-03 2.443585e-09
5.660401e-09 -1.131357e-03 2.469783e-09
5.653674e-09 -1.131357e-03 2.499240e-09
5.658546e-09 -1.131357e-03 2.526483e-09
5.672197e-09 -1.131357e-03 2.552630e-09
5.674416e-09 -1.131357e-03 2.575781e-09
5.684775e-09 -1.131357e-03 2.608901e-09
5.683177e-09 -1.131357e-03 2.625917e-09
5.692004e-09 -1.131357e-03 2.647957e-09
5.686459e-09 -1.131357e-03 2.685553e-09
5.689637e-09 -1.131357e-03 2.711480e-09
5.691664e-09 -1.131357e-03 2.738819e-09
5.696076e-09 -1.131357e-03 2.768386e-09
5.695616e-09 -1.131357e-03 2.790553e-09
5.697683e-09 -1.131357e-03 2.808153e-09
5.702393e-09 -1.131357e-03 2.835159e-09
5.698226e-09 -1.131357e-03 2.851912e-09
5.707383e-09 -1.131357e-03 2.882999e-09
5.709745e-09 -1.131357e-03 2.908331e-09
5.713698e-09 -1.131357e-03 2.935186e-09
5.715157e-09 -1.131357e-03 2.961977e-09
5.710324e-09 -1.131357e-03 2.989145e-09
5.706510e-09 -1.131357e-03 3.021944e-09
5.713983e-09 -1.131357e-03 3.051287e-09
5.711496e-09 -1.131357e-03 3.082908e-09
5.700365e-09 -1.131357e-03 3.108222e-09
5.707067e-09 -1.131357e-03 3.136193e-09
5.704158e-09 -1.131357e-03 3.161820e-09
5.704463e-09 -1.131357e-03 3.185176e-09
5.700876e-09 -1.131357e-03 3.217876e-09
5.697538e-09 -1.131357e-03 3.243068e-09
5.697093e-09 -1.131357e-03 3.272469e-09
5.692546e-09 -1.131357e-03 3.295931e-09
5.690038e-09 -1.131357e-03 3.320269e-09
5.697300e-09 -1.131357e-03 3.341245e-09
5.697871e-09 -1.131357e-03 3.366767e-09
5.702693e-09 -1.131357e-03 3.397887e-09
5.689733e-09 -1.131357e-03 3.422670e-09
5.690738e-09 -1.131357e-03 3.452216e-09
5.686503e-09 -1.131357e-03 3.479877e-09
5.692736e-09 -1.131357e-03 3.505523e-09
5.688699e-09 -1.131357e-03 3.526850e-09
5.687760e-09 -1.131357e-03 3.554700e-09
5.683556e-09 -1.131357e-03 3.576440e-09
5.677800e-09 -1.131357e-03 3.602771e-09
5.671649e-09 -1.131357e-03 3.636916e-09
5.662205e-09 -1.131357e-03 3.667053e-09
5.659053e-09 -1.131357e-03 3.696214e-09
5.658022e-09 -1.131357e-03 3.727336e-09
5.653794e-09 -1.131357e-03 3.749187e-09
5.653626e-09 -1.131357e-03 3.772381e-09
5.647872e-09 -1.131357e-03 3.788630e-09
5.639550e-09 -1.131357e-03 3.811535e-09
5.639923e-09 -1.131357e-03 3.847608e-09
5.627935e-09 -1.131357e-03 3.875866e-09
5.615747e-09 -1.131357e-03 3.899550e-09
5.607544e-09 -1.131357e-03 3.924461e-09
5.597012e-09 -1.131357e-03 3.954582e-09
5.597771e-09 -1.131357e-03 3.983106e-09
5.599816e-09 -1.131357e-03 4.008791e-09
5.583696e-09 -1.131357e-03 4.034483e-09
5.575170e-09 -1.131357e-03 4.062440e-09
5.572277e-09 -1.131357e-03 4.088901e-09
5.564878e-09 -1.131357e-03 4.116229e-09
5.558716e-09 -1.131357e-03 4.142719e-09
5.560071e-09 -1.131357e-03 4.172409e-09
5.556454e-09 -1.131357e-03 4.200774e-09
5.548113e-09 -1.131357e-03 4.225493e-09
5.543994e-09 -1.131357e-03 4.251982e-09
5.536677e-09 -1.131357e-03 4.286562e-09
5.525693e-09 -1.131357e-03 4.312973e-09
5.511931e-09 -1.131357e-03 4.341157e-09
5.500398e-09 -1.131357e-03 4.366764e-09
5.492449e-09 -1.131357e-03 4.398099e-09
5.480290e-09 -1.131357e-03 4.416481e-09
5.476462e-09 -1.131357e-03 4.444186e-09
5.477338e-09 -1.131357e-03 4.480100e-09
5.465586e-09 -1.131357e-03 4.504206e-09
5.455219e-09 -1.131357e-03 4.532065e-09
5.449251e-09 -1.131357e-03 4.551835e-09
5.435471e-09 -1.131357e-03 4.589681e-09
5.435107e-09 -1.131357e-03 4.622178e-09
5.421509e-09 -1.131357e-03 4.648929e-09
5.412604e-09 -1.131357e-03 4.670545e-09
5.392704e-09 -1.131357e-03 4.699224e-09
5.372159e-09 -1.131357e-03 4.716313e-09
5.364293e-09 -1.131357e-03 4.742590e-09
5.358728e-09 -1.131357e-03 4.771928e-09
5.348564e-09 -1.131357e-03 4.806972e-09
5.344855e-09 -1.131357e-03 4.835369e-09
5.331684e-09 -1.131357e-03 4.855228e-09
5.321461e-09 -1.131357e-03 4.883249e-09
5.310922e-09 -1.131357e-03 4.906506e-09
5.306050e-09 -1.131357e-03 4.940382e-09
5.298165e-09 -1.131357e-03 4.969188e-09
5.281293e-09 -1.131357e-03 4.995347e-09
5.271413e-09 -1.131357e-03 5.028660e-09
5.259223e-09 -1.131357e-03 5.054920e-09
5.241444e-09 -1.131357e-03 5.068635e-09
5.217102e-09 -1.131357e-03 5.091566e-09
5.208266e-09 -1.131357e-03 5.124429e-09
5.193010e-09 -1.131357e-03 5.146186e-09
5.179802e-09 -1.131357e-03 5.171587e-09
5.168479e-09 -1.131357e-03 5.199514e-09
5.152486e-09 -1.131357e-03 5.224730e-09
5.144510e-09 -1.131357e-03 5.243439e-09
5.127205e-09 -1.131357e-03 5.275525e-09
5.121984e-09 -1.131357e-03 5.308706e-09
5.108338e-09 -1.131357e-03 5.326442e-09
5.090515e-09 -1.131357e-03 5.353578e-09
5.081059e-09 -1.131357e-03 5.384998e-09
5.061911e-09 -1.131357e-03 5.414929e-09
5.042714e-09 -1.131357e-03 5.441943e-09
5.039129e-09 -1.131357e-03 5.467297e-09
5.019714e-09 -1.131357e-03 5.499633e-09
5.007777e-09 -1.131357e-03 5.525184e-09
4.983474e-09 -1.131357e-03 5.559617e-09
4.977798e-09 -1.131357e-03 5.580855e-09
4.966371e-09 -1.131357e-03 5.599026e-09
4.953480e-09 -1.131357e-03 5.624337e-09
4.928166e-09 -1.131357e-03 5.654971e-09
4.914519e-09 -1.131357e-03 5.675663e-09
4.890965e-09 -1.131357e-03 5.696838e-09
4.881633e-09 -1.131357e-03 5.727686e-09
4.872570e-09 -1.131357e-03 5.753419e-09
4.849362e-09 -1.131357e-03 5.782619e-09
4.824618e-09 -1.131357e-03 5.809950e-09
4.800981e-09 -1.131357e-03 5.827579e-09
4.792316e-09 -1.131357e-03 5.847441e-09
4.774371e-09 -1.131357e-03 5.876110e-09
4.748547e-09 -1.131357e-03 5.902667e-09
4.733035e-09 -1.131357e-03 5.922031e-09
4.717416e-09 -1.131357e-03 5.943951e-09
4.695612e-09 -1.131357e-03 5.973022e-09
4.671767e-09 -1.131357e-03 6.006461e-09
4.662435e-09 -1.131357e-03 6.031020e-09
4.635063e-09 -1.131357e-03 6.061629e-09
4.622719e-09 -1.131357e-03 6.090806e-09
4.604144e-09 -1.131357e-03 6.114397e-09
4.585769e-09 -1.131357e-03 6.143772e-09
4.560823e-09 -1.131357e-03 6.172922e-09
4.545075e-09 -1.131357e-03 6.199493e-09
4.524601e-09 -1.131357e-03 6.235421e-09
4.509689e-09 -1.131357e-03 6.251332e-09
4.496222e-09 -1.131357e-03 6.274891e-09
4.473047e-09 -1.131357e-03 6.304129e-09
4.454588e-09 -1.131357e-03 6.326148e-09
4.438249e-09 -1.131357e-03 6.362413e-09
4.403629e-09 -1.131357e-03 6.388500e-09
4.391187e-09 -1.131357e-03 6.406450e-09
4.377928e-09 -1.131357e-03 6.434911e-09
4.359839e-09 -1.131357e-03 6.464674e-09
4.345477e-09 -1.131357e-03 6.483830e-09
4.318066e-09 -1.131357e-03 6.506925e-09
4.300728e-09 -1.131357e-03 6.525754e-09
4.283865e-09 -1.131357e-03 6.557954e-09
4.262946e-09 -1.131357e-03 6.578358e-09
4.244521e-09 -1.131357e-03 6.608096e-09
4.216904e-09 -1.131357e-03 6.629192e-09
4.189745e-09 -1.131357e-03 6.660283e-09
4.178379e-09 -1.131357e-03 6.687787e-09
4.153201e-09 -1.131357e-03 6.712739e-09
4.131346e-09 -1.131357e-03 6.732803e-09
4.103285e-09 -1.131357e-03 6.754688e-09
4.080283e-09 -1.131357e-03 6.777694e-09
4.069893e-09 -1.131357e-03 6.797093e-09
4.055029e-09 -1.131357e-03 6.822868e-09
4.033642e-09 -1.131357e-03 6.838965e-09
4.015610e-09 -1.131357e-03 6.858467e-09
3.995832e-09 -1.131357e-03 6.881532e-09
3.967252e-09 -1.131357e-03 6.917506e-09
3.942217e-09 -1.131357e-03 6.935370e-09
3.919620e-09 -1.131357e-03 6.965128e-09
3.896916e-09 -1.131357e-03 6.987621e-09
3.877553e-09 -1.131357e-03 7.017911e-09
3.843911e-09 -1.131357e-03 7.049066e-09
3.821144e-09 -1.131357e-03 7.068458e-09
3.808999e-09 -1.131357e-03 7.083905e-09
3.783200e-09 -1.131357e-03 7.110396e-09
3.758595e-09 -1.131357e-03 7.137877e-09
3.735842e-09 -1.131357e-03 7.155055e-09
3.709456e-09 -1.131357e-03 7.180898e-09
3.686688e-09 -1.131357e-03 7.200940e-09
3.671810e-09 -1.131357e-03 7.224812e-09
3.656065e-09 -1.131357e-03 7.246374e-09
3.635831e-09 -1.131357e-03 7.271967e-09
3.607706e-09 -1.131357e-03 7.304649e-09
3.576823e-09 -1.131357e-03 7.327738e-09
3.550784e-09 -1.131357e-03 7.357196e-09
3.520371e-09 -1.131357e-03 7.372352e-09
3.505294e-09 -1.131357e-03 7.399525e-09
3.481370e-09 -1.131357e-03 7.422094e-09
3.459525e-09 -1.131357e-03 7.447035e-09
3.434890e-09 -1.131357e-03 7.473580e-09
3.405195e-09 -1.131357e-03 7.490484e-09
3.376125e-09 -1.131357e-03 7.514635e-09
3.349065e-09 -1.131357e-03 7.535579e-09
3.319746e-09 -1.131357e-03 7.563742e-09
3.293971e-09 -1.131357e-03 7.579936e-09
3.259502e-09 -1.131357e-03 7.593127e-09
3.242329e-09 -1.131358e-03 7.621759e-09
3.208443e-09 -1.131358e-03 7.641364e-09
3.186023e-09 -1.131358e-03 7.674376e-09
3.160668e-09 -1.131358e-03 7.697580e-09
3.134962e-09 -1.131358e-03 7.721429e-09
3.102858e-09 -1.131358e-03 7.738282e-09
3.074974e-09 -1.131358e-03 7.765015e-09
3.042829e-09 -1.131358e-03 7.786405e-09
3.015570e-09 -1.131358e-03 7.811481e-09
2.985368e-09 -1.131358e-03 7.834305e-09
2.965142e-09 -1.131358e-03 7.853690e-09
2.933041e-09 -1.131358e-03 7.869989e-09
2.905907e-09 -1.131358e-03 7.890329e-09
2.880723e-09 -1.131358e-03 7.911737e-09
2.864686e-09 -1.131358e-03 7.942236e-09
2.841378e-09 -1.131358e-03 7.964825e-09
2.820271e-09 -1.131358e-03 7.988700e-09
2.784768e-09 -1.131358e-03 8.009393e-09
2.762767e-09 -1.131358e-03 8.026165e-09
2.735249e-09 -1.131358e-03 8.043856e-09
2.712671e-09 -1.131358e-03 8.074036e-09
2.681501e-09 -1.131358e-03 8.092572e-09
2.653746e-09 -1.131358e-03 8.110316e-09
2.629446e-09 -1.131358e-03 8.139092e-09
2.600769e-09 -1.131358e-03 8.164543e-09
2.577930e-09 -1.131358e-03 8.179365e-09
2.550056e-09 -1.131358e-03 8.203073e-09
2.520268e-09 -1.131358e-03 8.220237e-09
2.490420e-09 -1.131358e-03 8.247841e-09
2.454773e-09 -1.131358e-03 8.269915e-09
2.427839e-09 -1.131358e-03 8.290398e-09
2.395828e-09 -1.131358e-03 8.313963e-09
2.363753e-09 -1.131358e-03 8.330312e-09
2.336946e-09 -1.131358e-03 8.347371e-09
2.310370e-09 -1.131358e-03 8.362031e-09
2.280852e-09 -1.131358e-03 8.379934e-09
2.254267e-09 -1.131358e-03 8.395405e-09
2.225522e-09 -1.131358e-03 8.425217e-09
2.193074e-09 -1.131358e-03 8.441499e-09
2.162476e-09 -1.131358e-03 8.453722e-09
2.138722e-09 -1.131358e-03 8.470062e-09
2.109110e-09 -1.131358e-03 8.484598e-09
2.075395e-09 -1.131358e-03 8.504344e-09
2.045118e-09 -1.131358e-03 8.520445e-09
2.015537e-09 -1.131358e-03 8.550213e-09
1.986343e-09 -1.131358e-03 8.580800e-09
1.955884e-09 -1.131358e-03 8.601482e-09
1.922780e-09 -1.131358e-03 8.625982e-09
1.899169e-09 -1.131358e-03 8.644249e-09
1.871431e-09 -1.131358e-03 8.661346e-09
1.840458e-09 -1.131358e-03 8.681615e-09
1.813583e-09 -1.131358e-03 8.694288e-09
1.787893e-09 -1.131358e-03 8.714251e-09
1.757940e-09 -1.131358e-03 8.738921e-09
1.723834e-09 -1.131358e-03 8.761224e-09
1.696183e-09 -1.131358e-03 8.777014e-09
1.667268e-09 -1.131358e-03 8.795803e-09
1.637084e-09 -1.131358e-03 8.820152e-09
1.601294e-09 -1.131358e-03 8.838044e-09
1.568845e-09 -1.131358e-03 8.865459e-09
1.534999e-09 -1.131358e-03 8.887586e-09
1.506310e-09 -1.131358e-03 8.909187e-09
1.479197e-09 -1.131358e-03 8.921750e-09
1.455734e-09 -1.131359e-03 8.945092e-09
1.424748e-09 -1.131359e-03 8.958524e-09
1.397823e-09 -1.131359e-03 8.964677e-09
1.374968e-09 -1.131359e-03 8.980946e-09
1.336520e-09 -1.131359e-03 8.992531e-09
1.298463e-09 -1.131359e-03 9.002718e-09
1.270452e-09 -1.131359e-03 9.024716e-09
1.236517e-09 -1.131359e-03 9.047470e-09
1.211631e-09 -1.131359e-03 9.067868e-09
1.173233e-09 -1.131359e-03 9.093530e-09
1.139962e-09 -1.131359e-03 9.102854e-09
1.106885e-09 -1.131359e-03 9.119520e-09
1.068786e-09 -1.131359e-03 9.139820e-09
1.047167e-09 -1.131359e-03 9.158965e-09
1.010597e-09 -1.131359e-03 9.177200e-09
9.778608e-10 -1.131359e-03 9.203371e-09
9.537373e-10 -1.131359e-03 9.219566e-09
9.199615e-10 -1.131359e-03 9.243076e-09
8.913757e-10 -1.131359e-03 9.253222e-09
8.549494e-10 -1.131359e-03 9.273400e-09
8.256217e-10 -1.131359e-03 9.293414e-09
7.902309e-10 -1.131359e-03 9.307150e-09
7.653423e-10 -1.131359e-03 9.329460e-09
7.360947e-10 -1.131359e-03 9.355905e-09
7.049916e-10 -1.131359e-03 9.368826e-09
6.691453e-10 -1.131359e-03 9.386029e-09
6.364963e-10 -1.131359e-03 9.403844e-09
5.995253e-10 -1.131359e-03 9.419188e-09
5.714920e-10 -1.131359e-03 9.429407e-09
5.360106e-10 -1.131359e-03 9.444190e-09
5.067683e-10 -1.131359e-03 9.466825e-09
4.717480e-10 -1.131359e-03 9.475973e-09
4.399499e-10 -1.131359e-03 9.496023e-09
4.108452e-10 -1.131359e-03 9.516766e-09
3.820558e-10 -1.131359e-03 9.529074e-09
3.538003e-10 -1.131359e-03 9.539412e-09
3.254600e-10 -1.131359e-03 9.553061e-09
2.906555e-10 -1.131359e-03 9.570398e-09
2.664713e-10 -1.131359e-03 9.592680e-09
2.371864e-10 -1.131359e-03 9.607692e-09
2.061936e-10 -1.131359e-03 9.631370e-09
1.691530e-10 -1.131359e-03 9.636841e-09
1.392828e-10 -1.131359e-03 9.643658e-09
1.094202e-10 -1.131359e-03 9.666193e-09
8.260312e-11 -1.131359e-03 9.684947e-09
5.029267e-11 -1.131359e-03 9.704721e-09
1.599373e-11 -1.131359e-03 9.717569e-09
-1.374710e-11 -1.131359e-03 9.738333e-09
-4.133691e-11 -1.131360e-03 9.748043e-09
-7.181979e-11 -1.131360e-03 9.761148e-09
-1.077228e-10 -1.131360e-03 9.778464e-09
-1.412513e-10 -1.131360e-03 9.788885e-09
-1.785004e-10 -1.131360e-03 9.807924e-09
-2.098324e-10 -1.131360e-03 9.824068e-09
-2.441404e-10 -1.131360e-03 9.836520e-09
-2.761125e-10 -1.131360e-03 9.846846e-09
-3.054579e-10 -1.131360e-03 9.858028e-09
-3.389684e-10 -1.131360e-03 9.872071e-09
-3.690995e-10 -1.131360e-03 9.882024e-09
-4.029628e-10 -1.131360e-03 9.901259e-09
-4.357004e-10 -1.131360e-03 9.915339e-09
-4.721213e-10 -1.131360e-03 9.927418e-09
-5.028183e-10 -1.131360e-03 9.948419e-09
-5.349995e-10 -1.131360e-03 9.963512e-09
-5.634847e-10 -1.131360e-03 9.964775e-09
-5.976869e-10 -1.131360e-03 9.977339e-09
-6.355538e-10 -1.131360e-03 9.987477e-09
-6.701698e-10 -1.131360e-03 1.001232e-08
-6.994766e-10 -1.131360e-03 1.002984e-08
-7.345047e-10 -1.131360e-03 1.004094e-08
-7.645543e-10 -1.131360e-03 1.006142e-08
-7.961276e-10 -1.131360e-03 1.006831e-08
1.869144e-05 -1.373427e-03 -5.608738e-06
1.665534e-05 -1.611394e-03 -4.849622e-06
1.181068e-05 -1.848842e-03 -3.317721e-06
7.839727e-06 -2.086505e-03 -2.098067e-06
5.102423e-06 -2.324453e-03 -1.268686e-06
3.318189e-06 -2.562628e-03 -7.310795e-07
2.180079e-06 -2.800970e-03 -3.867654e-07
-2.027068e-05 -2.881118e-03 5.570581e-06
-4.264118e-05 -2.638571e-03 1.116174e-05
-3.462373e-05 -2.401962e-03 8.843011e-06
-2.385575e-05 -2.165845e-03 5.988837e-06
-1.559910e-05 -1.929193e-03 3.854338e-06
-1.002267e-05 -1.691977e-03 2.423042e-06
-6.416934e-06 -1.454335e-03 1.495355e-06
-4.123687e-06 -1.216398e-03 9.015978e-07
-2.675036e-06 -9.782574e-04 5.240839e-07
-1.762154e-06 -7.399728e-04 2.852965e-07
2.218693e-05 -7.243562e-04 -5.973839e-06
2.935989e-05 -8.296667e-04 -7.659268e-06
2.162373e-05 -9.281728e-04 -5.535201e-06
1.192004e-05 -1.000322e-03 -3.006866e-06
4.827624e-06 -1.048813e-03 -1.198493e-06
7.181788e-07 -1.080042e-03 -1.637004e-07
-1.237266e-06 -1.099676e-03 3.243367e-07
-1.910456e-06 -1.111851e-03 4.915388e-07
-1.927216e-06 -1.119346e-03 4.948574e-07
-1.664731e-06 -1.123946e-03 4.280475e-07
-1.324923e-06 -1.126768e-03 3.421203e-07
-1.002086e-06 -1.128505e-03 2.598956e-07
-7.324475e-07 -1.129577e-03 1.916190e-07
-5.226943e-07 -1.130242e-03 1.378192e-07
-3.661387e-07 -1.130656e-03 9.733799e-08
-2.531092e-07 -1.130916e-03 6.799809e-08
-1.730126e-07 -1.131080e-03 4.681132e-08
-1.172680e-07 -1.131184e-03 3.151136e-08
-7.911367e-08 -1.131250e-03 2.182521e-08
-5.324111e-08 -1.131293e-03 1.500109e-08
-3.547234e-08 -1.131320e-03 9.998329e-09
-2.391957e-08 -1.131337e-03 6.928573e-09
-1.549018e-08 -1.131349e-03 4.767979e-09
-1.023506e-08 -1.131356e-03 3.342292e-09
-6.810676e-09 -1.131360e-03 2.362929e-09
-4.280781e-09 -1.131364e-03 1.509193e-09
-3.197798e-09 -1.131365e-03 1.275938e-09
-2.336839e-09 -1.131367e-03 6.087927e-10
-1.476076e-09 -1.131368e-03 7.107136e-10
-9.877063e-10 -1.131368e-03 5.793247e-10
-6.050943e-10 -1.131369e-03 5.487849e-10
-1.982532e-10 -1.131369e-03 2.535691e-10
-8.672169e-11 -1.131369e-03 3.583541e-10
-3.832304e-10 -1.131369e-03 3.619192e-10
-3.557933e-10 -1.131369e-03 4.224362e-10
-1.410389e-10 -1.131369e-03 1.451169e-10
-1.373159e-10 -1.131369e-03 1.166337e-10
-1.010985e-10 -1.131369e-03 3.356545e-10
-2.441680e-10 -1.131369e-03 1.175465e-11
-1.450789e-12 -1.131370e-03 1.271075e-10
-7.212472e-11 -1.131370e-03 4.892634e-10
-4.013245e-11 -1.131370e-03 6.972045e-11
4.541210e-11 -1.131370e-03 4.322950e-10
-1.450634e-10 -1.131370e-03 3.586518e-10
-7.623663e-11 -1.131369e-03 4.376845e-10
6.217831e-11 -1.131370e-03 3.304917e-10
-1.075755e-10 -1.131370e-03 3.210140e-10
9.407345e-11 -1.131369e-03 3.965792e-10
-1.085435e-10 -1.131369e-03 3.609673e-10
1.815368e-10 -1.131369e-03 3.187077e-10
-1.198602e-10 -1.131369e-03 3.996674e-10
-2.217208e-10 -1.131369e-03 1.926134e-10
-1.484662e-10 -1.131370e-03 3.289449e-10
-6.213282e-11 -1.131370e-03 3.093978e-11
2.963497e-10 -1.131370e-03 2.319256e-10
-3.392748e-10 -1.131369e-03 3.023591e-10
-3.465900e-10 -1.131370e-03 2.051849e-10
-3.759913e-10 -1.131370e-03 9.445617e-11
7.880547e-11 -1.131370e-03 3.527629e-10
-3.961485e-11 -1.131369e-03 3.841578e-10
-1.243431e-10 -1.131369e-03 3.606614e-10
-1.366731e-10 -1.131369e-03 3.512978e-10
1.171008e-11 -1.131369e-03 5.516435e-10
-1.711970e-10 -1.131370e-03 3.548383e-10
-1.256195e-10 -1.131370e-03 4.165689e-10
-1.042825e-10 -1.131370e-03 7.802007e-11
-1.371398e-10 -1.131370e-03 1.298096e-10
4.686190e-11 -1.131370e-03 3.960504e-10
-4.221976e-11 -1.131369e-03 2.205190e-10
-2.123822e-10 -1.131370e-03 1.892258e-10
-4.346027e-10 -1.131369e-03 2.969318e-10
-3.521802e-10 -1.131369e-03 3.949268e-10
-9.740150e-11 -1.131369e-03 4.177172e-10
2.242812e-11 -1.131369e-03 5.137792e-10
-9.151501e-11 -1.131369e-03 2.352370e-10
4.560723e-11 -1.131370e-03 3.552401e-10
-2.358057e-11 -1.131369e-03 2.704890e-10
-1.963187e-10 -1.131369e-03 1.153102e-10
-1.783813e-11 -1.131370e-03 5.711458e-10
-2.162843e-10 -1.131369e-03 4.726155e-10
-1.579919e-10 -1.131369e-03 1.427953e-10
-1.084084e-10 -1.131370e-03 2.615127e-11
-1.020178e-10 -1.131370e-03 5.979168e-11
-1.974476e-10 -1.131370e-03 2.184497e-10
5.748051e-11 -1.131370e-03 5.078620e-10
-1.072312e-10 -1.131369e-03 2.851136e-10
-1.486481e-10 -1.131370e-03 5.574726e-10
-2.496745e-10 -1.131370e-03 9.981553e-11
-1.498657e-10 -1.131369e-03 2.655880e-10
-1.742727e-10 -1.131369e-03 1.989367e-10
-8.324970e-11 -1.131370e-03 2.939101e-10
1.029284e-11 -1.131370e-03 1.166206e-10
-6.448725e-11 -1.131370e-03 3.918962e-11
-3.418609e-10 -1.131369e-03 3.020741e-10
3.042692e-11 -1.131370e-03 8.140147e-11
7.772322e-11 -1.131370e-03 1.648706e-10
-1.606133e-10 -1.131369e-03 6.966168e-10
-2.066347e-10 -1.131370e-03 4.646991e-10
-9.721884e-11 -1.131370e-03 -1.177804e-11
-1.711406e-10 -1.131370e-03 4.572573e-10
-7.851597e-11 -1.131370e-03 1.124604e-10
-3.556395e-10 -1.131369e-03 5.312326e-10
-5.556941e-11 -1.131370e-03 2.567215e-10
-2.161167e-10 -1.131369e-03 3.450489e-10
-3.886872e-11 -1.131369e-03 2.451736e-10
-1.876132e-10 -1.131369e-03 2.594144e-10
-2.882526e-11 -1.131370e-03 3.160503e-11
1.472974e-11 -1.131369e-03 2.175484e-10
-8.540601e-11 -1.131369e-03 1.182191e-10
-4.356095e-10 -1.131369e-03 2.552626e-10
-1.146334e-10 -1.131370e-03 4.382655e-10
-7.919046e-11 -1.131370e-03 5.107456e-10
7.540682e-11 -1.131370e-03 7.162171e-11
-1.868623e-10 -1.131370e-03 1.552167e-10
-8.490400e-11 -1.131370e-03 3.179383e-10
-2.299052e-10 -1.131369e-03 5.010026e-10
-5.200753e-11 -1.131370e-03 5.214055e-10
-1.215586e-10 -1.131369e-03 -5.825141e-11
-2.315776e-11 -1.131369e-03 5.067979e-11
-1.490370e-10 -1.131370e-03 6.032099e-10
-1.879583e-10 -1.131370e-03 5.273450e-10
1.034537e-10 -1.131370e-03 1.065822e-11
-1.524996e-10 -1.131370e-03 4.617342e-10
-2.981946e-10 -1.131370e-03 4.398067e-10
-1.365784e-10 -1.131369e-03 9.318930e-11
-1.063323e-11 -1.131370e-03 8.345245e-11
-2.269652e-10 -1.131369e-03 4.067151e-10
-1.905755e-10 -1.131370e-03 2.175203e-11
-7.698580e-11 -1.131370e-03 4.017215e-10
-7.279367e-11 -1.131370e-03 1.930552e-10
-2.512583e-10 -1.131370e-03 3.536259e-10
3.428521e-12 -1.131370e-03 2.366302e-10
-3.878098e-10 -1.131369e-03 2.905195e-10
3.133982e-11 -1.131370e-03 3.531329e-10
-6.546849e-11 -1.131370e-03 4.656541e-10
-2.447931e-10 -1.131370e-03 1.968957e-10
-2.797308e-10 -1.131370e-03 1.287266e-10
-1.911097e-10 -1.131369e-03 2.455141e-10
-1.062661e-10 -1.131369e-03 2.683847e-10
6.443996e-12 -1.131370e-03 1.797909e-10
1.166347e-11 -1.131370e-03 2.840960e-10
-3.143869e-10 -1.131370e-03 2.590859e-10
-2.403253e-10 -1.131370e-03 3.958412e-10
-1.435256e-10 -1.131370e-03 7.857436e-11
7.330321e-11 -1.131370e-03 9.839818e-11
-1.978125e-10 -1.131370e-03 3.032528e-10
-3.645178e-11 -1.131370e-03 1.638013e-10
-1.116451e-10 -1.131370e-03 2.303815e-10
-9.616968e-11 -1.131370e-03 3.535687e-10
-3.223156e-10 -1.131370e-03 4.657789e-10
-4.362634e-10 -1.131369e-03 3.932114e-10
-2.000600e-10 -1.131369e-03 4.205191e-10
-1.392434e-10 -1.131370e-03 9.419365e-11
-1.907905e-10 -1.131370e-03 2.132937e-10
2.229471e-11 -1.131370e-03 3.120273e-10
-4.156465e-10 -1.131370e-03 3.892281e-10
-6.593919e-11 -1.131370e-03 4.110015e-10
3.998427e-11 -1.131370e-03 2.011966e-10
-1.731227e-10 -1.131370e-03 1.838912e-10
-3.680884e-10 -1.131370e-03 4.069037e-10
-3.195484e-10 -1.131370e-03 4.003342e-10
-3.652708e-10 -1.131369e-03 4.330515e-10
-1.430654e-10 -1.131370e-03 3.341299e-10
-2.489670e-10 -1.131370e-03 2.996140e-10
-2.766498e-10 -1.131369e-03 4.608655e-10
-1.080803e-11 -1.131370e-03 1.176253e-10
-4.701597e-10 -1.131369e-03 2.907343e-10
-2.993234e-10 -1.131370e-03 3.154968e-10
-2.414655e-10 -1.131370e-03 4.147478e-10
-1.266036e-11 -1.131370e-03 3.360279e-10
-1.203500e-10 -1.131370e-03 1.373029e-10
-2.039279e-11 -1.131369e-03 1.139211e-10
5.733344e-11 -1.131370e-03 3.301060e-10
-4.300462e-10 -1.131369e-03 3.608755e-10
-2.430997e-10 -1.131369e-03 5.613612e-10
-1.705815e-10 -1.131369e-03 2.042957e-10
-3.974274e-10 -1.131370e-03 2.340480e-10
-1.746339e-10 -1.131369e-03 5.523889e-10
-7.602819e-11 -1.131370e-03 1.787984e-10
-2.683961e-10 -1.131369e-03 3.342303e-10
-2.935776e-10 -1.131370e-03 6.720252e-10
-1.669027e-10 -1.131370e-03 5.099399e-10
-3.073373e-10 -1.131370e-03 3.939596e-10
-1.061406e-10 -1.131369e-03 1.684982e-10
-3.472849e-10 -1.131369e-03 1.121471e-10
-1.793872e-10 -1.131370e-03 5.436177e-10
1.562802e-11 -1.131370e-03 3.053447e-10
-2.516979e-10 -1.131370e-03 2.698463e-10
-6.694226e-11 -1.131370e-03 5.286466e-10
-3.189796e-10 -1.131370e-03 2.111435e-10
-3.832286e-10 -1.131370e-03 1.684130e-10
-1.648280e-10 -1.131370e-03 2.681688e-10
5.911102e-11 -1.131370e-03 2.858486e-10
-3.429205e-10 -1.131370e-03 2.213176e-10
-3.299543e-10 -1.131370e-03 1.959837e-10
-7.756439e-11 -1.131370e-03 5.071287e-10
1.339637e-10 -1.131370e-03 3.272822e-10
-2.048013e-10 -1.131370e-03 4.283020e-10
-2.577790e-10 -1.131370e-03 1.443294e-10
-7.607635e-11 -1.131370e-03 1.752352e-10
1.806033e-10 -1.131370e-03 2.279827e-10
-3.361749e-10 -1.131370e-03 1.816543e-10
-2.518297e-10 -1.131370e-03 4.055179e-10
-1.609664e-11 -1.131370e-03 2.844003e-10
-2.212305e-11 -1.131370e-03 3.211661e-10
-7.872750e-11 -1.131370e-03 1.567178e-10
-4.408811e-10 -1.131369e-03 2.328466e-10
-2.995174e-10 -1.131370e-03 4.690961e-10
-3.610357e-10 -1.131370e-03 8.277574e-11
-1.954609e-10 -1.131370e-03 3.927065e-10
-3.510523e-11 -1.131370e-03 4.301024e-10
1.420749e-11 -1.131370e-03 2.015286e-10
-9.094790e-11 -1.131370e-03 2.831196e-10
-7.412238e-11 -1.131370e-03 4.093216e-10
-2.285678e-10 -1.131370e-03 3.225996e-10
-3.471738e-10 -1.131370e-03 2.914238e-10
-1.683271e-10 -1.131370e-03 3.568629e-10
-1.020489e-10 -1.131370e-03 2.566077e-10
-2.465088e-10 -1.131370e-03