 8.359990e-01 -4.718432e-13  7.188149e-13 -5.487310e-01  0.000000e+00 -4.117647e-02 -5.803162e-02 -1.708158e-01 
 8.360018e-01  2.870657e-04 -4.400156e-04 -5.487264e-01 -8.062085e-05 -4.119243e-02 -5.807313e-02 -1.707979e-01 
 8.360094e-01  5.320342e-04 -8.202641e-04 -5.487143e-01 -3.073719e-04 -4.120705e-02 -5.811208e-02 -1.707811e-01 
 8.360201e-01  7.417761e-04 -1.149838e-03 -5.486971e-01 -6.575102e-04 -4.122043e-02 -5.814838e-02 -1.707655e-01 
 8.360329e-01  9.225118e-04 -1.437063e-03 -5.486767e-01 -1.110290e-03 -4.123265e-02 -5.818203e-02 -1.707511e-01 
 8.360465e-01  1.079844e-03 -1.689522e-03 -5.486549e-01 -1.646881e-03 -4.124380e-02 -5.821308e-02 -1.707378e-01 
 8.360602e-01  1.218791e-03 -1.914088e-03 -5.486330e-01 -2.250286e-03 -4.125398e-02 -5.824164e-02 -1.707256e-01 
 8.360732e-01  1.343822e-03 -2.116957e-03 -5.486122e-01 -2.905241e-03 -4.126331e-02 -5.826786e-02 -1.707144e-01 
 8.360851e-01  1.458892e-03 -2.303679e-03 -5.485931e-01 -3.598125e-03 -4.127188e-02 -5.829193e-02 -1.707041e-01 
 8.360953e-01  1.567477e-03 -2.479198e-03 -5.485764e-01 -4.316858e-03 -4.127981e-02 -5.831405e-02 -1.706947e-01 
 8.361036e-01  1.672609e-03 -2.647888e-03 -5.485626e-01 -5.050799e-03 -4.128720e-02 -5.833446e-02 -1.706859e-01 
 8.361099e-01  1.776911e-03 -2.813587e-03 -5.485519e-01 -5.790650e-03 -4.129417e-02 -5.835341e-02 -1.706777e-01 
 8.361140e-01  1.882630e-03 -2.979640e-03 -5.485444e-01 -6.528354e-03 -4.130081e-02 -5.837113e-02 -1.706701e-01 
 8.361159e-01  1.991669e-03 -3.148931e-03 -5.485401e-01 -7.257001e-03 -4.130721e-02 -5.838790e-02 -1.706628e-01 
 8.361157e-01  2.105621e-03 -3.323920e-03 -5.485391e-01 -7.970728e-03 -4.131348e-02 -5.840395e-02 -1.706558e-01 
 8.361133e-01  2.225793e-03 -3.506679e-03 -5.485410e-01 -8.664638e-03 -4.131969e-02 -5.841954e-02 -1.706489e-01 
 8.361090e-01  2.353240e-03 -3.698924e-03 -5.485458e-01 -9.334700e-03 -4.132592e-02 -5.843489e-02 -1.706422e-01 
 8.361029e-01  2.488788e-03 -3.902051e-03 -5.485531e-01 -9.977677e-03 -4.133225e-02 -5.845023e-02 -1.706354e-01 
 8.360952e-01  2.633062e-03 -4.117163e-03 -5.485627e-01 -1.059104e-02 -4.133874e-02 -5.846577e-02 -1.706285e-01 
 8.360860e-01  2.786505e-03 -4.345101e-03 -5.485742e-01 -1.117289e-02 -4.134545e-02 -5.848170e-02 -1.706214e-01 
 8.360755e-01  2.949404e-03 -4.586471e-03 -5.485873e-01 -1.172191e-02 -4.135243e-02 -5.849820e-02 -1.706140e-01 
 8.360640e-01  3.121910e-03 -4.841673e-03 -5.486017e-01 -1.223725e-02 -4.135972e-02 -5.851542e-02 -1.706064e-01 
 8.360516e-01  3.304052e-03 -5.110924e-03 -5.486171e-01 -1.271853e-02 -4.136736e-02 -5.853351e-02 -1.705983e-01 
 8.360385e-01  3.495760e-03 -5.394277e-03 -5.486331e-01 -1.316573e-02 -4.137538e-02 -5.855259e-02 -1.705898e-01 
 8.360249e-01  3.696875e-03 -5.691649e-03 -5.486496e-01 -1.357916e-02 -4.138381e-02 -5.857276e-02 -1.705809e-01 
 8.360109e-01  3.907169e-03 -6.002837e-03 -5.486660e-01 -1.395941e-02 -4.139265e-02 -5.859411e-02 -1.705714e-01 
 8.359968e-01  4.126351e-03 -6.327535e-03 -5.486824e-01 -1.430732e-02 -4.140192e-02 -5.861670e-02 -1.705614e-01 
 8.359825e-01  4.354087e-03 -6.665352e-03 -5.486983e-01 -1.462391e-02 -4.141163e-02 -5.864060e-02 -1.705508e-01 
 8.359684e-01  4.590000e-03 -7.015828e-03 -5.487136e-01 -1.491035e-02 -4.142178e-02 -5.866584e-02 -1.705396e-01 
 8.359544e-01  4.833689e-03 -7.378446e-03 -5.487281e-01 -1.516795e-02 -4.143237e-02 -5.869243e-02 -1.705279e-01 
 8.359406e-01  5.084731e-03 -7.752646e-03 -5.487416e-01 -1.539811e-02 -4.144338e-02 -5.872040e-02 -1.705156e-01 
 8.359272e-01  5.342690e-03 -8.137832e-03 -5.487540e-01 -1.560231e-02 -4.145482e-02 -5.874974e-02 -1.705027e-01 
 8.359142e-01  5.607122e-03 -8.533387e-03 -5.487652e-01 -1.578206e-02 -4.146666e-02 -5.878043e-02 -1.704893e-01 
 8.359016e-01  5.877583e-03 -8.938681e-03 -5.487750e-01 -1.593890e-02 -4.147888e-02 -5.881245e-02 -1.704753e-01 
 8.358895e-01  6.153633e-03 -9.353074e-03 -5.487835e-01 -1.607439e-02 -4.149148e-02 -5.884576e-02 -1.704607e-01 
 8.358779e-01  6.434836e-03 -9.775928e-03 -5.487906e-01 -1.619007e-02 -4.150443e-02 -5.888033e-02 -1.704456e-01 
 8.358668e-01  6.720768e-03 -1.020661e-02 -5.487962e-01 -1.628747e-02 -4.151771e-02 -5.891611e-02 -1.704300e-01 
 8.358562e-01  7.011019e-03 -1.064450e-02 -5.488004e-01 -1.636807e-02 -4.153129e-02 -5.895305e-02 -1.704139e-01 
 8.358462e-01  7.305192e-03 -1.108899e-02 -5.488031e-01 -1.643332e-02 -4.154516e-02 -5.899108e-02 -1.703974e-01 
 8.358366e-01  7.602908e-03 -1.153949e-02 -5.488044e-01 -1.648462e-02 -4.155928e-02 -5.903014e-02 -1.703804e-01 
 8.358274e-01  7.903807e-03 -1.199544e-02 -5.488043e-01 -1.652331e-02 -4.157364e-02 -5.907018e-02 -1.703630e-01 
 8.358187e-01  8.207546e-03 -1.245629e-02 -5.488028e-01 -1.655068e-02 -4.158822e-02 -5.911112e-02 -1.703453e-01 
 8.358104e-01  8.513804e-03 -1.292153e-02 -5.488001e-01 -1.656794e-02 -4.160298e-02 -5.915289e-02 -1.703272e-01 
 8.358024e-01  8.822279e-03 -1.339066e-02 -5.487961e-01 -1.657624e-02 -4.161790e-02 -5.919544e-02 -1.703087e-01 
 8.357948e-01  9.132687e-03 -1.386322e-02 -5.487909e-01 -1.657668e-02 -4.163297e-02 -5.923868e-02 -1.702900e-01 
 8.357874e-01  9.444769e-03 -1.433878e-02 -5.487847e-01 -1.657025e-02 -4.164815e-02 -5.928256e-02 -1.702710e-01 
 8.357802e-01  9.758282e-03 -1.481694e-02 -5.487774e-01 -1.655790e-02 -4.166344e-02 -5.932701e-02 -1.702518e-01 
 8.357733e-01  1.007300e-02 -1.529731e-02 -5.487692e-01 -1.654051e-02 -4.167881e-02 -5.937196e-02 -1.702324e-01 
 8.357664e-01  1.038873e-02 -1.577955e-02 -5.487601e-01 -1.651888e-02 -4.169423e-02 -5.941736e-02 -1.702128e-01 
 8.357596e-01  1.070527e-02 -1.626333e-02 -5.487502e-01 -1.649376e-02 -4.170970e-02 -5.946314e-02 -1.701930e-01 
 8.357529e-01  1.102247e-02 -1.674837e-02 -5.487396e-01 -1.646582e-02 -4.172520e-02 -5.950925e-02 -1.701731e-01 
 8.357461e-01  1.134016e-02 -1.723439e-02 -5.487284e-01 -1.643567e-02 -4.174070e-02 -5.955564e-02 -1.701530e-01 
 8.357393e-01  1.165821e-02 -1.772115e-02 -5.487166e-01 -1.640386e-02 -4.175621e-02 -5.960225e-02 -1.701329e-01 
 8.357324e-01  1.197651e-02 -1.820843e-02 -5.487043e-01 -1.637091e-02 -4.177169e-02 -5.964903e-02 -1.701127e-01 
 8.357253e-01  1.229494e-02 -1.869604e-02 -5.486916e-01 -1.633725e-02 -4.178715e-02 -5.969596e-02 -1.700925e-01 
 8.357181e-01  1.261341e-02 -1.918380e-02 -5.486786e-01 -1.630328e-02 -4.180257e-02 -5.974297e-02 -1.700722e-01 
 8.357106e-01  1.293183e-02 -1.967156e-02 -5.486653e-01 -1.626933e-02 -4.181794e-02 -5.979004e-02 -1.700518e-01 
 8.357029e-01  1.325015e-02 -2.015919e-02 -5.486517e-01 -1.623573e-02 -4.183325e-02 -5.983714e-02 -1.700315e-01 
 8.356949e-01  1.356829e-02 -2.064656e-02 -5.486380e-01 -1.620272e-02 -4.184850e-02 -5.988423e-02 -1.700112e-01 
 8.356866e-01  1.388620e-02 -2.113358e-02 -5.486241e-01 -1.617052e-02 -4.186368e-02 -5.993129e-02 -1.699908e-01 
 8.356780e-01  1.420385e-02 -2.162017e-02 -5.486101e-01 -1.613933e-02 -4.187878e-02 -5.997829e-02 -1.699705e-01 
 8.356691e-01  1.452120e-02 -2.210625e-02 -5.485961e-01 -1.610929e-02 -4.189380e-02 -6.002521e-02 -1.699503e-01 
 8.356598e-01  1.483822e-02 -2.259177e-02 -5.485820e-01 -1.608054e-02 -4.190873e-02 -6.007204e-02 -1.699301e-01 
 8.356500e-01  1.515490e-02 -2.307669e-02 -5.485680e-01 -1.605316e-02 -4.192357e-02 -6.011875e-02 -1.699099e-01 
 8.356399e-01  1.547121e-02 -2.356096e-02 -5.485539e-01 -1.602724e-02 -4.193833e-02 -6.016535e-02 -1.698897e-01 
 8.356294e-01  1.578715e-02 -2.404458e-02 -5.485400e-01 -1.600281e-02 -4.195298e-02 -6.021181e-02 -1.698697e-01 
 8.356185e-01  1.610271e-02 -2.452751e-02 -5.485261e-01 -1.597991e-02 -4.196755e-02 -6.025813e-02 -1.698496e-01 
 8.356071e-01  1.641789e-02 -2.500975e-02 -5.485123e-01 -1.595856e-02 -4.198201e-02 -6.030430e-02 -1.698297e-01 
 8.355953e-01  1.673270e-02 -2.549131e-02 -5.484986e-01 -1.593875e-02 -4.199638e-02 -6.035032e-02 -1.698098e-01 
 8.355831e-01  1.704715e-02 -2.597218e-02 -5.484850e-01 -1.592047e-02 -4.201066e-02 -6.039619e-02 -1.697899e-01 
 8.355704e-01  1.736122e-02 -2.645239e-02 -5.484715e-01 -1.590368e-02 -4.202484e-02 -6.044191e-02 -1.697701e-01 
 8.355573e-01  1.767495e-02 -2.693193e-02 -5.484581e-01 -1.588836e-02 -4.203892e-02 -6.048747e-02 -1.697504e-01 
 8.355438e-01  1.798834e-02 -2.741084e-02 -5.484448e-01 -1.587446e-02 -4.205291e-02 -6.053289e-02 -1.697308e-01 
 8.355298e-01  1.830141e-02 -2.788914e-02 -5.484316e-01 -1.586192e-02 -4.206681e-02 -6.057815e-02 -1.697112e-01 
 8.355154e-01  1.861416e-02 -2.836684e-02 -5.484185e-01 -1.585069e-02 -4.208061e-02 -6.062328e-02 -1.696916e-01 
 8.355006e-01  1.892663e-02 -2.884398e-02 -5.484055e-01 -1.584070e-02 -4.209433e-02 -6.066826e-02 -1.696722e-01 
 8.354853e-01  1.923881e-02 -2.932058e-02 -5.483926e-01 -1.583190e-02 -4.210795e-02 -6.071312e-02 -1.696527e-01 
 8.354696e-01  1.955073e-02 -2.979667e-02 -5.483798e-01 -1.582421e-02 -4.212149e-02 -6.075785e-02 -1.696334e-01 
 8.354536e-01  1.986240e-02 -3.027229e-02 -5.483670e-01 -1.581756e-02 -4.213495e-02 -6.080246e-02 -1.696140e-01 
 8.354371e-01  2.017385e-02 -3.074746e-02 -5.483543e-01 -1.581189e-02 -4.214832e-02 -6.084695e-02 -1.695948e-01 
 8.354203e-01  2.048508e-02 -3.122221e-02 -5.483416e-01 -1.580713e-02 -4.216162e-02 -6.089135e-02 -1.695755e-01 
 8.354030e-01  2.079612e-02 -3.169658e-02 -5.483290e-01 -1.580320e-02 -4.217483e-02 -6.093565e-02 -1.695563e-01 
 8.353854e-01  2.110697e-02 -3.217059e-02 -5.483163e-01 -1.580005e-02 -4.218797e-02 -6.097985e-02 -1.695372e-01 
 8.353674e-01  2.141767e-02 -3.264427e-02 -5.483037e-01 -1.579759e-02 -4.220103e-02 -6.102398e-02 -1.695180e-01 
 8.353491e-01  2.172821e-02 -3.311766e-02 -5.482910e-01 -1.579578e-02 -4.221402e-02 -6.106803e-02 -1.694989e-01 
 8.353304e-01  2.203862e-02 -3.359077e-02 -5.482783e-01 -1.579454e-02 -4.222694e-02 -6.111202e-02 -1.694799e-01 
 8.353113e-01  2.234890e-02 -3.406364e-02 -5.482656e-01 -1.579382e-02 -4.223979e-02 -6.115595e-02 -1.694608e-01 
 8.352920e-01  2.265908e-02 -3.453629e-02 -5.482528e-01 -1.579356e-02 -4.225257e-02 -6.119982e-02 -1.694418e-01 
 8.352722e-01  2.296916e-02 -3.500874e-02 -5.482400e-01 -1.579371e-02 -4.226528e-02 -6.124365e-02 -1.694228e-01 
 8.352522e-01  2.327915e-02 -3.548102e-02 -5.482271e-01 -1.579421e-02 -4.227793e-02 -6.128744e-02 -1.694038e-01 
 8.352319e-01  2.358907e-02 -3.595315e-02 -5.482141e-01 -1.579503e-02 -4.229052e-02 -6.133120e-02 -1.693848e-01 
 8.352112e-01  2.389893e-02 -3.642515e-02 -5.482009e-01 -1.579611e-02 -4.230304e-02 -6.137494e-02 -1.693658e-01 
 8.351903e-01  2.420873e-02 -3.689703e-02 -5.481877e-01 -1.579742e-02 -4.231550e-02 -6.141865e-02 -1.693469e-01 
 8.351690e-01  2.451848e-02 -3.736881e-02 -5.481744e-01 -1.579891e-02 -4.232790e-02 -6.146235e-02 -1.693279e-01 
 8.351475e-01  2.482820e-02 -3.784051e-02 -5.481609e-01 -1.580055e-02 -4.234025e-02 -6.150603e-02 -1.693090e-01 
 8.351256e-01  2.513788e-02 -3.831215e-02 -5.481473e-01 -1.580231e-02 -4.235253e-02 -6.154972e-02 -1.692900e-01 
 8.351035e-01  2.544754e-02 -3.878373e-02 -5.481336e-01 -1.580415e-02 -4.236476e-02 -6.159340e-02 -1.692711e-01 
 8.350811e-01  2.575717e-02 -3.925527e-02 -5.481196e-01 -1.580606e-02 -4.237693e-02 -6.163708e-02 -1.692521e-01 
 8.350584e-01  2.606680e-02 -3.972678e-02 -5.481056e-01 -1.580801e-02 -4.238905e-02 -6.168077e-02 -1.692332e-01 
 8.350355e-01  2.637641e-02 -4.019827e-02 -5.480913e-01 -1.580997e-02 -4.240111e-02 -6.172447e-02 -1.692142e-01 
 8.350123e-01  2.668601e-02 -4.066975e-02 -5.480769e-01 -1.581193e-02 -4.241312e-02 -6.176818e-02 -1.691953e-01 
 8.349888e-01  2.699562e-02 -4.114122e-02 -5.480623e-01 -1.581387e-02 -4.242507e-02 -6.181190e-02 -1.691763e-01 
 8.349651e-01  2.730522e-02 -4.161269e-02 -5.480476e-01 -1.581578e-02 -4.243697e-02 -6.185564e-02 -1.691573e-01 
 8.349411e-01  2.761483e-02 -4.208417e-02 -5.480326e-01 -1.581764e-02 -4.244882e-02 -6.189940e-02 -1.691383e-01 
 8.349168e-01  2.792444e-02 -4.255566e-02 -5.480175e-01 -1.581944e-02 -4.246061e-02 -6.194318e-02 -1.691193e-01 
 8.348923e-01  2.823406e-02 -4.302716e-02 -5.480021e-01 -1.582118e-02 -4.247235e-02 -6.198698e-02 -1.691003e-01 
 8.348676e-01  2.854369e-02 -4.349869e-02 -5.479866e-01 -1.582285e-02 -4.248404e-02 -6.203081e-02 -1.690813e-01 
 8.348425e-01  2.885332e-02 -4.397023e-02 -5.479708e-01 -1.582443e-02 -4.249568e-02 -6.207466e-02 -1.690623e-01 
 8.348173e-01  2.916297e-02 -4.444180e-02 -5.479549e-01 -1.582594e-02 -4.250726e-02 