456652800.000000
456652800.500000
456652801.000000
456652801.500000
456652802.000000
456652802.500000
456652803.000000
456652803.500000
456652804.000000
456652804.500000
456652805.000000
456652805.500000
456652806.000000
456652806.500000
456652807.000000
456652807.500000
456652808.000000
456652808.500000
456652809.000000
456652809.500000
456652810.000000
456652810.500000
456652811.000000
456652811.500000
456652812.000000
456652812.500000
456652813.000000
456652813.500000
456652814.000000
456652814.500000
456652815.000000
456652815.500000
456652816.000000
456652816.500000
456652817.000000
456652817.500000
456652818.000000
456652818.500000
456652819.000000
456652819.500000
456652820.000000
456652820.500000
456652821.000000
456652821.500000
456652822.000000
456652822.500000
456652823.000000
456652823.500000
456652824.000000
456652824.500000
456652825.000000
456652825.500000
456652826.000000
456652826.500000
456652827.000000
456652827.500000
456652828.000000
456652828.500000
456652829.000000
456652829.500000
4566