1.505626797198e-06 -8.092679634511e-05 1.463352878303e-04
1.505626797304e-06 -8.092679634542e-05 1.463352878273e-04
1.505626797352e-06 -8.092679634603e-05 1.463352878266e-04
1.505626797492e-06 -8.092679634648e-05 1.463352878266e-04
1.505626797805e-06 -8.092679634679e-05 1.463352878268e-04
1.505626798359e-06 -8.092679634698e-05 1.463352878269e-04
1.505626799222e-06 -8.092679634713e-05 1.463352878267e-04
1.505626800461e-06 -8.092679634736e-05 1.463352878262e-04
1.505626802146e-06 -8.092679634789e-05 1.463352878249e-04
1.505626804350e-06 -8.092679634906e-05 1.463352878226e-04
1.505626807156e-06 -8.092679635171e-05 1.463352878195e-04
1.505626810606e-06 -8.092679635612e-05 1.463352878142e-04
1.505626814809e-06 -8.092679636365e-05 1.463352878067e-04
1.505626819610e-06 -8.092679637489e-05 1.463352877952e-04
1.505626825365e-06 -8.092679639237e-05 1.463352877795e-04
1.505626831657e-06 -8.092679641744e-05 1.463352877574e-04
1.505626839106e-06 -8.092679645354e-05 1.463352877281e-04
1.505626847254e-06 -8.092679650346e-05 1.463352876891e-04
1.505626856036e-06 -8.092679657117e-05 1.463352876379e-04
1.505626866185e-06 -8.092679666158e-05 1.463352875717e-04
1.505626876334e-06 -8.092679677988e-05 1.463352874867e-04
1.505626870636e-06 -8.092679692186e-05 1.463352874019e-04
1.505626869279e-06 -8.092679706314e-05 1.463352873169e-04
1.505626868525e-06 -8.092679720432e-05 1.463352872319e-04
1.505626870084e-06 -8.092679734512e-05 1.463352871468e-04
1.505626872856e-06 -8.092679748574e-05 1.463352870617e-04
1.505626874038e-06 -8.092679762660e-05 1.463352869766e-04
1.505626876780e-06 -8.092679776726e-05 1.463352868915e-04
1.505626877804e-06 -8.092679790818e-05 1.463352868064e-04
1.505626877746e-06 -8.092679804927e-05 1.463352867213e-04
1.505626877238e-06 -8.092679819042e-05 1.463352866363e-04
1.505626879299e-06 -8.092679833130e-05 1.463352865512e-04
1.505626879627e-06 -8.092679847242e-05 1.463352864661e-04
1.505626879329e-06 -8.092679861366e-05 1.463352863809e-04
1.505626878423e-06 -8.092679875499e-05 1.463352862958e-04
1.505626880838e-06 -8.092679889604e-05 1.463352862107e-04
1.505626881443e-06 -8.092679903734e-05 1.463352861255e-04
1.505626877545e-06 -8.092679917906e-05 1.463352860403e-04
1.505626878584e-06 -8.092679932039e-05 1.463352859552e-04
1.505626879023e-06 -8.092679946182e-05 1.463352858700e-04
1.505626878846e-06 -8.092679960332e-05 1.463352857848e-04
1.505626878414e-06 -8.092679974487e-05 1.463352856996e-04
1.505626869330e-06 -8.092679986494e-05 1.463352856141e-04
1.505626868566e-06 -8.092679995598e-05 1.463352855474e-04
1.505626871727e-06 -8.092680002400e-05 1.463352854959e-04
1.505626878805e-06 -8.092680007372e-05 1.463352854566e-04
1.505626889492e-06 -8.092680010915e-05 1.463352854271e-04
1.505626896862e-06 -8.092680013408e-05 1.463352854048e-04
1.505626902448e-06 -8.092680015102e-05 1.463352853882e-04
1.505626906624e-06 -8.092680016208e-05 1.463352853761e-04
1.505626909855e-06 -8.092680016891e-05 1.463352853673e-04
1.505626912300e-06 -8.092680017283e-05 1.463352853609e-04
1.505626914041e-06 -8.092680017482e-05 1.463352853564e-04
1.505626915159e-06 -8.092680017564e-05 1.463352853532e-04
1.505626916053e-06 -8.092680017566e-05 1.463352853509e-04
1.505626916335e-06 -8.092680017540e-05 1.463352853494e-04
1.505626916014e-06 -8.092680017520e-05 1.463352853482e-04
1.505626915491e-06 -8.092680017483e-05 1.463352853475e-04
1.505626914632e-06 -8.092680017470e-05 1.463352853469e-04
1.505626913604e-06 -8.092680017446e-05 1.463352853465e-04
1.505626912415e-06 -8.092680017445e-05 1.463352853462e-04
1.505626911145e-06 -8.092680017444e-05 1.463352853460e-04
1.505626909852e-06 -8.092680017440e-05 1.463352853457e-04
1.505626908592e-06 -8.092680017432e-05 1.463352853455e-04
1.505626907425e-06 -8.092680017418e-05 1.463352853451e-04
1.505626906410e-06 -8.092680017392e-05 1.463352853445e-04
1.505626905607e-06 -8.092680017348e-05 1.463352853438e-04
1.505626905031e-06 -8.092680017263e-05 1.463352853430e-04
1.505626904894e-06 -8.092680017147e-05 1.463352853419e-04
1.505626905133e-06 -8.092680016954e-05 1.463352853407e-04
1.505626905586e-06 -8.092680016631e-05 1.463352853397e-04
1.505626906971e-06 -8.092680016147e-05 1.463352853389e-04
1.505626908836e-06 -8.092680015403e-05 1.463352853388e-04
1.505626911213e-06 -8.092680014289e-05 1.463352853399e-04
1.505626905483e-06 -8.092680013238e-05 1.463352853444e-04
1.505626898664e-06 -8.092680012338e-05 1.463352853443e-04
1.505626894743e-06 -8.092680011731e-05 1.463352853434e-04
1.505626892961e-06 -8.092680011322e-05 1.463352853423e-04
1.505626892376e-06 -8.092680011051e-05 1.463352853411e-04
1.505626892757e-06 -8.092680010862e-05 1.463352853402e-04
1.505626893312e-06 -8.092680010750e-05 1.463352853393e-04
1.505626894363e-06 -8.092680010662e-05 1.463352853389e-04
1.505626895642e-06 -8.092680010601e-05 1.463352853386e-04
1.505626897061e-06 -8.092680010582e-05 1.463352853384e-04
1.505626898656e-06 -8.092680010577e-05 1.463352853383e-04
1.505626900371e-06 -8.092680010579e-05 1.463352853383e-04
1.505626902141e-06 -8.092680010569e-05 1.463352853384e-04
1.505626903913e-06 -8.092680010566e-05 1.463352853385e-04
1.505626905629e-06 -8.092680010561e-05 1.463352853384e-04
1.505626907231e-06 -8.092680010563e-05 1.463352853381e-04
1.505626908141e-06 -8.092680010551e-05 1.463352853378e-04
1.505626907978e-06 -8.092680010555e-05 1.463352853378e-04
1.505626908188e-06 -8.092680010570e-05 1.463352853377e-04
1.505626908766e-06 -8.092680010584e-05 1.463352853374e-04
1.505626909585e-06 -8.092680010586e-05 1.463352853373e-04
1.505626910236e-06 -8.092680010577e-05 1.463352853373e-04
1.505626910777e-06 -8.092680010572e-05 1.463352853373e-04
1.505626911074e-06 -8.092680010555e-05 1.463352853374e-04
1.505626911272e-06 -8.092680010546e-05 1.463352853374e-04
1.505626911372e-06 -8.092680010541e-05 1.463352853374e-04
1.505626911403e-06 -8.092680010538e-05 1.463352853375e-04
1.505626911420e-06 -8.092680010536e-05 1.463352853375e-04
1.505626911421e-06 -8.092680010535e-05 1.463352853375e-04
1.505626911421e-06 -8.092680010535e-05 1.463352853375e-04
1.505626911421e-06 -8.092680010535e-05 1.463352853375e-04
1.505626911421e-06 -8.092680010535e-05 1.463352853375e-04
1.505626911426e-06 -8.092680010535e-05 1.463352853375e-04
1.505626911427e-06 -8.092680010535e-05 1.463352853375e-04
1.505626911428e-06 -8.092680010535e-05 1.463352853375e-04
1.505626911428e-06 -8.092680010535e-05 1.463352853375e-04
1.505626911429e-06 -8.092680010535e-05 1.463352853375e-04
1.505626911432e-06 -8.092680010534e-05 1.463352853375e-04
1.505626911432e-06 -8.092680010534e-05 1.463352853375e-04
1.505626911433e-06 -8.092680010534e-05 1.463352853375e-04
1.505626911433e-06 -8.092680010534e-05 1.463352853375e-04
1.505626911433e-06 -8.092680010534e-05 1.463352853375e-04
1.505626911433e-06 -8.092680010534e-05 1.463352853375e-04
1.505626911433e-06 -8.092680010534e-05 1.463352853375e-04
1.505626911432e-06 -8.092680010534e-05 1.463352853375e-04
1.505626911432e-06 -8.092680010534e-05 1.463352853375e-04
1.505626911433e-06 -8.092680010534e-05 1.463352853375e-04
1.505626911433e-06 -8.092680010534e-05 1.463352853375e-04
1.505626911433e-06 -8.092680010534e-05 1.463352853375e-04
1.505626911433e-06 -8.092680010534e-05 1.463352853375e-04
1.505626911432e-06 -8.092680010534e-05 1.463352853375e-04
1.505626911432e-06 -8.092680010534e-05 1.463352853375e-04
1.505626911432e-06 -8.092680010534e-05 1.463352853375e-04
1.505626911432e-06 -8.092680010534e-05 1.463352853375e-04
1.505626911432e-06 -8.092680010534e-05 1.463352853375e-04
1.505626911432e-06 -8.092680010534e-05 1.463352853375e-04
1.505626911432e-06 -8.092680010534e-05 1.463352853375e-04
1.505626911432e-06 -8.092680010534e-05 1.463352853375e-04
1.505626911432e-06 -8.092680010534e-05 1.463352853375e-04
1.505626911432e-06 -8.092680010534e-05 1.463352853375e-04
1.505626911432e-06 -8.092680010534e-05 1.463352853375e-04
1.505626911432e-06 -8.092680010534e-05 1.463352853375e-04
1.505626911432e-06 -8.092680010534e-05 1.463352853375e-04
1.505626911432e-06 -8.092680010534e-05 1.463352853375e-04
1.505626911432e-06 -8.092680010534e-05 1.463352853375e-04
1.505626911432e-06 -8.092680010534e-05 1.463352853375e-04
1.505626911432e-06 -8.092680010534e-05 1.463352853375e-04
1.505626911432e-06 -8.092680010534e-05 1.463352853375e-04
1.505626911432e-06 -8.092680010534e-05 1.463352853375e-04
1.505626911432e-06 -8.092680010534e-05 1.463352853375e-04
1.505626911432e-06 -8.092680010534e-05 1.463352853375e-04
1.505626911432e-06 -8.092680010534e-05 1.463352853375e-04
1.505626911432e-06 -8.092680010534e-05 1.463352853375e-04
1.505626911432e-06 -8.092680010534e-05 1.463352853375e-04
1.505626911432e-06 -8.092680010534e-05 1.463352853375e-04
1.505626911432e-06 -8.092680010534e-05 1.463352853375e-04
1.505626911431e-06 -8.092680010534e-05 1.463352853375e-04
1.505626911431e-06 -8.092680010534e-05 1.463352853375e-04
1.505626911431e-06 -8.092680010534e-05 1.463352853375e-04
1.505626911431e-06 -8.092680010534e-05 1.463352853375e-04
1.505626911431e-06 -8.092680010534e-05 1.463352853375e-04
1.505626911431e-06 -8.092680010534e-05 1.463352853375e-04
1.505626911431e-06 -8.092680010534e-05 1.463352853375e-04
1.505626911431e-06 -8.092680010534e-05 1.463352853375e-04
1.505626911431e-06 -8.092680010534e-05 1.463352853375e-04
1.505626911431e-06 -8.092680010534e-05 1.463352853375e-04
1.505626911431e-06 -8.092680010534e-05 1.463352853375e-04
1.505626911431e-06 -8.092680010534e-05 1.463352853375e-04
1.505626911431e-06 -8.092680010534e-05 1.463352853375e-04
1.505626911431e-06 -8.092680010534e-05 1.463352853375e-04
1.505626911431e-06 -8.092680010534e-05 1.463352853375e-04
1.505626911431e-06 -8.092680010534e-05 1.463352853375e-04
1.505626911431e-06 -8.092680010534e-05 1.463352853375e-04
1.505626911431e-06 -8.092680010534e-05 1.463352853375e-04
1.505626911430e-06 -8.092680010534e-05 1.463352853375e-04
1.505626911430e-06 -8.092680010534e-05 1.463352853375e-04
1.505626911430e-06 -8.092680010534e-05 1.463352853375e-04
1.505626911430e-06 -8.092680010534e-05 1.463352853375e-04
1.505626911430e-06 -8.092680010534e-05 1.463352853375e-04
1.505626911430e-06 -8.092680010534e-05 1.463352853375e-04
1.505626911430e-06 -8.092680010534e-05 1.463352853375e-04
1.505626911430e-06 -8.092680010534e-05 1.463352853375e-04
1.505626911430e-06 -8.092680010534e-05 1.463352853375e-04
1.505626911430e-06 -8.092680010534e-05 1.463352853375e-04
1.505626911430e-06 -8.092680010534e-05 1.463352853375e-04
1.505626911430e-06 -8.092680010534e-05 1.463352853375e-04
1.505626911430e-06 -8.092680010534e-05 1.463352853375e-04
1.505626911430e-06 -8.092680010534e-05 1.463352853375e-04
1.505626911430e-06 -8.092680010534e-05 1.463352853375e-04
1.505626911430e-06 -8.092680010534e-05 1.463352853375e-04
1.505626911430e-06 -8.092680010534e-05 1.463352853375e-04
1.505626911430e-06 -8.092680010534e-05 1.463352853375e-04
1.505626911430e-06 -8.092680010534e-05 1.463352853375e-04
1.505626911430e-06 -8.092680010534e-05 1.463352853375e-04
1.505626911430e-06 -8.092680010534e-05 1.463352853375e-04
1.505626911430e-06 -8.092680010534e-05 1.463352853375e-04
1.505626911430e-06 -8.092680010534e-05 1.463352853375e-04
1.505626911429e-06 -8.092680010534e-05 1.463352853375e-04
1.505626911429e-06 -8.092680010534e-05 1.463352853375e-04
1.505626911429e-06 -8.092680010534e-05 1.463352853375e-04
1.505626911429e-06 -8.092680010534e-05 1.463352853375e-04
1.505626911429e-06 -8.092680010534e-05 1.463352853375e-04
1.505626911429e-06 -8.092680010534e-05 1.463352853375e-04
1.505626911429e-06 -8.092680010534e-05 1.463352853375e-04
1.505626911429e-06 -8.092680010534e-05 1.463352853375e-04
1.505626911429e-06 -8.092680010534e-05 1.463352853375e-04
1.505626911429e-06 -8.092680010534e-05 1.463352853375e-04
1.505626911429e-06 -8.092680010534e-05 1.463352853375e-04
1.505626911429e-06 -8.092680010534e-05 1.463352853375e-04
1.505626911429e-06 -8.092680010534e-05 1.463352853375e-04
1.505626911429e-06 -8.092680010534e-05 1.463352853375e-04
1.505626911429e-06 -8.092680010534e-05 1.463352853375e-04
1.505626911429e-06 -8.092680010534e-05 1.463352853375e-04
1.505626911429e-06 -8.092680010534e-05 1.463352853375e-04
1.505626911429e-06 -8.092680010534e-05 1.463352853375e-04
1.505626911429e-06 -8.092680010534e-05 1.463352853375e-04
1.505626911429e-06 -8.092680010534e-05 1.463352853375e-04
1.505626911429e-06 -8.092680010534e-05 1.463352853375e-04
1.505626911429e-06 -8.092680010534e-05 1.463352853375e-04
1.505626911429e-06 -8.092680010534e-05 1.463352853375e-04
1.505626911429e-06 -8.092680010534e-05 1.463352853375e-04
1.505626911429e-06 -8.092680010534e-05 1.463352853375e-04
1.505626911429e-06 -8.092680010534e-05 1.463352853375e-04
1.505626911429e-06 -8.092680010534e-05 1.463352853375e-04
1.505626911429e-06 -8.092680010534e-05 1.463352853375e-04
1.505626911429e-06 -8.092680010534e-05 1.463352853375e-04
1.505626911429e-06 -8.092680010534e-05 1.463352853375e-04
1.505626911429e-06 -8.092680010534e-05 1.463352853375e-04
1.505626911429e-06 -8.092680010534e-05 1.463352853375e-04
1.505626911429e-06 -8.092680010534e-05 1.463352853375e-04
1.505626911429e-06 -8.092680010534e-05 1.463352853375e-04
1.505626911429e-06 -8.092680010534e-05 1.463352853375e-04
1.505626911429e-06 -8.092680010534e-05 1.463352853375e-04
1.505626911429e-06 -8.092680010534e-05 1.463352853375e-04
1.505626911429e-06 -8.092680010534e-05 1.463352853375e-04
1.505626911429e-06 -8.092680010534e-05 1.463352853375e-04
1.505626911428e-06 -8.092680010534e-05 1.463352853375e-04
1.505626911428e-06 -8.092680010534e-05 1.463352853375e-04
1.505626911428e-06 -8.092680010534e-05 1.463352853375e-04
1.505626911428e-06 -8.092680010534e-05 1.463352853375e-04
1.505626911428e-06 -8.092680010534e-05 1.463352853375e-04
1.505626911428e-06 -8.092680010534e-05 1.463352853375e-04
1.505626911428e-06 -8.092680010534e-05 1.463352853375e-04
1.505626911428e-06 -8.092680010534e-05 1.463352853375e-04
1.505626911428e-06 -8.092680010534e-05 1.463352853375e-04
1.505626911428e-06 -8.092680010534e-05 1.463352853375e-04
1.505626911428e-06 -8.092680010534e-05 1.463352853375e-04
1.505626911428e-06 -8.092680010534e-05 1.463352853375e-04
1.505626911428e-06 -8.092680010534e-05 1.463352853375e-04
1.505626911428e-06 -8.092680010534e-05 1.463352853375e-04
1.505626911428e-06 -8.092680010534e-05 1.463352853375e-04
1.505626911428e-06 -8.092680010534e-05 1.463352853375e-04
1.505626911428e-06 -8.092680010534e-05 1.463352853375e-04
1.505626911427e-06 -8.092680010534e-05 1.463352853375e-04
1.505626911427e-06 -8.092680010534e-05 1.463352853375e-04
1.505626911427e-06 -8.092680010534e-05 1.463352853375e-04
1.505626911427e-06 -8.092680010534e-05 1.463352853375e-04
1.505626911427e-06 -8.092680010534e-05 1.463352853375e-04
1.505626911427e-06 -8.092680010534e-05 1.463352853375e-04
1.505626911427e-06 -8.092680010534e-05 1.463352853375e-04
1.505626911427e-06 -8.092680010534e-05 1.463352853375e-04
1.505626911427e-06 -8.092680010534e-05 1.463352853375e-04
1.505626911427e-06 -8.092680010534e-05 1.463352853375e-04
1.505626911427e-06 -8.092680010534e-05 1.463352853375e-04
1.505626911427e-06 -8.092680010534e-05 1.463352853375e-04
1.505626911427e-06 -8.092680010534e-05 1.463352853375e-04
1.505626911427e-06 -8.092680010534e-05 1.463352853375e-04
1.505626911427e-06 -8.092680010534e-05 1.463352853375e-04
1.505626911427e-06 -8.092680010534e-05 1.463352853375e-04
1.505626911427e-06 -8.092680010534e-05 1.463352853375e-04
1.505626911427e-06 -8.092680010534e-05 1.463352853375e-04
1.505626911427e-06 -8.092680010534e-05 1.463352853375e-04
1.505626911427e-06 -8.092680010534e-05 1.463352853375e-04
1.505626911427e-06 -8.092680010534e-05 1.463352853375e-04
1.505626911427e-06 -8.092680010534e-05 1.463352853375e-04
1.505626911426e-06 -8.092680010534e-05 1.463352853375e-04
1.505626911426e-06 -8.092680010534e-05 1.463352853375e-04
1.505626911426e-06 -8.092680010534e-05 1.463352853375e-04
1.505626911426e-06 -8.092680010534e-05 1.463352853375e-04
1.505626911426e-06 -8.092680010534e-05 1.463352853375e-04
1.505626911426e-06 -8.092680010534e-05 1.463352853375e-04
1.505626911426e-06 -8.092680010534e-05 1.463352853375e-04
1.505626911427e-06 -8.092680010534e-05 1.463352853375e-04
1.505626911427e-06 -8.092680010534e-05 1.463352853375e-04
1.505626911427e-06 -8.092680010534e-05 1.463352853375e-04
1.505626911427e-06 -8.092680010534e-05 1.463352853375e-04
1.505626911427e-06 -8.092680010534e-05 1.463352853375e-04
1.505626911427e-06 -8.092680010534e-05 1.463352853375e-04
1.505626911427e-06 -8.092680010534e-05 1.463352853375e-04
1.505626911427e-06 -8.092680010534e-05 1.463352853375e-04
1.505626911427e-06 -8.092680010534e-05 1.463352853375e-04
1.505626911427e-06 -8.092680010534e-05 1.463352853375e-04
1.505626911427e-06 -8.092680010534e-05 1.463352853375e-04
1.505626911427e-06 -8.092680010534e-05 1.463352853375e-04
1.505626911427e-06 -8.092680010534e-05 1.463352853375e-04
1.505626911427e-06 -8.092680010534e-05 1.463352853375e-04
1.505626911427e-06 -8.092680010534e-05 1.463352853375e-04
1.505626911427e-06 -8.092680010534e-05 1.463352853375e-04
1.505626911427e-06 -8.092680010534e-05 1.463352853375e-04
1.505626911427e-06 -8.092680010534e-05 1.463352853375e-04
1.505626911427e-06 -8.092680010534e-05 1.463352853375e-04
1.505626911427e-06 -8.092680010534e-05 1.463352853375e-04
1.505626911427e-06 -8.092680010534e-05 1.463352853375e-04
1.505626911427e-06 -8.092680010534e-05 1.463352853375e-04
1.505626911427e-06 -8.092680010534e-05 1.463352853375e-04
1.505626911427e-06 -8.092680010534e-05 1.463352853375e-04
1.505626911427e-06 -8.092680010534e-05 1.463352853375e-04
1.505626911427e-06 -8.092680010534e-05 1.463352853375e-04
1.505626911427e-06 -8.092680010534e-05 1.463352853375e-04
1.505626911427e-06 -8.092680010534e-05 1.463352853375e-04
1.505626911427e-06 -8.092680010534e-05 1.463352853375e-04
1.505626911427e-06 -8.092680010534e-05 1.463352853375e-04
1.505626911427e-06 -8.092680010534e-05 1.463352853375e-04
1.505626911427e-06 -8.092680010534e-05 1.463352853375e-04
1.505626911427e-06 -8.092680010534e-05 1.463352853375e-04
1.505626911427e-06 -8.092680010534e-05 1.463352853375e-04
1.505626911427e-06 -8.092680010534e-05 1.463352853375e-04
1.505626911427e-06 -8.092680010534e-05 1.463352853375e-04
1.505626911427e-06 -8.092680010534e-05 1.463352853375e-04
1.505626911427e-06 -8.092680010534e-05 1.463352853375e-04
1.505626911427e-06 -8.092680010534e-05 1.463352853375e-04
1.505626911427e-06 -8.092680010534e-05 1.463352853375e-04
1.505626911427e-06 -8.092680010534e-05 1.463352853375e-04
1.505626911427e-06 -8.092680010534e-05 1.463352853375e-04
1.505626911427e-06 -8.092680010534e-05 1.463352853375e-04
1.505626911427e-06 -8.092680010534e-05 1.463352853375e-04
1.505626911427e-06 -8.092680010534e-05 1.463352853375e-04
1.505626911427e-06 -8.092680010534e-05 1.463352853375e-04
1.505626911427e-06 -8.092680010534e-05 1.463352853375e-04
1.505626911427e-06 -8.092680010534e-05 1.463352853375e-04
1.505626911427e-06 -8.092680010534e-05 1.463352853375e-04
1.505626911427e-06 -8.092680010534e-05 1.463352853375e-04
1.505626911427e-06 -8.092680010534e-05 1.463352853375e-04
1.505626911427e-06 -8.092680010534e-05 1.463352853375e-04
1.505626911427e-06 -8.092680010534e-05 1.463352853375e-04
1.505626911427e-06 -8.092680010534e-05 1.463352853375e-04
1.505626911427e-06 -8.092680010534e-05 1.463352853375e-04
1.505626911427e-06 -8.092680010534e-05 1.463352853375e-04
1.505626911427e-06 -8.092680010534e-05 1.463352853375e-04
1.505626911427e-06 -8.092680010534e-05 1.463352853375e-04
1.505626911427e-06 -8.092680010534e-05 1.463352853375e-04
1.505626911427e-06 -8.092680010534e-05 1.463352853375e-04
1.505626911427e-06 -8.092680010534e-05 1.463352853375e-04
1.505626911427e-06 -8.092680010534e-05 1.463352853375e-04
1.505626911427e-06 -8.092680010534e-05 1.463352853375e-04
1.505626911427e-06 -8.092680010534e-05 1.463352853375e-04
1.505626911427e-06 -8.092680010534e-05 1.463352853375e-04
1.505626911427e-06 -8.092680010534e-05 1.463352853375e-04
1.505626911427e-06 -8.092680010534e-05 1.463352853375e-04
1.505626911427e-06 -8.092680010534e-05 1.463352853375e-04
1.505626911427e-06 -8.092680010534e-05 1.463352853375e-04
1.505626911427e-06 -8.092680010534e-05 1.463352853375e-04
1.505626911427e-06 -8.092680010534e-05 1.463352853375e-04
1.505626911427e-06 -8.092680010534e-05 1.463352853375e-04
1.505626911427e-06 -8.092680010534e-05 1.463352853375e-04
1.505626911427e-06 -8.092680010534e-05 1.463352853375e-04
1.505626911427e-06 -8.092680010534e-05 1.463352853375e-04
1.505626911427e-06 -8.092680010534e-05 1.463352853375e-04
1.505626911427e-06 -8.092680010534e-05 1.463352853375e-04
1.505626911427e-06 -8.092680010534e-05 1.463352853375e-04
1.505626911427e-06 -8.092680010534e-05 1.463352853375e-04
1.505626911427e-06 -8.092680010534e-05 1.463352853375e-04
1.505626911426e-06 -8.092680010534e-05 1.463352853375e-04
1.505626911427e-06 -8.092680010534e-05 1.463352853375e-04
1.505626911427e-06 -8.092680010534e-05 1.463352853375e-04
1.505626911428e-06 -8.092680010534e-05 1.463352853375e-04
1.505626911428e-06 -8.092680010534e-05 1.463352853375e-04
1.505626911428e-06 -8.092680010534e-05 1.463352853375e-04
1.505626911428e-06 -8.092680010534e-05 1.463352853375e-04
1.505626911428e-06 -8.092680010534e-05 1.463352853375e-04
1.505626911428e-06 -8.092680010534e-05 1.463352853375e-04
1.505626911428e-06 -8.092680010534e-05 1.463352853375e-04
1.505626911428e-06 -8.092680010534e-05 1.463352853375e-04
1.505626911428e-06 -8.092680010534e-05 1.463352853375e-04
1.505626911428e-06 -8.092680010534e-05 1.463352853375e-04
1.505626911428e-06 -8.092680010534e-05 1.463352853375e-04
1.505626911428e-06 -8.092680010534e-05 1.463352853375e-04
1.505626911428e-06 -8.092680010534e-05 1.463352853375e-04
1.505626911428e-06 -8.092680010534e-05 1.463352853375e-04
1.505626911428e-06 -8.092680010534e-05 1.463352853375e-04
1.505626911428e-06 -8.092680010534e-05 1.463352853375e-04
1.505626911427e-06 -8.092680010534e-05 1.463352853375e-04
1.505626911427e-06 -8.092680010534e-05 1.463352853375e-04
1.505626911427e-06 -8.092680010534e-05 1.463352853375e-04
1.505626911427e-06 -8.092680010534e-05 1.463352853375e-04
1.505626911427e-06 -8.092680010534e-05 1.463352853375e-04
1.505626911427e-06 -8.092680010534e-05 1.463352853375e-04
1.505626911427e-06 -8.092680010534e-05 1.463352853375e-04
1.505626911427e-06 -8.092680010534e-05 1.463352853375e-04
1.505626911427e-06 -8.092680010534e-05 1.463352853375e-04
1.505626911427e-06 -8.092680010534e-05 1.463352853375e-04
1.505626911427e-06 -8.092680010534e-05 1.463352853375e-04
1.505626911427e-06 -8.092680010534e-05 1.463352853375e-04
1.505626911427e-06 -8.092680010534e-05 1.463352853375e-04
1.505626911427e-06 -8.092680010534e-05 1.463352853375e-04
1.505626911427e-06 -8.092680010534e-05 1.463352853375e-04
1.505626911427e-06 -8.092680010534e-05 1.463352853375e-04
1.505626911427e-06 -8.092680010534e-05 1.463352853375e-04
1.505626911427e-06 -8.092680010534e-05 1.463352853375e-04
1.505626911427e-06 -8.092680010534e-05 1.463352853375e-04
1.505626911427e-06 -8.092680010534e-05 1.463352853375e-04
1.505626911427e-06 -8.092680010534e-05 1.463352853375e-04
1.505626911427e-06 -8.092680010534e-05 1.463352853375e-04
1.505626911426e-06 -8.092680010534e-05 1.463352853375e-04
1.505626911426e-06 -8.092680010534e-05 1.463352853375e-04
1.505626911426e-06 -8.092680010534e-05 1.463352853375e-04
1.505626911426e-06 -8.092680010534e-05 1.463352853375e-04
1.505626911426e-06 -8.092680010534e-05 1.463352853375e-04
1.505626911426e-06 -8.092680010534e-05 1.463352853375e-04
1.505626911426e-06 -8.092680010534e-05 1.463352853375e-04
1.505626911426e-06 -8.092680010534e-05 1.463352853375e-04
1.505626911426e-06 -8.092680010534e-05 1.463352853375e-04
1.505626911426e-06 -8.092680010534e-05 1.463352853375e-04
1.505626911426e-06 -8.092680010534e-05 1.463352853375e-04
1.505626911426e-06 -8.092680010534e-05 1.463352853375e-04
1.505626911426e-06 -8.092680010534e-05 1.463352853375e-04
1.505626911426e-06 -8.092680010534e-05 1.463352853375e-04
1.505626911426e-06 -8.092680010534e-05 1.463352853375e-04
1.505626911426e-06 -8.092680010534e-05 1.463352853375e-04
1.505626911426e-06 -8.092680010534e-05 1.463352853375e-04
1.505626911425e-06 -8.092680010535e-05 1.463352853375e-04
1.505626911425e-06 -8.092680010535e-05 1.463352853375e-04
1.505626911425e-06 -8.092680010535e-05 1.463352853375e-04
1.505626911425e-06 -8.092680010535e-05 1.463352853375e-04
1.505626911425e-06 -8.092680010535e-05 1.463352853375e-04
1.505626911425e-06 -8.092680010535e-05 1.463352853375e-04
1.505626911425e-06 -8.092680010535e-05 1.463352853375e-04
1.505626911425e-06 -8.092680010535e-05 1.463352853375e-04
1.505626911425e-06 -8.092680010535e-05 1.463352853375e-04
1.505626911425e-06 -8.092680010535e-05 1.463352853375e-04
1.505626911425e-06 -8.092680010535e-05 1.463352853375e-04
1.505626911425e-06 -8.092680010535e-05 1.463352853375e-04
1.505626911425e-06 -8.092680010535e-05 1.463352853375e-04
1.505626911425e-06 -8.092680010535e-05 1.463352853375e-04
1.505626911425e-06 -8.092680010535e-05 1.463352853375e-04
1.505626911425e-06 -8.092680010535e-05 1.463352853375e-04
1.505626911425e-06 -8.092680010535e-05 1.463352853375e-04
1.505626911425e-06 -8.092680010535e-05 1.463352853375e-04
1.505626911425e-06 -8.092680010535e-05 1.463352853375e-04
1.505626911425e-06 -8.092680010535e-05 1.463352853375e-04
1.505626911425e-06 -8.092680010535e-05 1.463352853375e-04
1.505626911425e-06 -8.092680010535e-05 1.463352853375e-04
1.505626911424e-06 -8.092680010535e-05 1.463352853375e-04
1.505626911424e-06 -8.092680010535e-05 1.463352853375e-04
1.505626911424e-06 -8.092680010535e-05 1.463352853375e-04
1.505626911424e-06 -8.092680010535e-05 1.463352853375e-04
1.505626911424e-06 -8.092680010535e-05 1.463352853375e-04
1.505626911424e-06 -8.092680010535e-05 1.463352853375e-04
1.505626911424e-06 -8.092680010535e-05 1.463352853375e-04
1.505626911424e-06 -8.092680010535e-05 1.463352853375e-04
1.505626911424e-06 -8.092680010535e-05 1.463352853375e-04
1.505626911424e-06 -8.092680010535e-05 1.463352853375e-04
1.505626911424e-06 -8.092680010535e-05 1.463352853375e-04
1.505626911424e-06 -8.092680010535e-05 1.463352853375e-04
1.505626911424e-06 -8.092680010535e-05 1.463352853375e-04
1.505626911424e-06 -8.092680010535e-05 1.463352853375e-04
1.505626911424e-06 -8.092680010535e-05 1.463352853375e-04
1.505626911424e-06 -8.092680010535e-05 1.463352853375e-04
1.505626911424e-06 -8.092680010535e-05 1.463352853375e-04
1.505626911424e-06 -8.092680010535e-05 1.463352853375e-04
1.505626911423e-06 -8.092680010535e-05 1.463352853375e-04
1.505626911423e-06 -8.092680010535e-05 1.463352853375e-04
1.505626911424e-06 -8.092680010535e-05 1.463352853375e-04
1.505626911425e-06 -8.092680010535e-05 1.463352853375e-04
1.505626911425e-06 -8.092680010535e-05 1.463352853375e-04
1.505626911425e-06 -8.092680010535e-05 1.463352853375e-04
1.505626911425e-06 -8.092680010535e-05 1.463352853375e-04
1.505626911425e-06 -8.092680010535e-05 1.463352853375e-04
1.505626911425e-06 -8.092680010535e-05 1.463352853375e-04
1.505626911425e-06 -8.092680010535e-05 1.463352853375e-04
1.505626911425e-06 -8.092680010535e-05 1.463352853375e-04
1.505626911425e-06 -8.092680010535e-05 1.463352853375e-04
1.505626911425e-06 -8.092680010535e-05 1.463352853375e-04
1.505626911425e-06 -8.092680010535e-05 1.463352853375e-04
1.505626911425e-06 -8.092680010535e-05 1.463352853375e-04
1.505626911425e-06 -8.092680010535e-05 1.463352853375e-04
1.505626911425e-06 -8.092680010535e-05 1.463352853375e-04
1.505626911425e-06 -8.092680010535e-05 1.463352853375e-04
1.505626911425e-06 -8.092680010535e-05 1.463352853375e-04
1.505626911425e-06 -8.092680010535e-05 1.463352853375e-04
1.505626911425e-06 -8.092680010535e-05 1.463352853375e-04
1.505626911425e-06 -8.092680010535e-05 1.463352853375e-04
1.505626911425e-06 -8.092680010535e-05 1.463352853375e-04
1.505626911425e-06 -8.092680010535e-05 1.463352853375e-04
1.505626911424e-06 -8.092680010535e-05 1.463352853375e-04
1.505626911424e-06 -8.092680010535e-05 1.463352853375e-04
1.505626911424e-06 -8.092680010535e-05 1.463352853375e-04
1.505626911424e-06 -8.092680010535e-05 1.463352853375e-04
1.505626911424e-06 -8.092680010535e-05 1.463352853375e-04
1.505626911424e-06 -8.092680010535e-05 1.463352853375e-04
1.505626911424e-06 -8.092680010535e-05 1.463352853375e-04
1.505626911424e-06 -8.092680010535e-05 1.463352853375e-04
1.505626911424e-06 -8.092680010535e-05 1.463352853375e-04
1.505626911424e-06 -8.092680010535e-05 1.463352853375e-04
1.505626911424e-06 -8.092680010535e-05 1.463352853375e-04
1.505626911424e-06 -8.092680010535e-05 1.463352853375e-04
1.505626911424e-06 -8.092680010535e-05 1.463352853375e-04
1.505626911424e-06 -8.092680010535e-05 1.463352853375e-04
1.505626911424e-06 -8.092680010535e-05 1.463352853375e-04
1.505626911424e-06 -8.092680010535e-05 1.463352853375e-04
1.505626911424e-06 -8.092680010535e-05 1.463352853375e-04
1.505626911423e-06 -8.092680010535e-05 1.463352853375e-04
1.505626911423e-06 -8.092680010535e-05 1.463352853375e-04
1.505626911423e-06 -8.092680010535e-05 1.463352853375e-04
1.505626911423e-06 -8.092680010535e-05 1.463352853375e-04
1.505626911423e-06 -8.092680010535e-05 1.463352853375e-04
1.505626911423e-06 -8.092680010535e-05 1.463352853375e-04
1.505626911423e-06 -8.092680010535e-05 1.463352853375e-04
1.505626911423e-06 -8.092680010535e-05 1.463352853375e-04
1.505626911424e-06 -8.092680010535e-05 1.463352853375e-04
1.505626911424e-06 -8.092680010535e-05 1.463352853375e-04
1.505626911425e-06 -8.092680010535e-05 1.463352853375e-04
1.505626911425e-06 -8.092680010535e-05 1.463352853375e-04
1.505626911425e-06 -8.092680010535e-05 1.463352853375e-04
1.505626911425e-06 -8.092680010535e-05 1.463352853375e-04
1.505626911425e-06 -8.092680010535e-05 1.463352853375e-04
1.505626911425e-06 -8.092680010535e-05 1.463352853375e-04
1.505626911425e-06 -8.092680010535e-05 1.463352853375e-04
1.505626911425e-06 -8.092680010535e-05 1.463352853375e-04
1.505626911425e-06 -8.092680010535e-05 1.463352853375e-04
1.505626911425e-06 -8.092680010535e-05 1.463352853375e-04
1.505626911425e-06 -8.092680010535e-05 1.463352853375e-04
1.505626911425e-06 -8.092680010535e-05 1.463352853375e-04
1.505626911425e-06 -8.092680010535e-05 1.463352853375e-04
1.505626911425e-06 -8.092680010535e-05 1.463352853375e-04
1.505626911425e-06 -8.092680010535e-05 1.463352853375e-04
1.505626911425e-06 -8.092680010535e-05 1.463352853375e-04
1.505626911425e-06 -8.092680010535e-05 1.463352853375e-04
1.505626911425e-06 -8.092680010535e-05 1.463352853375e-04
1.505626911425e-06 -8.092680010535e-05 1.463352853375e-04
1.505626911425e-06 -8.092680010535e-05 1.463352853375e-04
1.505626911425e-06 -8.092680010535e-05 1.463352853375e-04
1.505626911425e-06 -8.092680010535e-05 1.463352853375e-04
1.505626911425e-06 -8.092680010535e-05 1.463352853375e-04
1.505626911425e-06 -8.092680010535e-05 1.463352853375e-04
1.505626911425e-06 -8.092680010535e-05 1.463352853375e-04
1.505626911425e-06 -8.092680010535e-05 1.463352853375e-04
1.505626911425e-06 -8.092680010535e-05 1.463352853375e-04
1.505626911425e-06 -8.092680010535e-05 1.463352853375e-04
1.505626911425e-06 -8.092680010535e-05 1.463352853375e-04
1.505626911425e-06 -8.092680010535e-05 1.463352853375e-04
1.505626911425e-06 -8.092680010535e-05 1.463352853375e-04
1.505626911425e-06 -8.092680010535e-05 1.463352853375e-04
1.505626911425e-06 -8.092680010535e-05 1.463352853375e-04
1.505626911425e-06 -8.092680010535e-05 1.463352853375e-04
1.505626911425e-06 -8.092680010535e-05 1.463352853375e-04
1.505626911425e-06 -8.092680010535e-05 1.463352853375e-04
1.505626911425e-06 -8.092680010535e-05 1.463352853375e-04
1.505626911425e-06 -8.092680010535e-05 1.463352853375e-04
1.505626911425e-06 -8.092680010535e-05 1.463352853375e-04
1.505626911425e-06 -8.092680010535e-05 1.463352853375e-04
1.505626911425e-06 -8.092680010535e-05 1.463352853375e-04
1.505626911425e-06 -8.092680010535e-05 1.463352853375e-04
1.505626911425e-06 -8.092680010535e-05 1.463352853375e-04
1.505626911425e-06 -8.092680010535e-05 1.463352853375e-04
1.505626911425e-06 -8.092680010535e-05 1.463352853375e-04
1.505626911425e-06 -8.092680010535e-05 1.463352853375e-04
1.505626911426e-06 -8.092680010535e-05 1.463352853375e-04
1.505626911426e-06 -8.092680010535e-05 1.463352853375e-04
1.505626911426e-06 -8.092680010535e-05 1.463352853375e-04
1.505626911426e-06 -8.092680010535e-05 1.463352853375e-04
1.505626911426e-06 -8.092680010535e-05 1.463352853375e-04
1.505626911426e-06 -8.092680010535e-05 1.463352853375e-04
1.505626911426e-06 -8.092680010535e-05 1.463352853375e-04
1.505626911426e-06 -8.092680010535e-05 1.463352853375e-04
1.505626911426e-06 -8.092680010535e-05 1.463352853375e-04
1.505626911426e-06 -8.092680010535e-05 1.463352853375e-04
1.505626911426e-06 -8.092680010535e-05 1.463352853375e-04
1.505626911426e-06 -8.092680010535e-05 1.463352853375e-04
1.505626911426e-06 -8.092680010535e-05 1.463352853375e-04
1.505626911426e-06 -8.092680010535e-05 1.463352853375e-04
1.505626911426e-06 -8.092680010535e-05 1.463352853375e-04
1.505626911426e-06 -8.092680010535e-05 1.463352853375e-04
1.505626911426e-06 -8.092680010535e-05 1.463352853375e-04
1.505626911426e-06 -8.092680010535e-05 1.463352853375e-04
1.505626911426e-06 -8.092680010535e-05 1.463352853375e-04
1.505626911426e-06 -8.092680010535e-05 1.463352853375e-04
1.505626911425e-06 -8.092680010535e-05 1.463352853375e-04
1.505626911425e-06 -8.092680010535e-05 1.463352853375e-04
1.505626911425e-06 -8.092680010535e-05 1.463352853375e-04
1.505626911425e-06 -8.092680010535e-05 1.463352853375e-04
1.505626911425e-06 -8.092680010535e-05 1.463352853375e-04
1.505626911425e-06 -8.092680010535e-05 1.463352853375e-04
1.505626911425e-06 -8.092680010535e-05 1.463352853375e-04
1.505626911425e-06 -8.092680010535e-05 1.463352853375e-04
1.505626911425e-06 -8.092680010535e-05 1.463352853375e-04
1.505626911425e-06 -8.092680010535e-05 1.463352853375e-04
1.505626911425e-06 -8.092680010535e-05 1.463352853375e-04
1.505626911425e-06 -8.092680010535e-05 1.463352853375e-04
1.505626911425e-06 -8.092680010535e-05 1.463352853375e-04
1.505626911425e-06 -8.092680010535e-05 1.463352853375e-04
1.505626911425e-06 -8.092680010535e-05 1.463352853375e-04
1.505626911425e-06 -8.092680010535e-05 1.463352853375e-04
1.505626911425e-06 -8.092680010535e-05 1.463352853375e-04
1.505626911424e-06 -8.092680010535e-05 1.463352853375e-04
1.505626911424e-06 -8.092680010535e-05 1.463352853375e-04
1.505626911424e-06 -8.092680010535e-05 1.463352853375e-04
1.505626911424e-06 -8.092680010535e-05 1.463352853375e-04
1.505626911424e-06 -8.092680010535e-05 1.463352853375e-04
1.505626911424e-06 -8.092680010535e-05 1.463352853375e-04
1.505626911424e-06 -8.092680010535e-05 1.463352853375e-04
1.505626911424e-06 -8.092680010535e-05 1.463352853375e-04
1.505626911424e-06 -8.092680010535e-05 1.463352853375e-04
1.505626911424e-06 -8.092680010535e-05 1.463352853375e-04
1.505626911424e-06 -8.092680010535e-05 1.463352853375e-04
1.505626911424e-06 -8.092680010535e-05 1.463352853375e-04
1.505626911424e-06 -8.092680010535e-05 1.463352853375e-04
1.505626911424e-06 -8.092680010535e-05 1.463352853375e-04
1.505626911424e-06 -8.092680010535e-05 1.463352853375e-04
1.505626911424e-06 -8.092680010535e-05 1.463352853375e-04
1.505626911424e-06 -8.092680010535e-05 1.463352853375e-04
1.505626911424e-06 -8.092680010535e-05 1.463352853375e-04
1.505626911424e-06 -8.092680010535e-05 1.463352853375e-04
1.505626911424e-06 -8.092680010535e-05 1.463352853375e-04
1.505626911424e-06 -8.092680010535e-05 1.463352853375e-04
1.505626911424e-06 -8.092680010535e-05 1.463352853375e-04
1.505626911424e-06 -8.092680010535e-05 1.463352853375e-04
1.505626911424e-06 -8.092680010535e-05 1.463352853375e-04
1.505626911424e-06 -8.092680010535e-05 1.463352853375e-04
1.505626911424e-06 -8.092680010535e-05 1.463352853375e-04
1.505626911424e-06 -8.092680010535e-05 1.463352853375e-04
1.505626911424e-06 -8.092680010535e-05 1.463352853375e-04
1.505626911424e-06 -8.092680010535e-05 1.463352853375e-04
1.505626911424e-06 -8.092680010535e-05 1.463352853375e-04
1.505626911424e-06 -8.092680010535e-05 1.463352853375e-04
1.505626911424e-06 -8.092680010535e-05 1.463352853375e-04
1.505626911424e-06 -8.092680010535e-05 1.463352853375e-04
1.505626911424e-06 -8.092680010535e-05 1.463352853375e-04
1.505626911424e-06 -8.092680010535e-05 1.463352853375e-04
1.505626911424e-06 -8.092680010535e-05 1.463352853375e-04
1.505626911424e-06 -8.092680010535e-05 1.463352853375e-04
1.505626911424e-06 -8.092680010535e-05 1.463352853375e-04
1.505626911424e-06 -8.092680010535e-05 1.463352853375e-04
1.505626911423e-06 -8.092680010535e-05 1.463352853375e-04
1.505626911423e-06 -8.092680010535e-05 1.463352853375e-04
1.505626911423e-06 -8.092680010535e-05 1.463352853375e-04
1.505626911423e-06 -8.092680010535e-05 1.463352853375e-04
1.505626911423e-06 -8.092680010535e-05 1.463352853375e-04
1.505626911423e-06 -8.092680010535e-05 1.463352853375e-04
1.505626911423e-06 -8.092680010535e-05 1.463352853375e-04
1.505626911423e-06 -8.092680010535e-05 1.463352853375e-04
1.505626911423e-06 -8.092680010535e-05 1.463352853375e-04
1.505626911423e-06 -8.092680010535e-05 1.463352853375e-04
1.505626911423e-06 -8.092680010535e-05 1.463352853375e-04
1.505626911423e-06 -8.092680010535e-05 1.463352853375e-04
1.505626911423e-06 -8.092680010535e-05 1.463352853375e-04
1.505626911423e-06 -8.092680010535e-05 1.463352853375e-04
1.505626911423e-06 -8.092680010535e-05 1.463352853375e-04
1.505626911423e-06 -8.092680010535e-05 1.463352853375e-04
1.505626911423e-06 -8.092680010535e-05 1.463352853375e-04
1.505626911423e-06 -8.092680010535e-05 1.463352853375e-04
1.505626911423e-06 -8.092680010535e-05 1.463352853375e-04
1.505626911423e-06 -8.092680010535e-05 1.463352853375e-04
1.505626911423e-06 -8.092680010535e-05 1.463352853375e-04
1.505626911423e-06 -8.092680010535e-05 1.463352853375e-04
1.505626911422e-06 -8.092680010535e-05 1.463352853375e-04
1.505626911422e-06 -8.092680010535e-05 1.463352853375e-04
1.505626911422e-06 -8.092680010535e-05 1.463352853375e-04
1.505626911422e-06 -8.092680010535e-05 1.463352853375e-04
1.505626911422e-06 -8.092680010535e-05 1.463352853375e-04
1.505626911422e-06 -8.092680010535e-05 1.463352853375e-04
1.505626911422e-06 -8.092680010535e-05 1.463352853375e-04
1.505626911422e-06 -8.092680010535e-05 1.463352853375e-04
1.505626911422e-06 -8.092680010535e-05 1.463352853375e-04
1.505626911422e-06 -8.092680010535e-05 1.463352853375e-04
1.505626911422e-06 -8.092680010535e-05 1.463352853375e-04
1.505626911422e-06 -8.092680010535e-05 1.463352853375e-04
1.505626911422e-06 -8.092680010535e-05 1.463352853375e-04
1.505626911422e-06 -8.092680010535e-05 1.463352853375e-04
1.505626911422e-06 -8.092680010535e-05 1.463352853375e-04
1.505626911422e-06 -8.092680010535e-05 1.463352853375e-04
1.505626911422e-06 -8.092680010535e-05 1.463352853375e-04
1.505626911422e-06 -8.092680010535e-05 1.463352853375e-04
1.505626911421e-06 -8.092680010535e-05 1.463352853375e-04
1.505626911421e-06 -8.092680010535e-05 1.463352853375e-04
1.505626911421e-06 -8.092680010535e-05 1.463352853375e-04
1.505626911421e-06 -8.092680010535e-05 1.463352853375e-04
1.505626911421e-06 -8.092680010535e-05 1.463352853375e-04
1.505626911421e-06 -8.092680010535e-05 1.463352853375e-04
1.505626911421e-06 -8.092680010535e-05 1.463352853375e-04
1.505626911421e-06 -8.092680010535e-05 1.463352853375e-04
1.505626911421e-06 -8.092680010535e-05 1.463352853375e-04
1.505626911421e-06 -8.092680010535e-05 1.463352853375e-04
1.505626911421e-06 -8.092680010535e-05 1.463352853375e-04
1.505626911421e-06 -8.092680010535e-05 1.463352853375e-04
1.505626911421e-06 -8.092680010535e-05 1.463352853375e-04
1.505626911421e-06 -8.092680010535e-05 1.463352853375e-04
1.505626911421e-06 -8.092680010535e-05 1.463352853375e-04
1.505626911421e-06 -8.092680010535e-05 1.463352853375e-04
1.505626911421e-06 -8.092680010535e-05 1.463352853375e-04
1.505626911421e-06 -8.092680010535e-05 1.463352853375e-04
1.505626911421e-06 -8.092680010535e-05 1.463352853375e-04
1.505626911421e-06 -8.092680010535e-05 1.463352853375e-04
1.505626911421e-06 -8.092680010535e-05 1.463352853375e-04
1.505626911421e-06 -8.092680010535e-05 1.463352853375e-04
1.505626911420e-06 -8.092680010535e-05 1.463352853375e-04
1.505626911420e-06 -8.092680010535e-05 1.463352853375e-04
1.505626911420e-06 -8.092680010535e-05 1.463352853375e-04
1.505626911420e-06 -8.092680010535e-05 1.463352853375e-04
1.505626911420e-06 -8.092680010535e-05 1.463352853375e-04
1.505626911420e-06 -8.092680010535e-05 1.463352853375e-04
1.505626911420e-06 -8.092680010535e-05 1.463352853375e-04
1.505626911420e-06 -8.092680010535e-05 1.463352853375e-04
1.505626911420e-06 -8.092680010535e-05 1.463352853375e-04
1.505626911420e-06 -8.092680010535e-05 1.463352853375e-04
1.505626911420e-06 -8.092680010535e-05 1.463352853375e-04
1.505626911420e-06 -8.092680010535e-05 1.463352853375e-04
1.505626911420e-06 -8.092680010535e-05 1.463352853375e-04
1.505626911420e-06 -8.092680010535e-05 1.463352853375e-04
1.505626911420e-06 -8.092680010535e-05 1.463352853375e-04
1.505626911420e-06 -8.092680010535e-05 1.463352853375e-04
1.505626911420e-06 -8.092680010535e-05 1.463352853375e-04
1.505626911419e-06 -8.092680010535e-05 1.463352853375e-04
1.505626911419e-06 -8.092680010535e-05 1.463352853375e-04
1.505626911419e-06 -8.092680010535e-05 1.463352853375e-04
1.505626911419e-06 -8.092680010535e-05 1.463352853375e-04
1.505626911419e-06 -8.092680010535e-05 1.463352853375e-04
1.505626911419e-06 -8.092680010535e-05 1.463352853375e-04
1.505626911419e-06 -8.092680010535e-05 1.463352853375e-04
1.505626911419e-06 -8.092680010535e-05 1.463352853375e-04
1.505626911419e-06 -8.092680010535e-05 1.463352853375e-04
1.505626911419e-06 -8.092680010535e-05 1.463352853375e-04
1.505626911419e-06 -8.092680010535e-05 1.463352853375e-04
1.505626911419e-06 -8.092680010535e-05 1.463352853375e-04
1.505626911419e-06 -8.092680010535e-05 1.463352853375e-04
1.505626911419e-06 -8.092680010535e-05 1.463352853375e-04
1.505626911419e-06 -8.092680010535e-05 1.463352853375e-04
1.505626911419e-06 -8.092680010535e-05 1.463352853375e-04
1.505626911419e-06 -8.092680010535e-05 1.463352853375e-04
1.505626911419e-06 -8.092680010535e-05 1.463352853375e-04
1.505626911419e-06 -8.092680010535e-05 1.463352853375e-04
1.505626911419e-06 -8.092680010535e-05 1.463352853375e-04
1.505626911419e-06 -8.092680010535e-05 1.463352853375e-04
1.505626911418e-06 -8.092680010535e-05 1.463352853375e-04
1.505626911418e-06 -8.092680010535e-05 1.463352853375e-04
1.505626911418e-06 -8.092680010535e-05 1.463352853375e-04
1.505626911418e-06 -8.092680010535e-05 1.463352853375e-04
1.505626911418e-06 -8.092680010535e-05 1.463352853375e-04
1.505626911418e-06 -8.092680010535e-05 1.463352853375e-04
1.505626911418e-06 -8.092680010535e-05 1.463352853375e-04
1.505626911418e-06 -8.092680010535e-05 1.463352853375e-04
1.505626911418e-06 -8.092680010535e-05 1.463352853375e-04
1.505626911418e-06 -8.092680010535e-05 1.463352853375e-04
1.505626911418e-06 -8.092680010535e-05 1.463352853375e-04
1.505626911418e-06 -8.092680010535e-05 1.463352853375e-04
1.505626911418e-06 -8.092680010535e-05 1.463352853375e-04
1.505626911418e-06 -8.092680010535e-05 1.463352853375e-04
1.505626911418e-06 -8.092680010535e-05 1.463352853375e-04
1.505626911418e-06 -8.092680010535e-05 1.463352853375e-04
1.505626911418e-06 -8.092680010535e-05 1.463352853375e-04
1.505626911417e-06 -8.092680010535e-05 1.463352853375e-04
1.505626911417e-06 -8.092680010535e-05 1.463352853375e-04
1.505626911417e-06 -8.092680010535e-05 1.463352853375e-04
1.505626911417e-06 -8.092680010535e-05 1.463352853375e-04
1.505626911417e-06 -8.092680010535e-05 1.463352853375e-04
1.505626911417e-06 -8.092680010535e-05 1.463352853375e-04
1.505626911417e-06 -8.092680010535e-05 1.463352853375e-04
1.505626911417e-06 -8.092680010535e-05 1.463352853375e-04
1.505626911417e-06 -8.092680010535e-05 1.463352853375e-04
1.505626911417e-06 -8.092680010535e-05 1.463352853375e-04
1.505626911417e-06 -8.092680010535e-05 1.463352853375e-04
1.505626911417e-06 -8.092680010535e-05 1.463352853375e-04
1.505626911417e-06 -8.092680010535e-05 1.463352853375e-04
1.505626911417e-06 -8.092680010535e-05 1.463352853375e-04
1.505626911417e-06 -8.092680010535e-05 1.463352853375e-04
1.505626911417e-06 -8.092680010535e-05 1.463352853375e-04
1.505626911417e-06 -8.092680010535e-05 1.463352853375e-04
1.505626911417e-06 -8.092680010535e-05 1.463352853375e-04
1.505626911417e-06 -8.092680010535e-05 1.463352853375e-04
1.505626911417e-06 -8.092680010535e-05 1.463352853375e-04
1.505626911417e-06 -8.092680010535e-05 1.463352853375e-04
1.505626911417e-06 -8.092680010535e-05 1.463352853375e-04
1.505626911416e-06 -8.092680010535e-05 1.463352853375e-04
1.505626911416e-06 -8.092680010535e-05 1.463352853375e-04
1.505626911416e-06 -8.092680010535e-05 1.463352853375e-04
1.505626911416e-06 -8.092680010535e-05 1.463352853375e-04
1.505626911416e-06 -8.092680010535e-05 1.463352853375e-04
1.505626911416e-06 -8.092680010535e-05 1.463352853375e-04
1.505626911416e-06 -8.092680010535e-05 1.463352853375e-04
1.505626911416e-06 -8.092680010535e-05 1.463352853375e-04
1.505626911416e-06 -8.092680010535e-05 1.463352853375e-04
1.505626911416e-06 -8.092680010535e-05 1.463352853375e-04
1.505626911416e-06 -8.092680010535e-05 1.463352853375e-04
1.505626911416e-06 -8.092680010535e-05 1.463352853375e-04
1.505626911416e-06 -8.092680010535e-05 1.463352853375e-04
1.505626911416e-06 -8.092680010535e-05 1.463352853375e-04
1.505626911416e-06 -8.092680010535e-05 1.463352853375e-04
1.505626911416e-06 -8.092680010535e-05 1.463352853375e-04
1.505626911416e-06 -8.092680010535e-05 1.463352853375e-04
1.505626911416e-06 -8.092680010535e-05 1.463352853375e-04
1.505626911415e-06 -8.092680010535e-05 1.463352853375e-04
1.505626911415e-06 -8.092680010535e-05 1.463352853375e-04
1.505626911415e-06 -8.092680010535e-05 1.463352853375e-04
1.505626911415e-06 -8.092680010535e-05 1.463352853375e-04
1.505626911415e-06 -8.092680010535e-05 1.463352853375e-04
1.505626911415e-06 -8.092680010535e-05 1.463352853375e-04
1.505626911415e-06 -8.092680010535e-05 1.463352853375e-04
1.505626911415e-06 -8.092680010535e-05 1.463352853375e-04
1.505626911415e-06 -8.092680010535e-05 1.463352853375e-04
1.505626911415e-06 -8.092680010535e-05 1.463352853375e-04
1.505626911415e-06 -8.092680010535e-05 1.463352853375e-04
1.505626911415e-06 -8.092680010535e-05 1.463352853375e-04
1.505626911415e-06 -8.092680010535e-05 1.463352853375e-04
1.505626911415e-06 -8.092680010535e-05 1.463352853375e-04
1.505626911415e-06 -8.092680010535e-05 1.463352853375e-04
1.505626911415e-06 -8.092680010535e-05 1.463352853375e-04
1.505626911415e-06 -8.092680010535e-05 1.463352853375e-04
1.505626911415e-06 -8.092680010535e-05 1.463352853375e-04
