1.355197246003e-03
2.608121848663e-01
8.862942108692e-01
1.694939440167e+00
2.556349325697e+00
3.381011540530e+00
4.110959702473e+00
4.712230285543e+00
5.168782381583e+00
5.477619236674e+00
5.644902643000e+00
5.682889466526e+00
5.607548495841e+00
5.436738428012e+00
5.188846106482e+00
4.881799337269e+00
4.532381526308e+00
4.155786510764e+00
3.765361631169e+00
3.372495531158e+00
2.986614534792e+00
2.615257857288e+00
2.264207451296e+00
1.937653062949e+00
1.638377147582e+00
1.367947746932e+00
1.126910326427e+00
9.149719771937e-01
7.311733632820e-01
5.740453962602e-01
4.417488982833e-01
3.321965179079e-01
2.431569324316e-01
1.723419440839e-01
1.174774882664e-01
7.635984944394e-02
4.689854963907e-02
2.714745768257e-02
1.532568320964e-02
9.829783776407e-03
9.238739820239e-03
1.231305166654e-02
1.798919460381e-02
2.537053970403e-02
3.371571556452e-02
4.242525421579e-02
5.102723670488e-02
5.916253301594e-02
6.657011893244e-02
7.307285042420e-02
7.856398485660e-02
8.299465803042e-02
8.636245667441e-02
8.870116716136e-02
9.007173232834e-02
9.055440862801e-02
9.024208459936e-02
8.923469794167e-02
8.763467140365e-02
8.554327636216e-02
8.305782649432e-02
8.026960151796e-02
7.726240182386e-02
7.411163824868e-02
7.088386661522e-02
6.763668344072e-02
6.441890690967e-02
6.127097541628e-02
5.822550436792e-02
5.530795023132e-02
5.253733878363e-02
4.992702203964e-02
4.748543525007e-02
4.521683162881e-02
4.312197802937e-02
4.119879964106e-02
3.944296592361e-02
3.784841347510e-02
3.640780437297e-02
3.511292079449e-02
3.395499846826e-02
3.292500279227e-02
3.201385233964e-02
3.121259501849e-02
3.051254241631e-02
2.990536789463e-02
2.938317385521e-02
2.893853331895e-02
2.856451058077e-02
2.825466526194e-02
2.800304360254e-02
2.780416034483e-02
2.765297407140e-02
2.754485839358e-02
2.747557094774e-02
2.744122175563e-02
2.743824214545e-02
2.746335511407e-02
2.751354773986e-02
2.758604602637e-02
2.767829236987e-02
2.778792569391e-02
2.791276417819e-02
2.805079042414e-02
2.820013884037e-02
2.835908499474e-02
2.852603666159e-02
2.869952628937e-02
2.887820462258e-02
2.906083522865e-02
2.924628970363e-02
2.943354335779e-02
2.962167121083e-02
2.980984415616e-02
2.999732518253e-02
3.018346556825e-02
3.036770098833e-02
3.054954749702e-02
3.072859736743e-02
3.090451478617e-02
3.107703141396e-02
3.124594183369e-02
3.141109891478e-02
3.157240912801e-02
3.172982784775e-02
3.188335468005e-02
3.203302885425e-02
3.217892471424e-02
3.232114734298e-02
3.245982835023e-02
3.259512184972e-02
3.272720064772e-02
3.285625266068e-02
3.298247757524e-02
3.310608375981e-02
3.322728543292e-02
3.334630009001e-02
3.346334618678e-02
3.357864107480e-02
3.369239918188e-02
3.380483042835e-02
3.391613886792e-02
3.402652154112e-02
3.413616752774e-02
3.424525718438e-02
3.435396155254e-02
3.446244192277e-02
3.457084954022e-02
3.467932543742e-02
3.478800038027e-02
3.489699491392e-02
3.500641949594e-02
3.511637470453e-02
3.522695151076e-02
3.533823160409e-02
3.545028776181e-02
3.556318425332e-02
3.567697727122e-02
3.579171538210e-02
3.590743999023e-02
3.602418580868e-02
3.614198133238e-02
3.626084930898e-02
3.638080720332e-02
3.650186765245e-02
3.662403890819e-02
3.674732526493e-02
3.687172747082e-02
3.699724312072e-02
3.712386702980e-02
3.725159158691e-02
3.738040708708e-02
3.751030204288e-02
3.764126347453e-02
3.777327717876e-02
3.790632797679e-02
3.804039994163e-02
3.817547660547e-02
3.831154114750e-02
3.844857656313e-02
3.858656581512e-02
3.872549196768e-02
3.886533830426e-02
3.900608843003e-02
3.914772635986e-02
3.929023659283e-02
3.943360417420e-02
3.957781474572e-02
3.972285458514e-02
3.986871063605e-02
4.001537052862e-02
4.016282259235e-02
4.031105586144e-02
4.046006007375e-02
4.060982566394e-02
4.076034375161e-02
4.091160612507e-02
4.106360522137e-02
4.121633410312e-02
4.136978643282e-02
4.152395644503e-02
4.167883891693e-02
4.183442913767e-02
4.199072287699e-02
4.214771635328e-02
4.230540620159e-02
4.246378944178e-02
4.262286344701e-02
4.278262591290e-02
4.294307482751e-02
4.310420844216e-02
4.326602524354e-02
4.342852392683e-02
4.359170337024e-02
4.375556261086e-02
4.392010082191e-02
4.408531729145e-02
4.425121140253e-02
4.441778261476e-02
4.458503044740e-02
4.475295446375e-02
4.492155425705e-02
4.509082943765e-02
4.526077962154e-02
4.543140442000e-02
4.560270343066e-02
4.577467622946e-02
4.594732236388e-02
4.612064134702e-02
4.629463265274e-02
4.646929571159e-02
4.664462990761e-02
4.682063457582e-02
4.699730900044e-02
4.717465241369e-02
4.735266399518e-02
4.753134287177e-02
4.771068811791e-02
4.789069875631e-02
4.807137375901e-02
4.825271204875e-02
4.843471250053e-02
4.861737394339e-02
4.880069516243e-02
4.898467490087e-02
4.916931186229e-02
4.935460471286e-02
4.954055208368e-02
4.972715257313e-02
4.991440474920e-02
5.010230715180e-02
5.029085829504e-02
5.048005666947e-02
5.066990074424e-02
5.086038896916e-02
5.105151977676e-02
5.124329158418e-02
5.143570279496e-02
5.162875180079e-02
5.182243698316e-02
5.201675671479e-02
5.221170936113e-02
5.240729328158e-02
5.260350683076e-02
5.280034835957e-02
5.299781621622e-02
5.319590874711e-02
5.339462429768e-02
5.359396121310e-02
5.379391783893e-02
5.399449252171e-02
5.419568360942e-02
5.439748945190e-02
5.459990840125e-02
5.480293881206e-02
5.500657904170e-02
5.521082745050e-02
5.541568240188e-02
5.562114226246e-02
5.582720540213e-02
5.603387019406e-02
5.624113501472e-02
5.644899824384e-02
5.665745826437e-02
5.686651346240e-02
5.707616222711e-02
5.728640295060e-02
5.749723402787e-02
5.770865385663e-02
5.792066083723e-02
5.813325337251e-02
5.834642986764e-02
5.856018873007e-02
5.877452836931e-02
5.898944719687e-02
5.920494362612e-02
5.942101607213e-02
5.963766295164e-02
5.985488268285e-02
6.007267368540e-02
6.029103438023e-02
6.050996318954e-02
6.072945853662e-02
6.094951884588e-02
6.117014254273e-02
6.139132805350e-02
6.161307380544e-02
6.183537822665e-02
6.205823974605e-02
6.228165679334e-02
6.250562779901e-02
6.273015119426e-02
6.295522541107e-02
6.318084888214e-02
6.340702004089e-02
6.363373732150e-02
6.386099915891e-02
6.408880398882e-02
6.431715024772e-02
6.454603637293e-02
6.477546080258e-02
6.500542197571e-02
6.523591833223e-02
6.546694831302e-02
6.569851035992e-02
6.593060291580e-02
6.616322442458e-02
6.639637333131e-02
6.663004808214e-02
6.686424712446e-02
6.709896890687e-02
6.733421187930e-02
6.756997449296e-02
6.780625520048e-02
6.804305245590e-02
6.828036471475e-02
6.851819043408e-02
6.875652807252e-02
6.899537609032e-02
6.923473294939e-02
6.947459711336e-02
6.971496704763e-02
6.995584121941e-02
7.019721809774e-02
7.043909615358e-02
7.068147385982e-02
7.092434969135e-02
7.116772212507e-02
7.141158963998e-02
7.165595071717e-02
7.190080383990e-02
7.214614749359e-02
7.239198016595e-02
7.263830034693e-02
7.288510652881e-02
7.312938981228e-02
7.328064562627e-02
7.317684392776e-02
7.274064134072e-02
7.199141263272e-02
7.102899048320e-02
7.000145956384e-02
6.906618517271e-02
6.835476412840e-02
6.794972655649e-02
6.787611516637e-02
6.810662492725e-02
6.857604982935e-02
6.919972415938e-02
6.989117784555e-02
7.057572613050e-02
7.119851273469e-02
7.172709951017e-02
7.214975216405e-02
7.247104271543e-02
7.270636849773e-02
7.287664961203e-02
7.300399667050e-02
7.310868587360e-02
7.320742825265e-02
7.331270663175e-02
7.343286730700e-02
7.357265981557e-02
7.373397726310e-02
7.391662670519e-02
7.411903042286e-02
7.433881284481e-02
7.457326201731e-02
7.481967227421e-02
7.507558168855e-02
7.533891927718e-02
7.560807649002e-02
7.588191712696e-02
7.615973992019e-02
7.644120822059e-02
7.672626093935e-02
7.701501770539e-02
7.730768903447e-02
7.760449941208e-02
7.790562800097e-02
7.821116865897e-02
7.852110846210e-02
7.883532217974e-02
7.915357918349e-02
7.947555899370e-02
7.980087190418e-02
8.012908167815e-02
8.045972799765e-02
8.079234704100e-02
8.112648917273e-02
8.146173322239e-02
8.179769719582e-02
8.213404552245e-02
8.247049311548e-02
8.280680663200e-02
8.314280338369e-02
8.347834837800e-02
8.381334997262e-02
8.414775460581e-02
8.448154102746e-02
8.481471440248e-02
8.514730059466e-02
8.547934087014e-02
8.581088718905e-02
8.614199818712e-02
8.647273588925e-02
8.680316314643e-02
8.713334174770e-02
8.746333113088e-02
8.779318759787e-02
8.812296393259e-02
8.845270932015e-02
8.878246947231e-02
8.911228687591e-02
8.944220109535e-02
8.977224907569e-02
9.010246540903e-02
9.043288254125e-02
9.076353090912e-02
9.109443900823e-02
9.142563340018e-02
9.175713867227e-02
9.208897736625e-02
9.242116989281e-02
9.275373444775e-02
9.308668694329e-02
9.342004096506e-02
9.375380776162e-02
9.408799627020e-02
9.442261317903e-02
9.475766302399e-02
9.509314831533e-02
9.542906968877e-02
9.576542607447e-02
9.610221487724e-02
9.643943216168e-02
9.677707283635e-02
9.711513083236e-02
9.745359927234e-02
9.779247062728e-02
9.813173685925e-02
9.847138954950e-02
9.881142001168e-02
9.915181939078e-02
9.949257874897e-02
9.983368913942e-02
1.001751416696e-01
1.005169275553e-01
1.008590381673e-01
1.012014650708e-01
1.015442000594e-01
1.018872351847e-01
1.022305627809e-01
1.025741754862e-01
1.029180662601e-01
1.032622283983e-01
1.036066555429e-01
1.039513416910e-01
1.042962811993e-01
1.046414687857e-01
1.049868995285e-01
1.053325688618e-01
1.056784725698e-01
1.060246067768e-01
1.063709679369e-01
1.067175528202e-01
1.070643584987e-01
1.074113823299e-01
1.077586219400e-01
1.081060752062e-01
1.084537402384e-01
1.088016153613e-01
1.091496990957e-01
1.094979901410e-01
1.098464873570e-01
1.101951897475e-01
1.105440964434e-01
1.108932066877e-01
1.112425198199e-01
1.115920352628e-01
1.119417525091e-01
1.122916711092e-01
1.126417906599e-01
1.129921107943e-01
1.133426311719e-01
1.136933514702e-01
1.140442713769e-01
1.143953905826e-01
1.147467087747e-01
1.150982256322e-01
1.154499408201e-01
1.158018539864e-01
1.161539647574e-01
1.165062727360e-01
1.168587774984e-01
1.172114785929e-01
1.175643755385e-01
1.179174678238e-01
1.182707549071e-01
1.186242362157e-01
1.189779111466e-01
1.193317790670e-01
1.196858393149e-01
1.200400912006e-01
1.203945340073e-01
1.207491669931e-01
1.211039893923e-01
1.214590004168e-01
1.218141992582e-01
1.221695850893e-01
1.225251570661e-01
1.228809143292e-01
1.232368560061e-01
1.235929812128e-01
1.239492890554e-01
1.243057786320e-01
1.246624490343e-01
1.250192993492e-01
1.253763286603e-01
1.257335360495e-01
1.260909205983e-01
1.264484813890e-01
1.268062175062e-01
1.271641280376e-01
1.275222120755e-01
1.278804687173e-01
1.282388970667e-01
1.285974962345e-01
1.289562653392e-01
1.293152035080e-01
1.296743098768e-01
1.300335835914e-01
1.303930238073e-01
1.307526296907e-01
1.311124004183e-01
1.314723351781e-01
1.318324331692e-01
1.321926936021e-01
1.325531156988e-01
1.329136986932e-01
1.332744418306e-01
1.336353443683e-01
1.339964055751e-01
1.343576247317e-01
1.347190011302e-01
1.350805340744e-01
1.354422228796e-01
1.358040668722e-01
1.361660653901e-01
1.365282177821e-01
1.368905234082e-01
1.372529816389e-01
1.376155918557e-01
1.379783534503e-01
1.383412658250e-01
1.387043283922e-01
1.390675405745e-01
1.394309018043e-01
1.397944115238e-01
1.401580691849e-01
1.405218742491e-01
1.408858261872e-01
1.412499244791e-01
1.416141686143e-01
1.419785580911e-01
1.423430924167e-01
1.427077711072e-01
1.430725936878e-01
1.434375596919e-01
1.438026686620e-01
1.441679201489e-01
1.445333137120e-01
1.448988489192e-01
1.452645253467e-01
1.456303425793e-01
1.459963002098e-01
1.463623978397e-01
1.467286350785e-01
1.470950115442e-01
1.474615268627e-01
1.478281806686e-01
1.481949726043e-01
1.485619023207e-01
1.489289694768e-01
1.492961737398e-01
1.496635147852e-01
1.500309922967e-01
1.503986059662e-01
1.507663554938e-01
1.511342405878e-01
1.515022609649e-01
1.518704163499e-01
1.522387064760e-01
1.526071310846e-01
1.529756899253e-01
1.533443827561e-01
1.537132093434e-01
1.540821694616e-01
1.544512628937e-01
1.548204894309e-01
1.551898488729e-01
1.555593410275e-01
1.559289657110e-01
1.562987227481e-01
1.566686119717e-01
1.570386332233e-01
1.574087863525e-01
1.577790712175e-01
1.581494876848e-01
1.585200356294e-01
1.588907149343e-01
1.592615254914e-01
1.596324672007e-01
1.600035399705e-01
1.603747437177e-01
1.607460783674e-01
1.611175438532e-01
1.614891401169e-01
1.618608671089e-01
1.622327247877e-01
1.626047131203e-01
1.629768320820e-01
1.633490816564e-01
1.637214618355e-01
1.640939726195e-01
1.644666140170e-01
1.648393860449e-01
1.652122887282e-01
1.655853221005e-01
1.659584862033e-01
1.663317810865e-01
1.667052068082e-01
1.670787634349e-01
1.674524510411e-01
1.678262697095e-01
1.682002195310e-01
1.685743006047e-01
1.689485130378e-01
1.693228569456e-01
1.696973324516e-01
1.700719396875e-01
1.704466787927e-01
1.708215499150e-01
1.711965532102e-01
1.715716888421e-01
1.719469569823e-01
1.723223578107e-01
1.726978915151e-01
1.730735582912e-01
1.734493583426e-01
1.738252918809e-01
1.742013591256e-01
1.745775603040e-01
1.749538956514e-01
1.753303654107e-01
1.757069698330e-01
1.760837091769e-01
1.764605837088e-01
1.768375937031e-01
1.772147394415e-01
1.775920212139e-01
1.779694393177e-01
1.783469940578e-01
1.787246857469e-01
1.791025147055e-01
1.794804812615e-01
1.798585857504e-01
1.802368285152e-01
1.806152099067e-01
1.809937302829e-01
1.813723900095e-01
1.817511894596e-01
1.821301290137e-01
1.825092090598e-01
1.828884299932e-01
1.832677922166e-01
1.836472961401e-01
1.840269421809e-01
1.844067307639e-01
1.847866623208e-01
1.851667372908e-01
1.855469561202e-01
1.859273192626e-01
1.863078271786e-01
1.866884803361e-01
1.870692792098e-01
1.874502242818e-01
1.878313160411e-01
1.882125549836e-01
1.885939416123e-01
1.889754764370e-01
1.893571599748e-01
1.897389927492e-01
1.901209752908e-01
1.905031081370e-01
1.908853918321e-01
1.912678269269e-01
1.916504139791e-01
1.920331535532e-01
1.924160462200e-01
1.927990925574e-01
1.931822931496e-01
1.935656485873e-01
1.939491594680e-01
1.943328263955e-01
1.947166499802e-01
1.951006308387e-01
1.954847695943e-01
1.958690668763e-01
1.962535233207e-01
1.966381395695e-01
1.970229162711e-01
1.974078540799e-01
1.977929536569e-01
1.981782156688e-01
1.985636407887e-01
1.989492296955e-01
1.993349830744e-01
1.997209016165e-01
2.001069860187e-01
2.004932369840e-01
2.008796552211e-01
2.012662414448e-01
2.016529963754e-01
2.020399207392e-01
2.024270152681e-01
2.028142806996e-01
2.032017177769e-01
2.035893272489e-01
2.039771098700e-01
2.043650664000e-01
2.047531976042e-01
2.051415042535e-01
2.055299871240e-01
2.059186469973e-01
2.063074846601e-01
2.066965009045e-01
2.070856965279e-01
2.074750723327e-01
2.078646291265e-01
2.082543677219e-01
2.086442889368e-01
2.090343935939e-01
2.094246825208e-01
2.098151565501e-01
2.102058165194e-01
2.105966632708e-01
2.109876976515e-01
2.113789205132e-01
2.117703327124e-01
2.121619351102e-01
2.125537285724e-01
2.129457139691e-01
2.133378921750e-01
2.137302640695e-01
2.141228305361e-01
2.145155924628e-01
2.149085507417e-01
2.153017062696e-01
2.156950599470e-01
2.160886126790e-01
2.164823653745e-01
2.168763189467e-01
2.172704743126e-01
2.176648323933e-01
2.180593941139e-01
2.184541604033e-01
2.188491321941e-01
2.192443104229e-01
2.196396960298e-01
2.200352899587e-01
2.204310931572e-01
2.208271065762e-01
2.212233311705e-01
2.216197678981e-01
2.220164177205e-01
2.224132816025e-01
2.228103605124e-01
2.232076554215e-01
2.236051673047e-01
2.240028971396e-01
2.244008459072e-01
2.247990145916e-01
2.251974041798e-01
2.255960156617e-01
2.259948500302e-01
2.263939082809e-01
2.267931914126e-01
2.271927004263e-01
2.275924363261e-01
2.279924001185e-01
2.283925928128e-01
2.287930154206e-01
2.291936689562e-01
2.295945544361e-01
2.299956728794e-01
2.303970253072e-01
2.307986127433e-01
2.312004362133e-01
2.316024967453e-01
2.320047953691e-01
2.324073331170e-01
2.328101110228e-01
2.332131301227e-01
2.336163914546e-01
2.340198960580e-01
2.344236449745e-01
2.348276392474e-01
2.352318799213e-01
2.356363680429e-01
2.360411046601e-01
2.364460908223e-01
2.368513275806e-01
2.372568159873e-01
2.376625570959e-01
2.380685519615e-01
2.384748016402e-01
2.388813071893e-01
2.392880696672e-01
2.396950901333e-01
2.401023696481e-01
2.405099092729e-01
2.409177100701e-01
2.413257731028e-01
2.417340994347e-01
2.421426901306e-01
2.425515462555e-01
2.429606688753e-01
2.433700590565e-01
2.437797178659e-01
2.441896463707e-01
2.445998456386e-01
2.450103167376e-01
2.454210607360e-01
2.458320787023e-01
2.462433717049e-01
2.466549408127e-01
2.470667870943e-01
2.474789116185e-01
2.478913154539e-01
2.483039996690e-01
2.487169653321e-01
2.491302135113e-01
2.495437452744e-01
2.499575616887e-01
2.503716638214e-01
2.507860527389e-01
2.512007295071e-01
2.516156951916e-01
2.520309508572e-01
2.524464975678e-01
2.528623363869e-01
2.532784683769e-01
2.536948945996e-01
2.541116161156e-01
2.545286339848e-01
2.549459492659e-01
2.553635630165e-01
2.557814762931e-01
2.561996901512e-01
2.566182056447e-01
2.570370238263e-01
2.574561457476e-01
2.578755724584e-01
2.582953050072e-01
2.587153444411e-01
2.591356918053e-01
2.595563481437e-01
2.599773144983e-01
2.603985919094e-01
2.608201814154e-01
2.612420840531e-01
2.616643008571e-01
2.620868328602e-01
2.625096810931e-01
2.629328465845e-01
2.633563303609e-01
2.637801334467e-01
2.642042568639e-01
2.646287016323e-01
2.650534687695e-01
2.654785592906e-01
2.659039742080e-01
2.663297145320e-01
2.667557812700e-01
2.671821754271e-01
2.676088980055e-01
2.680359500047e-01
2.684633324217e-01
2.688910462502e-01
2.693190924815e-01
2.697474721038e-01
2.701761861021e-01
2.706052354587e-01
2.710346211527e-01
2.714643441601e-01
2.718944054535e-01
2.723248060026e-01
2.727555467736e-01
2.731866287295e-01
2.736180528298e-01
2.740498200305e-01
2.744819312843e-01
2.749143875403e-01
2.753471897440e-01
2.757803388373e-01
2.762138357582e-01
2.766476814414e-01
2.770818768173e-01
2.775164228129e-01
2.779513203512e-01
2.783865703510e-01
2.788221737275e-01
2.792581313918e-01
2.796944442507e-01
2.801311132071e-01
2.805681391597e-01
2.810055230029e-01
2.814432656270e-01
2.818813679178e-01
2.823198307568e-01
2.827586550212e-01
2.831978415838e-01
2.836373913126e-01
2.840773050714e-01
2.845175837192e-01
2.849582281105e-01
2.853992390952e-01
2.858406175182e-01
2.862823642200e-01
2.867244800360e-01
2.871669657968e-01
2.876098223283e-01
2.880530504513e-01
2.884966509818e-01
2.889406247304e-01
2.893849725031e-01
2.898296951004e-01
2.902747933180e-01
2.907202679462e-01
2.911661197701e-01
2.916123495696e-01
2.920589581192e-01
2.925059461881e-01
2.929533145402e-01
2.934010639337e-01
2.938491951216e-01
2.942977088512e-01
2.947466058645e-01
2.951958868976e-01
2.956455526813e-01
2.960956039403e-01
2.965460413941e-01
2.969968657560e-01
2.974480777339e-01
2.978996780297e-01
2.983516673394e-01
2.988040463531e-01
2.992568157552e-01
2.997099762240e-01
3.001635284316e-01
3.006174730444e-01
3.010718107226e-01
3.015265421201e-01
3.019816678851e-01
3.024371886591e-01
3.028931050779e-01
3.033494177707e-01
3.038061273606e-01
3.042632344643e-01
3.047207396922e-01
3.051786436484e-01
3.056369469305e-01
3.060956501296e-01
3.065547538305e-01
3.070142586115e-01
3.074741650441e-01
3.079344736936e-01
3.083951851185e-01
3.088562998706e-01
3.093178184954e-01
3.097797415313e-01
3.102420695103e-01
3.107048029575e-01
3.111679423912e-01
3.116314883232e-01
3.120954412580e-01
3.125598016937e-01
3.130245701212e-01
3.134897470248e-01
3.139553328815e-01
3.144213281617e-01
3.148877333286e-01
3.153545488384e-01
3.158217751403e-01
3.162894126766e-01
3.167574618822e-01
3.172259231852e-01
3.176947970064e-01
3.181640837594e-01
3.186337838507e-01
3.191038976797e-01
3.195744256383e-01
3.200453681115e-01
3.205167254767e-01
3.209884981042e-01
3.214606863570e-01
3.219332905906e-01
3.224063111533e-01
3.228797483860e-01
3.233536026221e-01
3.238278741877e-01
3.243025634014e-01
3.247776705743e-01
3.252531960102e-01
3.257291400053e-01
3.262055028481e-01
3.266822848199e-01
3.271594861942e-01
3.276371072372e-01
3.281151482071e-01
3.285936093549e-01
3.290724909237e-01
3.295517931493e-01
3.300315162594e-01
3.305116604745e-01
3.309922260070e-01
3.314732130619e-01
3.319546218364e-01
3.324364525199e-01
3.329187052941e-01
3.334013803330e-01
3.338844778029e-01
3.343679978620e-01
3.348519406611e-01
3.353363063430e-01
3.358210950426e-01
3.363063068871e-01
3.367919419958e-01
3.372780004803e-01
3.377644824440e-01
3.382513879827e-01
3.387387171843e-01
3.392264701287e-01
3.397146468879e-01
3.402032475261e-01
3.406922720993e-01
3.411817206559e-01
3.416715932361e-01
3.421618898723e-01
3.426526105889e-01
3.431437554022e-01
3.436353243207e-01
3.441273173449e-01
3.446197344671e-01
3.451125756719e-01
3.456058409356e-01
3.460995302268e-01
3.465936435057e-01
3.470881807247e-01
3.475831418282e-01
3.480785267526e-01
3.485743354260e-01
3.490705677686e-01
3.495672236927e-01
3.500643031022e-01
3.505618058933e-01
3.510597319540e-01
3.515580811640e-01
3.520568533953e-01
3.525560485116e-01
3.530556663686e-01
3.535557068138e-01
3.540561696868e-01
3.545570548190e-01
3.550583620337e-01
3.555600911461e-01
3.560622419635e-01
3.565648142848e-01
3.570678079011e-01
3.575712225951e-01
3.580750581418e-01
3.585793143076e-01
3.590839908514e-01
3.595890875234e-01
3.600946040662e-01
3.606005402140e-01
3.611068956930e-01
3.616136702213e-01
3.621208635090e-01
3.626284752580e-01
3.631365051621e-01
3.636449529071e-01
3.641538181707e-01
3.646631006224e-01
3.651727999238e-01
3.656829157283e-01
3.661934476812e-01
3.667043954199e-01
3.672157585736e-01
3.677275367634e-01
3.682397296024e-01
3.687523366958e-01
3.692653576404e-01
3.697787920252e-01
3.702926394311e-01
3.708068994311e-01
3.713215715898e-01
3.718366554642e-01
3.723521506029e-01
3.728680565468e-01
3.733843728286e-01
3.739010989730e-01
3.744182344967e-01
3.749357789086e-01
3.754537317094e-01
3.759720923917e-01
3.764908604405e-01
3.770100353326e-01
3.775296165367e-01
3.780496035139e-01
3.785699957171e-01
3.790907925913e-01
3.796119935736e-01
3.801335980931e-01
3.806556055711e-01
3.811780154210e-01
3.817008270481e-01
3.822240398500e-01
3.827476532164e-01
3.832716665290e-01
3.837960791618e-01
3.843208904808e-01
3.848460998441e-01
3.853717066022e-01
3.858977100976e-01
3.864241096650e-01
3.869509046313e-01
3.874780943156e-01
3.880056780291e-01
3.885336550754e-01
3.890620247502e-01
3.895907863415e-01
3.901199391296e-01
3.906494823868e-01
3.911794153779e-01
3.917097373599e-01
3.922404475823e-01
3.927715452864e-01
3.933030297064e-01
3.938349000683e-01
3.943671555909e-01
3.948997954850e-01
3.954328189538e-01
3.959662251930e-01
3.965000133907e-01
3.970341827271e-01
3.975687323751e-01
3.981036615000e-01
3.986389692593e-01
3.991746548030e-01
3.997107172738e-01
4.002471558067e-01
4.007839695289e-01
4.013211575605e-01
4.018587190139e-01
4.023966529940e-01
4.029349585983e-01
4.034736349168e-01
4.040126810320e-01
4.045520960189e-01
4.050918789454e-01
4.056320288715e-01
4.061725448502e-01
4.067134259269e-01
4.072546711397e-01
4.077962795193e-01
4.083382500890e-01
4.088805818650e-01
4.094232738559e-01
4.099663250630e-01
4.105097344806e-01
4.110535010953e-01
4.115976238868e-01
4.121421018273e-01
4.126869338819e-01
4.132321190084e-01
4.137776561573e-01
4.143235442721e-01
4.148697822890e-01
4.154163691370e-01
4.159633037380e-01
4.165105850067e-01
4.170582118507e-01
4.176061831705e-01
4.181544978595e-01
4.187031548039e-01
4.192521528830e-01
4.198014909688e-01
4.203511679266e-01
4.209011826143e-01
4.214515338830e-01
4.220022205767e-01
4.225532415325e-01
4.231045955805e-01
4.236562815438e-01
4.242082982386e-01
4.247606444741e-01
4.253133190526e-01
4.258663207695e-01
4.264196484134e-01
4.269733007660e-01
4.275272766020e-01
4.280815746894e-01
4.286361937893e-01
4.291911326561e-01
4.297463900373e-01
4.303019646735e-01
4.308578552988e-01
4.314140606404e-01
4.319705794187e-01
4.325274103475e-01
4.330845521338e-01
4.336420034779e-01
4.341997630736e-01
4.347578296078e-01
4.353162017610e-01
4.358748782067e-01
4.364338576121e-01
4.369931386377e-01
4.375527199374e-01
4.381126001586e-01
4.386727779420e-01
4.392332519219e-01
4.397940207259e-01
4.403550829753e-01
4.409164372847e-01
4.414780822624e-01
4.420400165102e-01
4.426022386233e-01
4.431647471906e-01
4.437275407946e-01
4.442906180114e-01
4.448539774105e-01
4.454176175554e-01
4.459815370029e-01
4.465457343036e-01
4.471102080018e-01
4.476749566355e-01
4.482399787363e-01
4.488052728296e-01
4.493708374346e-01
4.499366710641e-01
4.505027722248e-01
4.510691394171e-01
4.516357711353e-01
4.522026658674e-01
4.527698220954e-01
4.533372382949e-01
4.539049129356e-01
4.544728444810e-01
4.550410313884e-01
4.556094721092e-01
4.561781650886e-01
4.567471087658e-01
4.573163015739e-01
4.578857419400e-01
4.584554282854e-01
4.590253590250e-01
4.595955325681e-01
4.601659473178e-01
4.607366016715e-01
4.613074940204e-01
4.618786227500e-01
4.624499862399e-01
4.630215828637e-01
4.635934109893e-01
4.641654689786e-01
4.647377551878e-01
4.653102679673e-01
4.658830056616e-01
4.664559666096e-01
4.670291491442e-01
4.676025515929e-01
4.681761722771e-01
4.687500095128e-01
4.693240616101e-01
4.698983268736e-01
4.704728036021e-01
4.710474900890e-01
4.716223846219e-01
4.721974854827e-01
4.727727909480e-01
4.733482992887e-01
4.739240087700e-01
4.744999176519e-01
4.750760241886e-01
4.756523266290e-01
4.762288232163e-01
4.768055121886e-01
4.773823917782e-01
4.779594602122e-01
4.785367157123e-01
4.791141564946e-01
4.796917807702e-01
4.802695867444e-01
4.808475726176e-01
4.814257365846e-01
4.820040768352e-01
4.825825915536e-01
4.831612789189e-01
4.837401371051e-01
4.843191642808e-01
4.848983586094e-01
4.854777182493e-01
4.860572413537e-01
4.866369260704e-01
4.872167705426e-01
4.877967729078e-01
4.883769312989e-01
4.889572438436e-01
4.895377086644e-01
4.901183238790e-01
4.906990876000e-01
4.912799979350e-01
4.918610529869e-01
4.924422508532e-01
4.930235896270e-01
4.936050673961e-01
4.941866822437e-01
4.947684322479e-01
4.953503154823e-01
4.959323300154e-01
4.965144739111e-01
4.970967452284e-01
4.976791420217e-01
4.982616623406e-01
4.988443042300e-01
4.994270657300e-01
5.000099448764e-01
5.005929397001e-01
5.011760482273e-01
5.017592684799e-01
5.023425984750e-01
5.029260362254e-01
5.035095797392e-01
5.040932270199e-01
5.046769760669e-01
5.052608248748e-01
5.058447714340e-01
5.064288137304e-01
5.070129497456e-01
5.075971774567e-01
5.081814948366e-01
5.087658998539e-01
5.093503904729e-01
5.099349646536e-01
5.105196203520e-01
5.111043555195e-01
5.116891681037e-01
5.122740560478e-01
5.128590172910e-01
5.134440497685e-01
5.140291514112e-01
5.146143201460e-01
5.151995538960e-01
5.157848505802e-01
5.163702081134e-01
5.169556244067e-01
5.175410973673e-01
5.181266248986e-01
5.187122048998e-01
5.192978352665e-01
5.198835138906e-01
5.204692386600e-01
5.210550074591e-01
5.216408181683e-01
5.222266686646e-01
5.228125568211e-01
5.233984805075e-01
5.239844375896e-01
5.245704259301e-01
5.251564433876e-01
5.257424878177e-01
5.263285570721e-01
5.269146489995e-01
5.275007614447e-01
5.280868922494e-01
5.286730392520e-01
5.292592002875e-01
5.298453731873e-01
5.304315557802e-01
5.310177458911e-01
5.316039413421e-01
5.321901399521e-01
5.327763395366e-01
5.333625379084e-01
5.339487328770e-01
5.345349222488e-01
5.351211038275e-01
5.357072754135e-01
5.362934348045e-01
5.368795797951e-01
5.374657081774e-01
5.380518177402e-01
5.386379062698e-01
5.392239715498e-01
5.398100113608e-01
5.403960234811e-01
5.409820056859e-01
5.415679557481e-01
5.421538714381e-01
5.427397505234e-01
5.433255907692e-01
5.439113899384e-01
5.444971457912e-01
5.450828560855e-01
5.456685185769e-01
5.462541310187e-01
5.468396911618e-01
5.474251967550e-01
5.480106455449e-01
5.485960352757e-01
5.491813636898e-01
5.497666285273e-01
5.503518275264e-01
5.509369584233e-01
5.515220189520e-01
5.521070068450e-01
5.526919198324e-01
5.532767556429e-01
5.538615120033e-01
5.544461866384e-01
5.550307772716e-01
5.556152816245e-01
5.561996974171e-01
5.567840223678e-01
5.573682541934e-01
5.579523906093e-01
5.585364293294e-01
5.591203680661e-01
5.597042045307e-01
5.602879364328e-01
5.608715614810e-01
5.614550773826e-01
5.620384818437e-01
5.626217725692e-01
5.632049472630e-01
5.637880036278e-01
5.643709393654e-01
5.649537521767e-01
5.655364397615e-01
5.661189998189e-01
5.667014300471e-01
5.672837281436e-01
5.678658918050e-01
5.684479187274e-01
5.690298066061e-01
5.696115531362e-01
5.701931560117e-01
5.707746129264e-01
5.713559215739e-01
5.719370796470e-01
5.725180848383e-01
5.730989348402e-01
5.736796273448e-01
5.742601600440e-01
5.748405306296e-01
5.754207367932e-01
5.760007762266e-01
5.765806466213e-01
5.771603456692e-01
5.777398710619e-01
5.783192204917e-01
5.788983916507e-01
5.794773822313e-01
5.800561899265e-01
5.806348124294e-01
5.812132474336e-01
5.817914926333e-01
5.823695457231e-01
5.829474043983e-01
5.835250663547e-01
5.841025292889e-01
5.846797908983e-01
5.852568488809e-01
5.858337009357e-01
5.864103447627e-01
5.869867780628e-01
5.875629985378e-01
5.881390038908e-01
5.887147918258e-01
5.892903600483e-01
5.898657062646e-01
5.904408281827e-01
5.910157235118e-01
5.915903899626e-01
5.921648252472e-01
5.927390270791e-01
5.933129931737e-01
5.938867212478e-01
5.944602090199e-01
5.950334542104e-01
5.956064545414e-01
5.961792077369e-01
5.967517115230e-01
5.973239636274e-01
5.978959617804e-01
5.984677037138e-01
5.990391871621e-01
5.996104098617e-01
6.001813695513e-01
6.007520639722e-01
6.013224908677e-01
6.018926479840e-01
6.024625330695e-01
6.030321438752e-01
6.036014781549e-01
6.041705336651e-01
6.047393081649e-01
6.053077994162e-01
6.058760051841e-01
6.064439232362e-01
6.070115513435e-01
6.075788872797e-01
6.081459288220e-01
6.087126737506e-01
6.092791198487e-01
6.098452649033e-01
6.104111067044e-01
6.109766430455e-01
6.115418717237e-01
6.121067905395e-01
6.126713972971e-01
6.132356898044e-01
6.137996658729e-01
6.143633233181e-01
6.149266599592e-01
6.154896736192e-01
6.160523621254e-01
6.166147233088e-01
6.171767550049e-01
6.177384550530e-01
6.182998212968e-01
6.188608515843e-01
6.194215437677e-01
6.199818957038e-01
6.205419052537e-01
6.211015702832e-01
6.216608886626e-01
6.222198582669e-01
6.227784769757e-01
6.233367426736e-01
6.238946532498e-01
6.244522065987e-01
6.250094006193e-01
6.255662332159e-01
6.261227022978e-01
6.266788057795e-01
6.272345415807e-01
6.277899076263e-01
6.283449018465e-01
6.288995221772e-01
6.294537665595e-01
6.300076329399e-01
6.305611192709e-01
6.311142235102e-01
6.316669436215e-01
6.322192775740e-01
6.327712233431e-01
6.333227789099e-01
6.338739422612e-01
6.344247113900e-01
6.349750842956e-01
6.355250589832e-01
6.360746334641e-01
6.366238057560e-01
6.371725738829e-01
6.377209358751e-01
6.382688897695e-01
6.388164336091e-01
6.393635654440e-01
6.399102833303e-01
6.404565853313e-01
6.410024695168e-01
6.415479339633e-01
6.420929767541e-01
6.426375959798e-01
6.431817897374e-01
6.437255561313e-01
6.442688932729e-01
6.448117992806e-01
6.453542722801e-01
6.458963104044e-01
6.464379117937e-01
6.469790745955e-01
6.475197969649e-01
6.480600770644e-01
6.485999130638e-01
6.491393031409e-01
6.496782454809e-01
6.502167382767e-01
6.507547797288e-01
6.512923680459e-01
6.518295014441e-01
6.523661781477e-01
6.529023963890e-01
6.534381544082e-01
6.539734504534e-01
6.545082827811e-01
6.550426496560e-01
6.555765493507e-01
6.561099801465e-01
6.566429403326e-01
6.571754282071e-01
6.577074420760e-01
6.582389802542e-01
6.587700410648e-01
6.593006228398e-01
6.598307239196e-01
6.603603426534e-01
6.608894773992e-01
6.614181265236e-01
6.619462884020e-01
6.624739614189e-01
6.630011439676e-01
6.635278344504e-01
6.640540312786e-01
6.645797328726e-01
6.651049376618e-01
6.656296440849e-01
6.661538505898e-01
6.666775556335e-01
6.672007576823e-01
6.677234552121e-01
6.682456467078e-01
6.687673306640e-01
6.692885055846e-01
6.698091699831e-01
6.703293223824e-01
6.708489613152e-01
6.713680853236e-01
6.718866929596e-01
6.724047827845e-01
6.729223533700e-01
6.734394032969e-01
6.739559311562e-01
6.744719355487e-01
6.749874150851e-01
6.755023683859e-01
6.760167940818e-01
6.765306908133e-01
6.770440572309e-01
6.775568919954e-01
6.780691937776e-01
6.785809612584e-01
6.790921931288e-01
6.796028880900e-01
6.801130448538e-01
6.806226621418e-01
6.811317386862e-01
6.816402732292e-01
6.821482645237e-01
6.826557113328e-01
6.831626124302e-01
6.836689665997e-01
6.841747726359e-01
6.846800293437e-01
6.851847355386e-01
6.856888900466e-01
6.861924917044e-01
6.866955393592e-01
6.871980318686e-01
6.876999681012e-01
6.882013469362e-01
6.887021672632e-01
6.892024279829e-01
6.897021280064e-01
6.902012662556e-01
6.906998416634e-01
6.911978531732e-01
6.916952997393e-01
6.921921803270e-01
6.926884939120e-01
6.931842394814e-01
6.936794160328e-01
6.941740225747e-01
6.946680581267e-01
6.951615217191e-01
6.956544123932e-01
6.961467292011e-01
6.966384712062e-01
6.971296374825e-01
6.976202271151e-01
6.981102392000e-01
6.985996728444e-01
6.990885271661e-01
6.995768012944e-01
7.000644943690e-01
7.005516055412e-01
7.010381339729e-01
7.015240788373e-01
7.020094393183e-01
7.024942146113e-01
7.029784039222e-01
7.034620064683e-01
7.039450214777e-01
7.044274481898e-01
7.049092858548e-01
7.053905337338e-01
7.058711910993e-01
7.063512572347e-01
7.068307314341e-01
7.073096130031e-01
7.077879012580e-01
7.082655955261e-01
7.087426951459e-01
7.092191994667e-01
7.096951078488e-01
7.101704196637e-01
7.106451342935e-01
7.111192511315e-01
7.115927695820e-01
7.120656890599e-01
7.125380089914e-01
7.130097288135e-01
7.134808479738e-01
7.139513659313e-01
7.144212821553e-01
7.148905961265e-01
7.153593073359e-01
7.158274152857e-01
7.162949194887e-01
7.167618194686e-01
7.172281147597e-01
7.176938049071e-01
7.181588894667e-01
7.186233680051e-01
7.190872400993e-01
7.195505053373e-01
7.200131633175e-01
7.204752136489e-01
7.209366559511e-01
7.213974898543e-01
7.218577149993e-01
7.223173310371e-01
7.227763376293e-01
7.232347344481e-01
7.236925211758e-01
7.241496975052e-01
7.246062631396e-01
7.250622177922e-01
7.255175611869e-01
7.259722930577e-01
7.264264131486e-01
7.268799212140e-01
7.273328170183e-01
7.277851003360e-01
7.282367709518e-01
7.286878286603e-01
7.291382732659e-01
7.295881045833e-01
7.300373224368e-01
7.304859266608e-01
7.309339170993e-01
7.313812936060e-01
7.318280560446e-01
7.322742042884e-01
7.327197382201e-01
7.331646577322e-01
7.336089627268e-01
7.340526531153e-01
7.344957288188e-01
7.349381897675e-01
7.353800359011e-01
7.358212671688e-01
7.362618835285e-01
7.367018849480e-01
7.371412714036e-01
7.375800428811e-01
7.380181993752e-01
7.384557408896e-01
7.388926674369e-01
7.393289790386e-01
7.397646757250e-01
7.401997575351e-01
7.406342245168e-01
7.410680767264e-01
7.415013142289e-01
7.419339370979e-01
7.423659454153e-01
7.427973392714e-01
7.432281187651e-01
7.436582840033e-01
7.440878351012e-01
7.445167721822e-01
7.449450953777e-01
7.453728048271e-01
7.457999006779e-01
7.462263830855e-01
7.466522522129e-01
7.470775082309e-01
7.475021513183e-01
7.479261816610e-01
7.483495994530e-01
7.487724048954e-01
7.491945981968e-01
7.496161795731e-01
7.500371492476e-01
7.504575074507e-01
7.508772544198e-01
7.512963903996e-01
7.517149156416e-01
7.521328304042e-01
7.525501349527e-01
7.529668295590e-01
7.533829145018e-01
7.537983900664e-01
7.542132565445e-01
7.546275142343e-01
7.550411634403e-01
7.554542044734e-01
7.558666376505e-01
7.562784632948e-01
7.566896817355e-01
7.571002933076e-01
7.575102983523e-01
7.579196972161e-01
7.583284902517e-01
7.587366778171e-01
7.591442602760e-01
7.595512379974e-01
7.599576113559e-01
7.603633807311e-01
7.607685465080e-01
7.611731090767e-01
7.615770688321e-01
7.619804261745e-01
7.623831815085e-01
7.627853352438e-01
7.631868877947e-01
7.635878395801e-01
7.639881910234e-01
7.643879425522e-01
7.647870945988e-01
7.651856475994e-01
7.655836019944e-01
7.659809582284e-01
7.663777167497e-01
7.667738780107e-01
7.671694424673e-01
7.675644105794e-01
7.679587828102e-01
7.683525596264e-01
7.687457414983e-01
7.691383288992e-01
7.695303223059e-01
7.699217221980e-01
7.703125290584e-01
7.707027433727e-01
7.710923656294e-01
7.714813963198e-01
7.718698359376e-01
7.722576849793e-01
7.726449439436e-01
7.730316133316e-01
7.734176936468e-01
7.738031853945e-01
7.741880890823e-01
7.745724052197e-01
7.749561343179e-01
7.753392768900e-01
7.757218334507e-01
7.761038045162e-01
7.764851906041e-01
7.768659922334e-01
7.772462099244e-01
7.776258441985e-01
7.780048955779e-01
7.783833645862e-01
7.787612517474e-01
7.791385575865e-01
7.795152826289e-01
7.798914274009e-01
7.802669924289e-01
7.806419782397e-01
7.810163853603e-01
7.813902143180e-01
7.817634656400e-01
7.821361398533e-01
7.825082374849e-01
7.828797590613e-01
7.832507051089e-01
7.836210761534e-01
7.839908727200e-01
7.843600953329e-01
7.847287445161e-01
7.850968207921e-01
7.854643246827e-01
7.858312567084e-01
7.861976173888e-01
7.865634072417e-01
7.869286267839e-01
7.872932765305e-01
7.876573569949e-01
7.880208686889e-01
7.883838121224e-01
7.887461878032e-01
7.891079962374e-01
7.894692379285e-01
7.898299133782e-01
7.901900230854e-01
7.905495675469e-01
7.909085472568e-01
7.912669627064e-01
7.916248143845e-01
7.919821027767e-01
7.923388283657e-01
7.926949916315e-01
7.930505930502e-01
7.934056330953e-01
7.937601122365e-01
7.941140309400e-01
7.944673896686e-01
7.948201888812e-01
7.951724290331e-01
7.955241105755e-01
7.958752339555e-01
7.962257996164e-01
7.965758079971e-01
7.969252595321e-01
7.972741546515e-01
7.976224937810e-01
7.979702773417e-01
7.983175057498e-01
7.986641794166e-01
7.990102987487e-01
7.993558641476e-01
7.997008760095e-01
8.000453347257e-01
8.003892406817e-01
8.007325942580e-01
8.010753958292e-01
8.014176457646e-01
8.017593444275e-01
8.021004921754e-01
8.024410893601e-01
8.027811363270e-01
8.031206334155e-01
8.034595809590e-01
8.037979792843e-01
8.041358287118e-01
8.044731295554e-01
8.048098821225e-01
8.051460867136e-01
8.054817436224e-01
8.058168531359e-01
8.061514155337e-01
8.064854310886e-01
8.068189000662e-01
8.071518227245e-01
8.074841993144e-01
8.078160300793e-01
8.081473152548e-01
8.084780550690e-01
8.088082497421e-01
8.091378994866e-01
8.094670045069e-01
8.097955649995e-01
8.101235811525e-01
8.104510531459e-01
8.107779811516e-01
8.111043653326e-01
8.114302058438e-01
8.117555028314e-01
8.120802564327e-01
8.124044667765e-01
8.127281339825e-01
8.130512581617e-01
8.133738394157e-01
8.136958778372e-01
8.140173735097e-01
8.143383265073e-01
8.146587368947e-01
8.149786047272e-01
8.152979300503e-01
8.156167129002e-01
8.159349533030e-01
8.162526512752e-01
8.165698068234e-01
8.168864199440e-01
8.172024906236e-01
8.175180188383e-01
8.178330045543e-01
8.181474477272e-01
8.184613483024e-01
8.187747062148e-01
8.190875213885e-01
8.193997937371e-01
8.197115231636e-01
8.200227095600e-01
8.203333528074e-01
8.206434527762e-01
8.209530093255e-01
8.212620223034e-01
8.215704915466e-01
8.218784168809e-01
8.221857981205e-01
8.224926350681e-01
8.227989275152e-01
8.231046752415e-01
8.234098780152e-01
8.237145355926e-01
8.240186477183e-01
8.243222141252e-01
8.246252345340e-01
8.249277086535e-01
8.252296361806e-01
8.255310167999e-01
8.258318501838e-01
8.261321359923e-01
8.264318738734e-01
8.267310634624e-01
8.270297043821e-01
8.273277962429e-01
8.276253386426e-01
8.279223311663e-01
8.282187733862e-01
8.285146648619e-01
8.288100051401e-01
8.291047937545e-01
8.293990302258e-01
8.296927140617e-01
8.299858447568e-01
8.302784217925e-01
8.305704446369e-01
8.308619127450e-01
8.311528255583e-01
8.314431825049e-01
8.317329829994e-01
8.320222264430e-01
8.323109122233e-01
8.325990397142e-01
8.328866082759e-01
8.331736172550e-01
8.334600659841e-01
8.337459537822e-01
8.340312799542e-01
8.343160437911e-01
8.346002445700e-01
8.348838815538e-01
8.351669539914e-01
8.354494611175e-01
8.357314021527e-01
8.360127763031e-01
8.362935827610e-01
8.365738207038e-01
8.368534892948e-01
8.371325876830e-01
8.374111150026e-01
8.376890703736e-01
8.379664529012e-01
8.382432616761e-01
8.385194957744e-01
8.387951542575e-01
8.390702361720e-01
8.393447405499e-01
8.396186664081e-01
8.398920127491e-01
8.401647785600e-01
8.404369628134e-01
8.407085644667e-01
8.409795824626e-01
8.412500157284e-01
8.415198631767e-01
8.417891237047e-01
8.420577961948e-01
8.423258795139e-01
8.425933725140e-01
8.428602740318e-01
8.431265828886e-01
8.433922978907e-01
8.436574178288e-01
8.439219414785e-01
8.441858675999e-01
8.444491949378e-01
8.447119222215e-01
8.449740481650e-01
8.452355714666e-01
8.454964908094e-01
8.457568048607e-01
8.460165122725e-01
8.462756116812e-01
8.465341017076e-01
8.467919809567e-01
8.470492480183e-01
8.473059014662e-01
8.475619398588e-01
8.478173617385e-01
8.480721656324e-01
8.483263500517e-01
8.485799134919e-01
8.488328544327e-01
8.490851713381e-01
8.493368626564e-01
8.495879268200e-01
8.498383622457e-01
8.500881673342e-01
8.503373404708e-01
8.505858800246e-01
8.508337843491e-01
8.510810517818e-01
8.513276806446e-01
8.515736692432e-01
8.518190158678e-01
8.520637187925e-01
8.523077762757e-01
8.525511865596e-01
8.527939478709e-01
8.530360584203e-01
8.532775164025e-01
8.535183199965e-01
8.537584673652e-01
8.539979566558e-01
8.542367859996e-01
8.544749535118e-01
8.547124572920e-01
8.549492954239e-01
8.551854659751e-01
8.554209669975e-01
8.556557965272e-01
8.558899525843e-01
8.561234331730e-01
8.563562362819e-01
8.565883598836e-01
8.568198019348e-01
8.570505603765e-01
8.572806331339e-01
8.575100181163e-01
8.577387132174e-01
8.579667163149e-01
8.581940252708e-01
8.584206379315e-01
8.586465521275e-01
8.588717656737e-01
8.590962763693e-01
8.593200819976e-01
8.595431803264e-01
8.597655691081e-01
8.599872460789e-01
8.602082089599e-01
8.604284554562e-01
8.606479832578e-01
8.608667900387e-01
8.610848734576e-01
8.613022311576e-01
8.615188607665e-01
8.617347598965e-01
8.619499261443e-01
8.621643570913e-01
8.623780503036e-01
8.625910033318e-01
8.628032137113e-01
8.630146789620e-01
8.632253965889e-01
8.634353640814e-01
8.636445789140e-01
8.638530385457e-01
8.640607404207e-01
8.642676819679e-01
8.644738606011e-01
8.646792737193e-01
8.648839187062e-01
8.650877929307e-01
8.652908937468e-01
8.654932184936e-01
8.656947644952e-01
8.658955290611e-01
8.660955094859e-01
8.662947030495e-01
8.664931070172e-01
8.666907186394e-01
8.668875351523e-01
8.670835537772e-01
8.672787717209e-01
8.674731861760e-01
8.676667943204e-01
8.678595933179e-01
8.680515803176e-01
8.682427524546e-01
8.684331068497e-01
8.686226406094e-01
8.688113508264e-01
8.689992345789e-01
8.691862889313e-01
8.693725109340e-01
8.695578976235e-01
8.697424460223e-01
8.699261531393e-01
8.701090159693e-01
8.702910314940e-01
8.704721966807e-01
8.706525084838e-01
8.708319638436e-01
8.710105596873e-01
8.711882929286e-01
8.713651604678e-01
8.715411591920e-01
8.717162859750e-01
8.718905376773e-01
8.720639111467e-01
8.722364032176e-01
8.724080107117e-01
8.725787304375e-01
8.727485591909e-01
8.729174937550e-01
8.730855309001e-01
8.732526673839e-01
8.734188999517e-01
8.735842253362e-01
8.737486402576e-01
8.739121414238e-01
8.740747255306e-01
8.742363892615e-01
8.743971292877e-01
8.745569422685e-01
8.747158248514e-01
8.748737736717e-01
8.750307853531e-01
8.751868565073e-01
8.753419837348e-01
8.754961636241e-01
8.756493927523e-01
8.758016676853e-01
8.759529849774e-01
8.761033411719e-01
8.762527328006e-01
8.764011563845e-01
8.765486084335e-01
8.766950854466e-01
8.768405839121e-01
8.769851003072e-01
8.771286310990e-01
8.772711727435e-01
8.774127216865e-01
8.775532743636e-01
8.776928271997e-01
8.778313766099e-01
8.779689189988e-01
8.781054507614e-01
8.782409682826e-01
8.783754679373e-01
8.785089460912e-01
8.786413990999e-01
8.787728233097e-01
8.789032150573e-01
8.790325706703e-01
8.791608864669e-01
8.792881587563e-01
8.794143838386e-01
8.795395580050e-01
8.796636775379e-01
8.797867387110e-01
8.799087377893e-01
8.800296710295e-01
8.801495346796e-01
8.802683249795e-01
8.803860381611e-01
8.805026704480e-01
8.806182180557e-01
8.807326771922e-01
8.808460440576e-01
8.809583148444e-01
8.810694857374e-01
8.811795529144e-01
8.812885125455e-01
8.813963607939e-01
8.815030938156e-01
8.816087077598e-01
8.817131987688e-01
8.818165629782e-01
8.819187965169e-01
8.820198955077e-01
8.821198560666e-01
8.822186743036e-01
8.823163463228e-01
8.824128682219e-01
8.825082360932e-01
8.826024460228e-01
8.826954940917e-01
8.827873763752e-01
8.828780889431e-01
8.829676278601e-01
8.830559891860e-01
8.831431689753e-01
8.832291632780e-01
8.833139681391e-01
8.833975795993e-01
8.834799936946e-01
8.835612064569e-01
8.836412139138e-01
8.837200120890e-01
8.837975970023e-01
8.838739646694e-01
8.839491111030e-01
8.840230323117e-01
8.840957243011e-01
8.841671830734e-01
8.842374046281e-01
8.843063849612e-01
8.843741200663e-01
8.844406059344e-01
8.845058385537e-01
8.845698139102e-01
8.846325279878e-01
8.846939767682e-01
8.847541562311e-01
8.848130623546e-01
8.848706911149e-01
8.849270384871e-01
8.849821004448e-01
8.850358729603e-01
8.850883520050e-01
8.851395335494e-01
8.851894135632e-01
8.852379880156e-01
8.852852528755e-01
8.853312041112e-01
8.853758376911e-01
8.854191495837e-01
8.854611357575e-01
8.855017921817e-01
8.855411148254e-01
8.855790996591e-01
8.856157426536e-01
8.856510397809e-01
8.856849870140e-01
8.857175803274e-01
8.857488156970e-01
8.857786891003e-01
8.858071965165e-01
8.858343339271e-01
8.858600973154e-01
8.858844826670e-01
8.859074859702e-01
8.859291032156e-01
8.859493303969e-01
8.859681635104e-01
8.859855985560e-01
8.860016315364e-01
8.860162584580e-01
8.860294753309e-01
8.860412781689e-01
8.860516629897e-01
8.860606258151e-01
8.860681626714e-01
8.860742695894e-01
8.860789426045e-01
8.860821777567e-01
8.860839710915e-01
8.860843186592e-01
8.860832165156e-01
8.860806607219e-01
8.860766473453e-01
8.860711724586e-01
8.860642321409e-01
8.860558224773e-01
8.860459395596e-01
8.860345794860e-01
8.860217383615e-01
8.860074122983e-01
8.859915974156e-01
8.859742898397e-01
8.859554857046e-01
8.859351811521e-01
8.859133723318e-01
8.858900554014e-01
8.858652265266e-01
8.858388818819e-01
8.858110176504e-01
8.857816300235e-01
8.857507152021e-01
8.857182693961e-01
8.856842888248e-01
8.856487697168e-01
8.856117083110e-01
8.855731008555e-01
8.855329436091e-01
8.854912328405e-01
8.854479648291e-01
8.854031358650e-01
8.853567422488e-01
8.853087802926e-01
8.852592463195e-01
8.852081366642e-01
8.851554476728e-01
8.851011757035e-01
8.850453171264e-01
8.849878683235e-01
8.849288256895e-01
8.848681856319e-01
8.848059445705e-01
8.847420989381e-01
8.846766451811e-01
8.846095797590e-01
8.845408991446e-01
8.844705998246e-01
8.843986782999e-01
8.843251310852e-01
8.842499547098e-01
8.841731457172e-01
8.840947006658e-01
8.840146161290e-01
8.839328886952e-01
8.838495149678e-01
8.837644915664e-01
8.836778151256e-01
8.835894822960e-01
8.834994897446e-01
8.834078341545e-01
8.833145122252e-01
8.832195206728e-01
8.831228562304e-01
8.830245156483e-01
8.829244956935e-01
8.828227931510e-01
8.827194048231e-01
8.826143275302e-01
8.825075581105e-01
8.823990934205e-01
8.822889303353e-01
8.821770657483e-01
8.820634965719e-01
8.819482197374e-01
8.818312321955e-01
8.817125309161e-01
8.815921128886e-01
8.813579085564e-01
8.806773272804e-01
8.796282504602e-01
8.783003435788e-01
8.767703405981e-01
8.750958681815e-01
8.733171499460e-01
8.714613099116e-01
8.695468498503e-01
8.675873414702e-01
8.655940888431e-01
8.635778340556e-01
8.615496946625e-01
8.595215402692e-01
8.575059926471e-01
8.555161970571e-01
8.535654750565e-01
8.516669364683e-01
8.498331020243e-01
8.480755683023e-01
8.464047320932e-01
8.448295811895e-01
8.433575517858e-01
8.419944483623e-01
8.407444193988e-01
8.396099809995e-01
8.385920801095e-01
8.376901891629e-01
8.369024245242e-01
8.362256818021e-01
8.356557819361e-01
8.351876228040e-01
8.348153319314e-01
8.345324166660e-01
8.343319089004e-01
8.342065020765e-01
8.341486787780e-01
8.341508277152e-01
8.342053493360e-01
8.343047496632e-01
8.344417222556e-01
8.346092184436e-01
8.348005061884e-01
8.350092180700e-01
8.352293890312e-01
8.354554845913e-01
8.356824202976e-01
8.359055732275e-01
8.361207863593e-01
8.363243666333e-01
8.365130775091e-01
8.366841267972e-01
8.368351505075e-01
8.369641934168e-01
8.370696870102e-01
8.371504254000e-01
8.372055397752e-01
8.372344718811e-01
8.372369469764e-01
8.372129466627e-01
8.371626819323e-01
8.370865667305e-01
8.369851922859e-01
8.368593024179e-01
8.367097699897e-01
8.365375746429e-01
8.363437819125e-01
8.361295237943e-01
8.358959808072e-01
8.356443655720e-01
8.353759079073e-01
8.350918414220e-01
8.347933915739e-01
8.344817651468e-01
8.341581410913e-01
8.338236626636e-01
8.334794307917e-01
8.331264985939e-01
8.327658669703e-01
8.323984811864e-01
8.320252283671e-01
8.316469358217e-01
8.312643701184e-01
8.308782368302e-01
8.304891808788e-01
8.300977874023e-01
8.297045830783e-01
8.293100378374e-01
8.289145669065e-01
8.285185331232e-01
8.281222494689e-01
8.277259817733e-01
8.273299515426e-01
8.269343388739e-01
8.265392854159e-01
8.261448973467e-01
8.257512483365e-01
8.253583824719e-01
8.249663171173e-01
8.245750456962e-01
8.241845403768e-01
8.237947546456e-01
8.234056257615e-01
8.230170770798e-01
8.226290202419e-01
8.222413572232e-01
8.218539822401e-01
8.214667835133e-01
8.210796448876e-01
8.206924473110e-01
8.203050701752e-01
8.199173925216e-01
8.195292941159e-01
8.191406563988e-01
8.187513633164e-01
8.183613020382e-01
8.179703635666e-01
8.175784432472e-01
8.171854411851e-01
8.167912625750e-01
8.163958179504e-01
8.159990233605e-01
8.156008004806e-01
8.152010766623e-01
8.147997849295e-01
8.143968639278e-01
8.139922578314e-01
8.135859162133e-01
8.131777938850e-01
8.127678507095e-01
8.123560513926e-01
8.119423652568e-01
8.115267660013e-01
8.111092314522e-01
8.106897433063e-01
8.102682868702e-01
8.098448507990e-01
8.094194268361e-01
8.089920095568e-01
8.085625961153e-01
8.081311860006e-01
8.076977807998e-01
8.072623839695e-01
8.068250006182e-01
8.063856373003e-01
8.059443018198e-01
8.055010030464e-01
8.050557507445e-01
8.046085554130e-01
8.041594281381e-01
8.037083804574e-01
8.032554242362e-01
8.028005715554e-01
8.023438346103e-01
8.018852256201e-01
8.014247567479e-01
8.009624400311e-01
8.004982873196e-01
8.000323102241e-01
7.995645200722e-01
7.990949278725e-01
7.986235442849e-01
7.981503795981e-01
7.976754437137e-01
7.971987461344e-01
7.967202959577e-01
7.962401018748e-01
7.957581721724e-01
7.952745147386e-01
7.947891370712e-01
7.943020462890e-01
7.938132491463e-01
7.933227520469e-01
7.928305610618e-01
7.923366819472e-01
7.918411201635e-01
7.913438808949e-01
7.908449690694e-01
7.903443893793e-01
7.898421463014e-01
7.893382441164e-01
7.888326869300e-01
7.883254786911e-01
7.878166232108e-01
7.873061241803e-01
7.867939851889e-01
7.862802097403e-01
7.857648012677e-01
7.852477631489e-01
7.847290987207e-01
7.842088112914e-01
7.836869041524e-01
7.831633805901e-01
7.826382438959e-01
7.821114973752e-01
7.815831443558e-01
7.810531881957e-01
7.805216322899e-01
7.799884800761e-01
7.794537350399e-01
7.789174007196e-01
7.783794807104e-01
7.778399786665e-01
7.772988983047e-01
7.767562434063e-01
7.762120178187e-01
7.756662254565e-01
7.751188703020e-01
7.745699564068e-01
7.740194878900e-01
7.734674689394e-01
7.729139038105e-01
7.723587968258e-01
7.718021523737e-01
7.712439749075e-01
7.706842689446e-01
7.701230390643e-01
7.695602899068e-01
7.689960261718e-01
7.684302526166e-01
7.678629740550e-01
7.672941953550e-01
7.667239214373e-01
7.661521572743e-01
7.655789078879e-01
7.650041783477e-01
7.644279737701e-01
7.638502993166e-01
7.632711601920e-01
7.626905616433e-01
7.621085089587e-01
7.615250074657e-01
7.609400625301e-01
7.603536795551e-01
7.597658639803e-01
7.591766212800e-01
7.585859569632e-01
7.579938765717e-01
7.574003856808e-01
7.568054898971e-01
7.562091948581e-01
7.556115062324e-01
7.550124297182e-01
7.544119710432e-01
7.538101359639e-01
7.532069302656e-01
7.526023597616e-01
7.519964302928e-01
7.513891477275e-01
7.507805179616e-01
7.501705469174e-01
7.495592405440e-01
7.489466048172e-01
7.483326457389e-01
7.477173693368e-01
7.471007816649e-01
7.464828888030e-01
7.458636968566e-01
7.452432119566e-01
7.446214402594e-01
7.439983879471e-01
7.433740612266e-01
7.427484663301e-01
7.421216095149e-01
7.414934970636e-01
7.408641352829e-01
7.402335305049e-01
7.396016890863e-01
7.389686174083e-01
7.383343218763e-01
7.376988089203e-01
7.370620849948e-01
7.364241565779e-01
7.357850301718e-01
7.351447123026e-01
7.345032095205e-01
7.338605283987e-01
7.332166755341e-01
7.325716575469e-01
7.319254810802e-01
7.312781528003e-01
7.306296793957e-01
7.299800675783e-01
7.293293240818e-01
7.286774556619e-01
7.280244690969e-01
7.273703711866e-01
7.267151687522e-01
7.260588686364e-01
7.254014777032e-01
7.247430028375e-01
7.240834509446e-01
7.234228289505e-01
7.227611438016e-01
7.220984024642e-01
7.214346119244e-01
7.207697791877e-01
7.201039112794e-01
7.194370152435e-01
7.187690981426e-01
7.181001670584e-01
7.174302290907e-01
7.167592913574e-01
7.160873609941e-01
7.154144451544e-01
7.147405510088e-01
7.140656857449e-01
7.133898565674e-01
7.127130706973e-01
7.120353353724e-01
7.113566578460e-01
7.106770453874e-01
7.099965052818e-01
7.093150448294e-01
7.086326713453e-01
7.079493921596e-01
7.072652146170e-01
7.065801460763e-01
7.058941939102e-01
7.052073655057e-01
7.045196682627e-01
7.038311095946e-01
7.031416969277e-01
7.024514377013e-01
7.017603393668e-01
7.010684093880e-01
7.003756552403e-01
6.996820844116e-01
6.989877044007e-01
6.982925227176e-01
6.975965468832e-01
6.968997844294e-01
6.962022428982e-01
6.955039298416e-01
6.948048528223e-01
6.941050194117e-01
6.934044371910e-01
6.927031137507e-01
6.920010566898e-01
6.912982736163e-01
6.905947721461e-01
6.898905599037e-01
6.891856445213e-01
6.884800336382e-01
6.877737349016e-01
6.870667559656e-01
6.863591044913e-01
6.856507881460e-01
6.849418146034e-01
6.842321915438e-01
6.835219266527e-01
6.828110276213e-01
6.820995021460e-01
6.813873579285e-01
6.806746026750e-01
6.799612440963e-01
6.792472899076e-01
6.785327478281e-01
6.778176255805e-01
6.771019308913e-01
6.763856714900e-01
6.756688551093e-01
6.749514894844e-01
6.742335823531e-01
6.735151414558e-01
6.727961745344e-01
6.720766893325e-01
6.713566935957e-01
6.706361950705e-01
6.699152015043e-01
6.691937206452e-01
6.684717602422e-01
6.677493280441e-01
6.670264317998e-01
6.663030792579e-01
6.655792781668e-01
6.648550362735e-01
6.641303613245e-01
6.634052610646e-01
6.626797432378e-01
6.619538155858e-01
6.612274858484e-01
6.605007617632e-01
6.597736510654e-01
6.590461614874e-01
6.583183007585e-01
6.575900766051e-01
6.568614967499e-01
6.561325689119e-01
6.554033008064e-01
6.546737001443e-01
6.539437746322e-01
6.532135319719e-01
6.524829798606e-01
6.517521259902e-01
6.510209780472e-01
6.502895437124e-01
6.495578306611e-01
6.488258465625e-01
6.480935990793e-01
6.473610958677e-01
6.466283445775e-01
6.458953528512e-01
6.451621283241e-01
6.444286786243e-01
6.436950113721e-01
6.429611341797e-01
6.422270546514e-01
6.414927803834e-01
6.407583189631e-01
6.400236779689e-01
6.392888649707e-01
6.385538875288e-01
6.378187531941e-01
6.370834695080e-01
6.363480440017e-01
6.356124841969e-01
6.348767976046e-01
6.341409917253e-01
6.334050740488e-01
6.326690520542e-01
6.319329332091e-01
6.311967249699e-01
6.304604347815e-01
6.297240700769e-01
6.289876382772e-01
6.282511467914e-01
6.275146030159e-01
6.267780143347e-01
6.260413881188e-01
6.253047317265e-01
6.245680525028e-01
6.238313577791e-01
6.230946548732e-01
6.223579510896e-01
6.216212537186e-01
6.208845700360e-01
6.201479073036e-01
6.194112727687e-01
6.186746736638e-01
6.179381172062e-01
6.172016105984e-01
6.164651610275e-01
6.157287756653e-01
6.149924616674e-01
6.142562261742e-01
6.135200763099e-01
6.127840191821e-01
6.120480618825e-01
6.113122114861e-01
6.105764750510e-01
6.098408596186e-01
6.091053722129e-01
6.083700198412e-01
6.076348094930e-01
6.068997481402e-01
6.061648427372e-01
6.054301002202e-01
6.046955275076e-01
6.039611314991e-01
6.032269190767e-01
6.024928971033e-01
6.017590724231e-01
6.010254518616e-01
6.002920422252e-01
5.995588503011e-01
5.988258828570e-01
5.980931466412e-01
5.973606483827e-01
5.966283947902e-01
5.958963925527e-01
5.951646483391e-01
5.944331687981e-01
5.937019605579e-01
5.929710302263e-01
5.922403843904e-01
5.915100296165e-01
5.907799724498e-01
5.900502194149e-01
5.893207770147e-01
5.885916517310e-01
5.878628500240e-01
5.871343783325e-01
5.864062430734e-01
5.856784506417e-01
5.849510074106e-01
5.842239197309e-01
5.834971939317e-01
5.827708363191e-01
5.820448531772e-01
5.813192507676e-01
5.805940353287e-01
5.798692130764e-01
5.791447902037e-01
5.784207728804e-01
5.776971672532e-01
5.769739794455e-01
5.762512155575e-01
5.755288816657e-01
5.748069838231e-01
5.740855280589e-01
5.733645203788e-01
5.726439667642e-01
5.719238731727e-01
5.712042455377e-01
5.704850897688e-01
5.697664117509e-01
5.690482173446e-01
5.683305123862e-01
5.676133026874e-01
5.668965940349e-01
5.661803921911e-01
5.654647028935e-01
5.647495318546e-01
5.640348847617e-01
5.633207672773e-01
5.626071850389e-01
5.618941436583e-01
5.611816487222e-01
5.604697057921e-01
5.597583204039e-01
5.590474980678e-01
5.583372442683e-01
5.576275644648e-01
5.569184640904e-01
5.562099485527e-01
5.555020232331e-01
5.547946934874e-01
5.540879646453e-01
5.533818420102e-01
5.526763308597e-01
5.519714364449e-01
5.512671639908e-01
5.505635186960e-01
5.498605057330e-01
5.491581302477e-01
5.484563973593e-01
5.477553121607e-01
5.470548797184e-01
5.463551050720e-01
5.456559932345e-01
5.449575491924e-01
5.442597779052e-01
5.435626843057e-01
5.428662732999e-01
5.421705497668e-01
5.414755185586e-01
5.407811845006e-01
5.400875523908e-01
5.393946270007e-01
5.387024130742e-01
5.380109153283e-01
5.373201384530e-01
5.366300871112e-01
5.359407659383e-01
5.352521795428e-01
5.345643325055e-01
5.338772293808e-01
5.331908746950e-01
5.325052729475e-01
5.318204286102e-01
5.311363461281e-01
5.304530299181e-01
5.297704843702e-01
5.290887138472e-01
5.284077226841e-01
5.277275151885e-01
5.270480956408e-01
5.263694682938e-01
5.256916373730e-01
5.250146070761e-01
5.243383815739e-01
5.236629650092e-01
5.229883614976e-01
5.223145751270e-01
5.216416099580e-01
5.209694700238e-01
5.202981593300e-01
5.196276818546e-01
5.189580415485e-01
5.182892423348e-01
5.176212881091e-01
5.169541827397e-01
5.162879300675e-01
5.156225339058e-01
5.149579980404e-01
5.142943262300e-01
5.136315222056e-01
5.129695896708e-01
5.123085323019e-01
5.116483537479e-01
5.109890576302e-01
5.103306475430e-01
5.096731270530e-01
5.090164997001e-01
5.083607689963e-01
5.077059384268e-01
5.070520114493e-01
5.063989914943e-01
5.057468819652e-01
5.050956862381e-01
5.044454076621e-01
5.037960495592e-01
5.031476152241e-01
5.025001079246e-01
5.018535309014e-01
5.012078873683e-01
5.005631805120e-01
4.999194134923e-01
4.992765894422e-01
4.986347114676e-01
4.979937826477e-01
4.973538060350e-01
4.967147846551e-01
4.960767215070e-01
4.954396195628e-01
4.948034817683e-01
4.941683110425e-01
4.935341102778e-01
4.929008823400e-01
4.922686300689e-01
4.916373562772e-01
4.910070637516e-01
4.903777552526e-01
4.897494335140e-01
4.891221012437e-01
4.884957611232e-01
4.878704158081e-01
4.872460679275e-01
4.866227200847e-01
4.860003748570e-01
4.853790347958e-01
4.847587024266e-01
4.841393802489e-01
4.835210707367e-01
4.829037763380e-01
4.822874994753e-01
4.816722425454e-01
4.810580079196e-01
4.804447979437e-01
4.798326149380e-01
4.792214611976e-01
4.786113389920e-01
4.780022505656e-01
4.773941981375e-01
4.767871839019e-01
4.761812100277e-01
4.755762786590e-01
4.749723919146e-01
4.743695518889e-01
4.737677606511e-01
4.731670202457e-01
4.725673326928e-01
4.719686999876e-01
4.713711241009e-01
4.707746069789e-01
4.701791505434e-01
4.695847566921e-01
4.689914272981e-01
4.683991642104e-01
4.678079692542e-01
4.672178442300e-01
4.666287909149e-01
4.660408110617e-01
4.654539063996e-01
4.648680786339e-01
4.642833294464e-01
4.636996604950e-01
4.631170734143e-01
4.625355698153e-01
4.619551512856e-01
4.613758193896e-01
4.607975756685e-01
4.602204216401e-01
4.596443587992e-01
4.590693886179e-01
4.584955125450e-01
4.579227320065e-01
4.573510484059e-01
4.567804631238e-01
4.562109775182e-01
4.556425929246e-01
4.550753106560e-01
4.545091320033e-01
4.539440582347e-01
4.533800905966e-01
4.528172303131e-01
4.522554785863e-01
4.516948365962e-01
4.511353055013e-01
4.505768864379e-01
4.500195805210e-01
4.494633888437e-01
4.489083124776e-01
4.483543524730e-01
4.478015098588e-01
4.472497856426e-01
4.466991808107e-01
4.461496963286e-01
4.456013331405e-01
4.450540921698e-01
4.445079743190e-01
4.439629804701e-01
4.434191114840e-01
4.428763682013e-01
4.423347514423e-01
4.417942620066e-01
4.412549006735e-01
4.407166682022e-01
4.401795653318e-01
4.396435927812e-01
4.391087512496e-01
4.385750414160e-01
4.380424639400e-01
4.375110194611e-01
4.369807085997e-01
4.364515319562e-01
4.359234901120e-01
4.353965836289e-01
4.348708130496e-01
4.343461788977e-01
4.338226816777e-01
4.333003218751e-01
4.327790999566e-01
4.322590163702e-01
4.317400715450e-01
4.312222658916e-01
4.307055998022e-01
4.301900736507e-01
4.296756877922e-01
4.291624425641e-01
4.286503382854e-01
4.281393752572e-01
4.276295537624e-01
4.271208740664e-01
4.266133364166e-01
4.261069410428e-01
4.256016881572e-01
4.250975779546e-01
4.245946106124e-01
4.240927862906e-01
4.235921051320e-01
4.230925672625e-01
4.225941727908e-01
4.220969218085e-01
4.216008143908e-01
4.211058505958e-01
4.206120304651e-01
4.201193540237e-01
4.196278212803e-01
4.191374322269e-01
4.186481868396e-01
4.181600850779e-01
4.176731268856e-01
4.171873121903e-01
4.167026409037e-01
4.162191129218e-01
4.157367281248e-01
4.152554863773e-01
4.147753875283e-01
4.142964314113e-01
4.138186178448e-01
4.133419466316e-01
4.128664175595e-01
4.123920304015e-01
4.119187849151e-01
4.114466808434e-01
4.109757179143e-01
4.105058958414e-01
4.100372143233e-01
4.095696730443e-01
4.091032716742e-01
4.086380098685e-01
4.081738872685e-01
4.077109035012e-01
4.072490581796e-01
4.067883509029e-01
4.063287812561e-01
4.058703488106e-01
4.054130531242e-01
4.049568937409e-01
4.045018701912e-01
4.040479819922e-01
4.035952286478e-01
4.031436096484e-01
4.026931244715e-01
4.022437725813e-01
4.017955534293e-01
4.013484664537e-01
4.009025110803e-01
4.004576867219e-01
4.000139927789e-01
3.995714286391e-01
3.991299936778e-01
3.986896872580e-01
3.982505087304e-01
3.978124574335e-01
3.973755326938e-01
3.969397338257e-01
3.965050601317e-01
3.960715109026e-01
3.956390854173e-01
3.952077829431e-01
3.947776027358e-01
3.943485440396e-01
3.939206060873e-01
3.934937881007e-01
3.930680892899e-01
3.926435088542e-01
3.922200459818e-01
3.917976998499e-01
3.913764696247e-01
3.909563544620e-01
3.905373535064e-01
3.901194658921e-01
3.897026907429e-01
3.892870271720e-01
3.888724742821e-01
3.884590311659e-01
3.880466969057e-01
3.876354705737e-01
3.872253512322e-01
3.868163379333e-01
3.864084297195e-01
3.860016256233e-01
3.855959246676e-01
3.851913258657e-01
3.847878282213e-01
3.843854307287e-01
3.839841323727e-01
3.835839321290e-01
3.831848289638e-01
3.827868218345e-01
3.823899096891e-01
3.819940914669e-01
3.815993660982e-01
3.812057325045e-01
3.808131895984e-01
3.804217362841e-01
3.800313714570e-01
3.796420940043e-01
3.792539028043e-01
3.788667967274e-01
3.784807746356e-01
3.780958353825e-01
3.777119778139e-01
3.773292007673e-01
3.769475030725e-01
3.765668835512e-01
3.761873410173e-01
3.758088742772e-01
3.754314821293e-01
3.750551633647e-01
3.746799167669e-01
3.743057411120e-01
3.739326351685e-01
3.735605976981e-01
3.731896274548e-01
3.728197231858e-01
3.724508836310e-01
3.720831075235e-01
3.717163935894e-01
3.713507405479e-01
3.709861471116e-01
3.706226119863e-01
3.702601338711e-01
3.698987114586e-01
3.695383434349e-01
3.691790284798e-01
3.688207652667e-01
3.684635524626e-01
3.681073887284e-01
3.677522727189e-01
3.673982030828e-01
3.670451784627e-01
3.666931974954e-01
3.663422588119e-01
3.659923610373e-01
3.656435027910e-01
3.652956826866e-01
3.649488993325e-01
3.646031513311e-01
3.642584372798e-01
3.639147557703e-01
3.635721053890e-01
3.632304847173e-01
3.628898923312e-01
3.625503268015e-01
3.622117866942e-01
3.618742705700e-01
3.615377769850e-01
3.612023044902e-01
3.608678516318e-01
3.605344169515e-01
3.602019989860e-01
3.598705962677e-01
3.595402073241e-01
3.592108306786e-01
3.588824648499e-01
3.585551083525e-01
3.582287596965e-01
3.579034173878e-01
3.575790799282e-01
3.572557458151e-01
3.569334135423e-01
3.566120815992e-01
3.562917484714e-01
3.559724126408e-01
3.556540725851e-01
3.553367267786e-01
3.550203736919e-01
3.547050117915e-01
3.543906395409e-01
3.540772553998e-01
3.537648578244e-01
3.534534452675e-01
3.531430161787e-01
3.528335690042e-01
3.525251021869e-01
3.522176141666e-01
3.519111033799e-01
3.516055682605e-01
3.513010072389e-01
3.509974187427e-01
3.506948011966e-01
3.503931530225e-01
3.500924726393e-01
3.497927584635e-01
3.494940089087e-01
3.491962223857e-01
3.488993973031e-01
3.486035320667e-01
3.483086250798e-01
3.480146747435e-01
3.477216794564e-01
3.474296376147e-01
3.471385476124e-01
3.468484078414e-01
3.465592166911e-01
3.462709725493e-01
3.459836738012e-01
3.456973188303e-01
3.454119060180e-01
3.451274337440e-01
3.448439003858e-01
3.445613043193e-01
3.442796439186e-01
3.439989175561e-01
3.437191236024e-01
3.434402604266e-01
3.431623263962e-01
3.428853198772e-01
3.426092392339e-01
3.423340828296e-01
3.420598490257e-01
3.417865361826e-01
3.415141426594e-01
3.412413975411e-01
3.410021208085e-01
3.409281526400e-01
3.411327450482e-01
3.416996529309e-01
3.426856158889e-01
3.441186309075e-01
3.459941953302e-01
3.482728731510e-01
3.508817575934e-01
3.537207171458e-01
3.566726291623e-01
3.596156899120e-01
3.624355346994e-01
3.650352097003e-01
3.673417543096e-01
3.693089925384e-01
3.709168633148e-01
3.721681084281e-01
3.730833476707e-01
3.736955420571e-01
3.740446564607e-01
3.741730694325e-01
3.741220129665e-01
3.739291059827e-01
3.736268934743e-01
3.732422188140e-01
3.727962269766e-01
3.723048036631e-01
3.717792825091e-01
3.712272867348e-01
3.706536047041e-01
3.700610272152e-01
3.694510972197e-01
3.688247408773e-01
3.681827635821e-01
3.675262067867e-01
3.668565715326e-01
3.661759225951e-01
3.654868929155e-01
3.647926113565e-01
3.640965778363e-01
3.634025088088e-01
3.627141733307e-01
3.620352361405e-01
3.613691198577e-01
3.607188940910e-01
3.600871953184e-01
3.594761781169e-01
3.588874957881e-01
3.583223066655e-01
3.577813013331e-01
3.572647455319e-01
3.567725335503e-01
3.563042472753e-01
3.558592166979e-01
3.554365784325e-01
3.550353296326e-01
3.546543755097e-01
3.542925694238e-01
3.539487451911e-01
3.536217418050e-01
3.533104211918e-01
3.530136799169e-01
3.527304559194e-01
3.524597314153e-01
3.522005330703e-01
3.519519304412e-01
3.517130335352e-01
3.514829901577e-01
3.512609835385e-01
3.510462305484e-01
3.508379806628e-01
3.506355156997e-01
3.504381502568e-01
3.502452327074e-01
3.500561465697e-01
3.498703120528e-01
3.496871875888e-01
3.495062711795e-01
3.493271014217e-01
3.491492581111e-01
3.489723623663e-01
3.487960762490e-01
3.486201018942e-01
3.484441801870e-01
3.482680890458e-01
3.480916413834e-01
3.479146828245e-01
3.477370892592e-01
3.475587643071e-01
3.473796367589e-01
3.471996580544e-01
3.470187998411e-01
3.468370516491e-01
3.466544187057e-01
3.464709199040e-01
3.462865859297e-01
3.461014575462e-01
3.459155840320e-01
3.457290217595e-01
3.455418329069e-01
3.453540842884e-01
3.451658462933e-01
3.449771919236e-01
3.447881959195e-01
3.445989339662e-01
3.444094819765e-01
3.442199154432e-01
3.440303088582e-01
3.438407351963e-01
3.436512654605e-01
3.434619682878e-01
3.432729096122e-01
3.430841523858e-01
3.428957563522e-01
3.427077778724e-01
3.425202697990e-01
3.423332813955e-01
3.421468582975e-01
3.419610425107e-01
3.417758724438e-01
3.415913829697e-01
3.414076055132e-01
3.412245681594e-01
3.410422957800e-01
3.408608101744e-01
3.406801302211e-01
3.405002720376e-01
3.403212491453e-01
3.401430726382e-01
3.399657513519e-01
3.397892920330e-01
3.396136995057e-01
3.394389768356e-01
3.392651254895e-01
3.390921454896e-01
3.389200355627e-01
3.387487932825e-01
3.385784152058e-01
3.384088970016e-01
3.382402335728e-01
3.380724191709e-01
3.379054475032e-01
3.377393118321e-01
3.375740050674e-01
3.374095198514e-01
3.372458486359e-01
3.370829837529e-01
3.369209174780e-01
3.367596420873e-01
3.365991499076e-01
3.364394333609e-01
3.362804850025e-01
3.361222975540e-01
3.359648639312e-01
3.358081772670e-01
3.356522309298e-01
3.354970185380e-01
3.353425339703e-01
3.351887713736e-01
3.350357251665e-01
3.348833900408e-01
3.347317609609e-01
3.345808331600e-01
3.344306021353e-01
3.342810636414e-01
3.341322136819e-01
3.339840485004e-01
3.338365645704e-01
3.336897585845e-01
3.335436274424e-01
3.333981682397e-01
3.332533782556e-01
3.331092549403e-01
3.329657959032e-01
3.328229989009e-01
3.326808618245e-01
3.325393826887e-01
3.323985596200e-01
3.322583908458e-01
3.321188746843e-01
3.319800095338e-01
3.318417938637e-01
3.317042262052e-01
3.315673051430e-01
3.314310293076e-01
3.312953973675e-01
3.311604080229e-01
3.310260599993e-01
3.308923520419e-01
3.307592829102e-01
3.306268513738e-01
3.304950562081e-01
3.303638961903e-01
3.302333700967e-01
3.301034766997e-01
3.299742147654e-01
3.298455830514e-01
3.297175803055e-01
3.295902052640e-01
3.294634566510e-01
3.293373331773e-01
3.292118335401e-01
3.290869564224e-01
3.289627004933e-01
3.288390644078e-01
3.287160468069e-01
3.285936463184e-01
3.284718615570e-01
3.283506911249e-01
3.282301336129e-01
3.281101876005e-01
3.279908516572e-01
3.278721243431e-01
3.277540042097e-01
3.276364898011e-01
3.275195796546e-01
3.274032723016e-01
3.272875662688e-01
3.271724600786e-01
3.270579522505e-01
3.269440413014e-01
3.268307257468e-01
3.267180041013e-01
3.266058748796e-01
3.264943365970e-01
3.263833877702e-01
3.262730269176e-01
3.261632525605e-01
3.260540632231e-01
3.259454574330e-01
3.258374337222e-01
3.257299906270e-01
3.256231266883e-01
3.255168404526e-01
3.254111304717e-01
3.253059953031e-01
3.252014335105e-01
3.250974436638e-01
3.249940243391e-01
3.248911741194e-01
3.247888915942e-01
3.246871753599e-01
3.245860240196e-01
3.244854361837e-01
3.243854104694e-01
3.242859455010e-01
3.241870399097e-01
3.240886923341e-01
3.239909014195e-01
3.238936658185e-01
3.237969841906e-01
3.237008552022e-01
3.236052775268e-01
3.235102498446e-01
3.234157708428e-01
3.233218392153e-01
3.232284536628e-01
3.231356128924e-01
3.230433156182e-01
3.229515605606e-01
3.228603464466e-01
3.227696720094e-01
3.226795359888e-01
3.225899371310e-01
3.225008741882e-01
3.224123459189e-01
3.223243510880e-01
3.222368884661e-01
3.221499568302e-01
3.220635549633e-01
3.219776816542e-01
3.218923356978e-01
3.218075158950e-01
3.217232210525e-01
3.216394499829e-01
3.215562015045e-01
3.214734744417e-01
3.213912676246e-01
3.213095798890e-01
3.212284100765e-01
3.211477570345e-01
3.210676196163e-01
3.209879966807e-01
3.209088870923e-01
3.208302897216e-01
3.207522034447e-01
3.206746271435e-01
3.205975597055e-01
3.205210000240e-01
3.204449469981e-01
3.203693995327e-01
3.202943565382e-01
3.202198169309e-01
3.201457796329e-01
3.200722435720e-01
3.199992076816e-01
3.199266709011e-01
3.198546321756e-01
3.197830904560e-01
3.197120446988e-01
3.196414938666e-01
3.195714369276e-01
3.195018728559e-01
3.194328006312e-01
3.193642192393e-01
3.192961276718e-01
3.192285249258e-01
3.191614100046e-01
3.190947819172e-01
3.190286396785e-01
3.189629823091e-01
3.188978088358e-01
3.188331182907e-01
3.187689097124e-01
3.187051821449e-01
3.186419346382e-01
3.185791662484e-01
3.185168760371e-01
3.184550630721e-01
3.183937264269e-01
3.183328651809e-01
3.182724784195e-01
3.182125652340e-01
3.181531247214e-01
3.180941559847e-01
3.180356581330e-01
3.179776302808e-01
3.179200715491e-01
3.178629810643e-01
3.178063579590e-01
3.177502013715e-01
3.176945104461e-01
3.176392843330e-01
3.175845221883e-01
3.175302231739e-01
3.174763864578e-01
3.174230112136e-01
3.173700966211e-01
3.173176418658e-01
3.172656461391e-01
3.172141086383e-01
3.171630285667e-01
3.171124051333e-01
3.170622375532e-01
3.170125250471e-01
3.169632668420e-01
3.169144621703e-01
3.168661102706e-01
3.168182103873e-01
3.167707617706e-01
3.167237636767e-01
3.166772153675e-01
3.166311161110e-01
3.165854651807e-01
3.165402618564e-01
3.164955054235e-01
3.164511951732e-01
3.164073304027e-01
3.163639104151e-01
3.163209345191e-01
3.162784020295e-01
3.162363122668e-01
3.161946645574e-01
3.161534582334e-01
3.161126926331e-01
3.160723671001e-01
3.160324809842e-01
3.159930336409e-01
3.159540244316e-01
3.159154527234e-01
3.158773178892e-01
3.158396193078e-01
3.158023563638e-01
3.157655284476e-01
3.157291349552e-01
3.156931752887e-01
3.156576488557e-01
3.156225550697e-01
3.155878933501e-01
3.155536631219e-01
3.155198638158e-01
3.154864948686e-01
3.154535557225e-01
3.154210458256e-01
3.153889646317e-01
3.153573116003e-01
3.153260861969e-01
3.152952878924e-01
3.152649161635e-01
3.152349704927e-01
3.152054503683e-01
3.151763552840e-01
3.151476847395e-01
3.151194382400e-01
3.150916152964e-01
3.150642154255e-01
3.150372381496e-01
3.150106829965e-01
3.149845495000e-01
3.149588371994e-01
3.149335456394e-01
3.149086743708e-01
3.148842229497e-01
3.148601909379e-01
3.148365779029e-01
3.148133834177e-01
3.147906070608e-01
3.147682484167e-01
3.147463070751e-01
3.147247826313e-01
3.147036746863e-01
3.146829828466e-01
3.146627067243e-01
3.146428459370e-01
3.146234001077e-01
3.146043688653e-01
3.145857518438e-01
3.145675486829e-01
3.145497590278e-01
3.145323825291e-01
3.145154188430e-01
3.144988676310e-01
3.144827285602e-01
3.144670013031e-01
3.144516855377e-01
3.144367809472e-01
3.144222872205e-01
3.144082040517e-01
3.143945311404e-01
3.143812681916e-01
3.143684149155e-01
3.143559710280e-01
3.143439362499e-01
3.143323103077e-01
3.143210929331e-01
3.143102838632e-01
3.142998828401e-01
3.142898896116e-01
3.142803039305e-01
3.142711255550e-01
3.142623542485e-01
3.142539897796e-01
3.142460319223e-01
3.142384804557e-01
3.142313351639e-01
3.142245958367e-01
3.142182622685e-01
3.142123342593e-01
3.142068116141e-01
3.142016941430e-01
3.141969816612e-01
3.141926739892e-01
3.141887709523e-01
3.141852723812e-01
3.141821781114e-01
3.141794879836e-01
3.141772018435e-01
3.141753195419e-01
3.141738409344e-01
3.141727658818e-01
3.141720942498e-01
3.141718259090e-01
3.141719607352e-01
3.141724986089e-01
3.141734394154e-01
3.141747830453e-01
3.141765293937e-01
3.141786783607e-01
3.141812298515e-01
3.141841837757e-01
3.141875400480e-01
3.141912985878e-01
3.141954593194e-01
3.142000221717e-01
3.142049870785e-01
3.142103539782e-01
3.142161228141e-01
3.142222935339e-01
3.142288660904e-01
3.142358404407e-01
3.142432165466e-01
3.142509943747e-01
3.142591738961e-01
3.142677550865e-01
3.142767379262e-01
3.142861223999e-01
3.142959084970e-01
3.143060962114e-01
3.143166855414e-01
3.143276764899e-01
3.143390690642e-01
3.143508632759e-01
3.143630591413e-01
3.143756566807e-01
3.143886559192e-01
3.144020568861e-01
3.144158596148e-01
3.144300641433e-01
3.144446705138e-01
3.144596787727e-01
3.144750889708e-01
3.144909011630e-01
3.145071154085e-01
3.145237317706e-01
3.145407503168e-01
3.145581711188e-01
3.145759942523e-01
3.145942197971e-01
3.146128478373e-01
3.146318784608e-01
3.146513117596e-01
3.146711478297e-01
3.146913867712e-01
3.147120286880e-01
3.147330736880e-01
3.147545218830e-01
3.147763733888e-01
3.147986283249e-01
3.148212868147e-01
3.148443489855e-01
3.148678149683e-01
3.148916848980e-01
3.149159589129e-01
3.149406371555e-01
3.149657197718e-01
3.149912069112e-01
3.150170987271e-01
3.150433953765e-01
3.150700970198e-01
3.150972038210e-01
3.151247159479e-01
3.151526335715e-01
3.151809568664e-01
3.152096860108e-01
3.152388211861e-01
3.152683625774e-01
3.152983103730e-01
3.153286647645e-01
3.153594259470e-01
3.153905941188e-01
3.154221694816e-01
3.154541522401e-01
3.154865426026e-01
3.155193407803e-01
3.155525469876e-01
3.155861614421e-01
3.156201843647e-01
3.156546159790e-01
3.156894565120e-01
3.157247061935e-01
3.157603652564e-01
3.157964339366e-01
3.158329124730e-01
3.158698011071e-01
3.159071000838e-01
3.159448096503e-01
3.159829300570e-01
3.160214615571e-01
3.160604044063e-01
3.160997588632e-01
3.161395251893e-01
3.161797036484e-01
3.162202945072e-01
3.162612980350e-01
3.163027145036e-01
3.163445441873e-01
3.163867873632e-01
3.164294443106e-01
3.164725153114e-01
3.165160006501e-01
3.165599006131e-01
3.166042154898e-01
3.166489455716e-01
3.166940911520e-01
3.167396525274e-01
3.167856299958e-01
3.168320238578e-01
3.168788344161e-01
3.169260619754e-01
3.169737068428e-01
3.170217693272e-01
3.170702497397e-01
3.171191483935e-01
3.171684656036e-01
3.172182016871e-01
3.172683569629e-01
3.173189317519e-01
3.173699263768e-01
3.174213411622e-01
3.174731764344e-01
3.175254325214e-01
3.175781097532e-01
3.176312084612e-01
3.176847289785e-01
3.177386716399e-01
3.177930367819e-01
3.178478247423e-01
3.179030358606e-01
3.179586704777e-01
3.180147289360e-01
3.180712115794e-01
3.181281187529e-01
3.181854508032e-01
3.182432080780e-01
3.183013909266e-01
3.183599996993e-01
3.184190347477e-01
3.184784964245e-01
3.185383850837e-01
3.185987010802e-01
3.186594447702e-01
3.187206165108e-01
3.187822166601e-01
3.188442455772e-01
3.189067036220e-01
3.189695911556e-01
3.190329085395e-01
3.190966561365e-01
3.191608343099e-01
3.192254434237e-01
3.192904838429e-01
3.193559559329e-01
3.194218600599e-01
3.194881965906e-01
3.195549658924e-01
3.196221683331e-01
3.196898042812e-01
3.197578741053e-01
3.198263781748e-01
3.198953168593e-01
3.199646905287e-01
3.200344995534e-01
3.201047443039e-01
3.201754251511e-01
3.202465424660e-01
3.203180966197e-01
3.203900879837e-01
3.204625169292e-01
3.205353838278e-01
3.206086890510e-01
3.206824329702e-01
3.207566159569e-01
3.208312383825e-01
3.209063006181e-01
3.209818030348e-01
3.210577460034e-01
3.211341298946e-01
3.212109550786e-01
3.212882219256e-01
3.213659308051e-01
3.214440820864e-01
3.215226761385e-01
3.216017133297e-01
3.216811940278e-01
3.217611186004e-01
3.218414874140e-01
3.219223008350e-01
3.220035592289e-01
3.220852629604e-01
3.221674123938e-01
3.222500078923e-01
3.223330498186e-01
3.224165385343e-01
3.225004744004e-01
3.225848577767e-01
3.226696890224e-01
3.227549684953e-01
3.228406965525e-01
3.229268735499e-01
3.230134998424e-01
3.231005757837e-01
3.231881017263e-01
3.232760780215e-01
3.233645050194e-01
3.234533830688e-01
3.235427125173e-01
3.236324937108e-01
3.237227269942e-01
3.238134127108e-01
3.239045512023e-01
3.239961428092e-01
3.240881878702e-01
3.241806867224e-01
3.242736397016e-01
3.243670471417e-01
3.244609093748e-01
3.245552267315e-01
3.246499995406e-01
3.247452281291e-01
3.248409128220e-01
3.249370539426e-01
3.250336518122e-01
3.251307067503e-01
3.252282190742e-01
3.253261890993e-01
3.254246171390e-01
3.255235035045e-01
3.256228485050e-01
3.257226524474e-01
3.258229156364e-01
3.259236383745e-01
3.260248209620e-01
3.261264636969e-01
3.262285668746e-01
3.263311307885e-01
3.264341557293e-01
3.265376419854e-01
3.266415898426e-01
3.267459995842e-01
3.268508714910e-01
3.269562058413e-01
3.270620029105e-01
3.271682629715e-01
3.272749862946e-01
3.273821731472e-01
3.274898237941e-01
3.275979384970e-01
3.277065175152e-01
3.278155611047e-01
3.279250695189e-01
3.280350430081e-01
3.281454818196e-01
3.282563861978e-01
3.283677563840e-01
3.284795926165e-01
3.285918951304e-01
3.287046641578e-01
3.288178999273e-01
3.289316026646e-01
3.290457725920e-01
3.291604099287e-01
3.292755148905e-01
3.293910876896e-01
3.295071285353e-01
3.296236376331e-01
3.297406151853e-01
3.298580613906e-01
3.299759764442e-01
3.300943605378e-01
3.302132138596e-01
3.303325365941e-01
3.304523289221e-01
3.305725910209e-01
3.306933230640e-01
3.308145252212e-01
3.309361976586e-01
3.310583405385e-01
3.311809540192e-01
3.313040382554e-01
3.314275933977e-01
3.315516195930e-01
3.316761169842e-01
3.318010857101e-01
3.319265259056e-01
3.320524377016e-01
3.321788212248e-01
3.323056765980e-01
3.324330039398e-01
3.325608033647e-01
3.326890749827e-01
3.328178189001e-01
3.329470352188e-01
3.330767240361e-01
3.332068854454e-01
3.333375195357e-01
3.334686263916e-01
3.336002060933e-01
3.337322587167e-01
3.338647843332e-01
3.339977830097e-01
3.341312548087e-01
3.342651997882e-01
3.343996180016e-01
3.345345094979e-01
3.346698743212e-01
3.348057125112e-01
3.349420241031e-01
3.350788091270e-01
3.352160676088e-01
3.353537995694e-01
3.354920050250e-01
3.356306839871e-01
3.357698364624e-01
3.359094624527e-01
3.360495619550e-01
3.361901349615e-01
3.363311814595e-01
3.364727014314e-01
3.366146948545e-01
3.367571617014e-01
3.369001019396e-01
3.370435155317e-01
3.371874024349e-01
3.373317626019e-01
3.374765959800e-01
3.376219025114e-01
3.377676821334e-01
3.379139347780e-01
3.380606603721e-01
3.382078588374e-01
3.383555300904e-01
3.385036740424e-01
3.386522905996e-01
3.388013796627e-01
3.389509411274e-01
3.391009748838e-01
3.392514808169e-01
3.394024588064e-01
3.395539087265e-01
3.397058304461e-01
3.398582238287e-01
3.400110887324e-01
3.401644250099e-01
3.403182325085e-01
3.404725110698e-01
3.406272605303e-01
3.407824807208e-01
3.409381714665e-01
3.410943325872e-01
3.412509638972e-01
3.414080652051e-01
3.415656363141e-01
3.417236770217e-01
3.418821871198e-01
3.420411663947e-01
3.422006146271e-01
3.423605315920e-01
3.425209170587e-01
3.426817707910e-01
3.428430925468e-01
3.430048820784e-01
3.431671391325e-01
3.433298634497e-01
3.434930547653e-01
3.436567128085e-01
3.438208373030e-01
3.439854279666e-01
3.441504845111e-01
3.443160066430e-01
3.444819940624e-01
3.446484464641e-01
3.448153635368e-01
3.449827449633e-01
3.451505904207e-01
3.453188995801e-01
3.454876721069e-01
3.456569076604e-01
3.458266058942e-01
3.459967664559e-01
3.461673889871e-01
3.463384731236e-01
3.465100184954e-01
3.466820247262e-01
3.468544914340e-01
3.470274182309e-01
3.472008047229e-01
3.473746505102e-01
3.475489551867e-01
3.477237183408e-01
3.478989395545e-01
3.480746184040e-01
3.482507544594e-01
3.484273472850e-01
3.486043964388e-01
3.487819014730e-01
3.489598619338e-01
3.491382773613e-01
3.493171472894e-01
3.494964712464e-01
3.496762487542e-01
3.498564793287e-01
3.500371624799e-01
3.502182977119e-01
3.503998845223e-01
3.505819224030e-01
3.507644108397e-01
3.509473493123e-01
3.511307372943e-01
3.513145742534e-01
3.514988596511e-01
3.516835929428e-01
3.518687735781e-01
3.520544010004e-01
3.522404746468e-01
3.524269939488e-01
3.526139583315e-01
3.528013672141e-01
3.529892200096e-01
3.531775161252e-01
3.533662549618e-01
3.535554359143e-01
3.537450583717e-01
3.539351217169e-01
3.541256253265e-01
3.543165685714e-01
3.545079508164e-01
3.546997714200e-01
3.548920297351e-01
3.550847251081e-01
3.552778568798e-01
3.554714243846e-01
3.556654269511e-01
3.558598639020e-01
3.560547345537e-01
3.562500382168e-01
3.564457741959e-01
3.566419417894e-01
3.568385402900e-01
3.570355689843e-01
3.572330271529e-01
3.574309140704e-01
3.576292290056e-01
3.578279712211e-01
3.580271399737e-01
3.582267345144e-01
3.584267540880e-01
3.586271979336e-01
3.588280652841e-01
3.590293553669e-01
3.592310674030e-01
3.594332006080e-01
3.596357541912e-01
3.598387273564e-01
3.600421193013e-01
3.602459292178e-01
3.604501562920e-01
3.606547997040e-01
3.608598586283e-01
3.610653322335e-01
3.612712196824e-01
3.614775201319e-01
3.616842327333e-01
3.618913566321e-01
3.620988909678e-01
3.623068348744e-01
3.625151874802e-01
3.627239479076e-01
3.629331152733e-01
3.631426886884e-01
3.633526672584e-01
3.635630500828e-01
3.637738362558e-01
3.639850248657e-01
3.641966149953e-01
3.644086057218e-01
3.646209961166e-01
3.648337852458e-01
3.650469721697e-01
3.652605559431e-01
3.654745356153e-01
3.656889102299e-01
3.659036788252e-01
3.661188404339e-01
3.663343940831e-01
3.665503387945e-01
3.667666735845e-01
3.669833974639e-01
3.672005094380e-01
3.674180085069e-01
3.676358936651e-01
3.678541639018e-01
3.680728182010e-01
3.682918555410e-01
3.685112748952e-01
3.687310752312e-01
3.689512555118e-01
3.691718146943e-01
3.693927517305e-01
3.696140655675e-01
3.698357551467e-01
3.700578194044e-01
3.702802572720e-01
3.705030676753e-01
3.707262495352e-01
3.709498017675e-01
3.711737232828e-01
3.713980129866e-01
3.716226697794e-01
3.718476925564e-01
3.720730802082e-01
3.722988316200e-01
3.725249456722e-01
3.727514212401e-01
3.729782571942e-01
3.732054523999e-01
3.734330057177e-01
3.736609160034e-01
3.738891821076e-01
3.741178028763e-01
3.743467771506e-01
3.745761037667e-01
3.748057815561e-01
3.750358093455e-01
3.752661859569e-01
3.754969102074e-01
3.757279809095e-01
3.759593968710e-01
3.761911568952e-01
3.764232597805e-01
3.766557043207e-01
3.768884893052e-01
3.771216135186e-01
3.773550757410e-01
3.775888747481e-01
3.778230093109e-01
3.780574781961e-01
3.782922801656e-01
3.785274139773e-01
3.787628783843e-01
3.789986721355e-01
3.792347939753e-01
3.794712426439e-01
3.797080168770e-01
3.799451154061e-01
3.801825369584e-01
3.804202802567e-01
3.806583440197e-01
3.808967269620e-01
3.811354277936e-01
3.813744452207e-01
3.816137779453e-01
3.818534246651e-01
3.820933840739e-01
3.823336548613e-01
3.825742357128e-01
3.828151253101e-01
3.830563223305e-01
3.832978254477e-01
3.835396333314e-01
3.837817446470e-01
3.840241580564e-01
3.842668722175e-01
3.845098857842e-01
3.847531974067e-01
3.849968057314e-01
3.852407094007e-01
3.854849070536e-01
3.857293973250e-01
3.859741788463e-01
3.862192502451e-01
3.864646101454e-01
3.867102571675e-01
3.869561899281e-01
3.872024070403e-01
3.874489071137e-01
3.876956887542e-01
3.879427505644e-01
3.881900911431e-01
3.884377090860e-01
3.886856029849e-01
3.889337714287e-01
3.891822130025e-01
3.894309262881e-01
3.896799098641e-01
3.899291623056e-01
3.901786821846e-01
3.904284680697e-01
3.906785185262e-01
3.909288321162e-01
3.911794073987e-01
3.914302429295e-01
3.916813372610e-01
3.919326889429e-01
3.921842965215e-01
3.924361585400e-01
3.926882735387e-01
3.929406400549e-01
3.931932566227e-01
3.934461217734e-01
3.936992340353e-01
3.939525919336e-01
3.942061939909e-01
3.944600387267e-01
3.947141246577e-01
3.949684502978e-01
3.952230141581e-01
3.954778147467e-01
3.957328505694e-01
3.959881201288e-01
3.962436219251e-01
3.964993544556e-01
3.967553162150e-01
3.970115056956e-01
3.972679213868e-01
3.975245617754e-01
3.977814253458e-01
3.980385105799e-01
3.982958159569e-01
3.985533399536e-01
3.988110810444e-01
3.990690377011e-01
3.993272083932e-01
3.995855915878e-01
3.998441857496e-01
4.001029893409e-01
4.003620008219e-01
4.006212186502e-01
4.008806412813e-01
4.011402671683e-01
4.014000947624e-01
4.016601225122e-01
4.019203488644e-01
4.021807722634e-01
4.024413911515e-01
4.027022039690e-01
4.029632091538e-01
4.032244051421e-01
4.034857903679e-01
4.037473632631e-01
4.040091222578e-01
4.042710657800e-01
4.045331922557e-01
4.047955001091e-01
4.050579877625e-01
4.053206536361e-01
4.055834961486e-01
4.058465137166e-01
4.061097047549e-01
4.063730676766e-01
4.066366008930e-01
4.069003028137e-01
4.071641718466e-01
4.074282063976e-01
4.076924048714e-01
4.079567656707e-01
4.082212871967e-01
4.084859678488e-01
4.087508060252e-01
4.090158001222e-01
4.092809485346e-01
4.095462496557e-01
4.098117018774e-01
4.100773035900e-01
4.103430531823e-01
4.106089490419e-01
4.108749895546e-01
4.111411731052e-01
4.114074980769e-01
4.116739628514e-01
4.119405658095e-01
4.122073053303e-01
4.124741797917e-01
4.127411875705e-01
4.130083270420e-01
4.132755965804e-01
4.135429945588e-01
4.138105193487e-01
4.140781693210e-01
4.143459428449e-01
4.146138382889e-01
4.148818540202e-01
4.151499884048e-01
4.154182398078e-01
4.156866065932e-01
4.159550871240e-01
4.162236797621e-01
4.164923828685e-01
4.167611948031e-01
4.170301139250e-01
4.172991385922e-01
4.175682671619e-01
4.178374979904e-01
4.181068294331e-01
4.183762598444e-01
4.186457875781e-01
4.189154109870e-01
4.191851284231e-01
4.194549382378e-01
4.197248387815e-01
4.199948284039e-01
4.202649054541e-01
4.205350682803e-01
4.208053152302e-01
4.210756446505e-01
4.213460548877e-01
4.216165442872e-01
4.218871111941e-01
4.221577539528e-01
4.224284709069e-01
4.226992603997e-01
4.229701207738e-01
4.232410503713e-01
4.235120475337e-01
4.237831106022e-01
4.240542379172e-01
4.243254278189e-01
4.245966786469e-01
4.248679887404e-01
4.251393564381e-01
4.254107800783e-01
4.256822579991e-01
4.259537885380e-01
4.262253700322e-01
4.264970008185e-01
4.267686792336e-01
4.270404036135e-01
4.273121722943e-01
4.275839836115e-01
4.278558359005e-01
4.281277274964e-01
4.283996567340e-01
4.286716219481e-01
4.289436214730e-01
4.292156536430e-01
4.294877167920e-01
4.297598092541e-01
4.300319293628e-01
4.303040754519e-01
4.305762458548e-01
4.308484389049e-01
4.311206529353e-01
4.313928862794e-01
4.316651372702e-01
4.319374042407e-01
4.322096855242e-01
4.324819794534e-01
4.327542843614e-01
4.330265985813e-01
4.332989204459e-01
4.335712482884e-01
4.338435804418e-01
4.341159152392e-01
4.343882510139e-01
4.346605860990e-01
4.349329188281e-01
4.352052475345e-01
4.354775705519e-01
4.357498862139e-01
4.360221928545e-01
4.362944888076e-01
4.365667724074e-01
4.368390419884e-01
4.371112958850e-01
4.373835324320e-01
4.376557499644e-01
4.379279468174e-01
4.382001213265e-01
4.384722718272e-01
4.387443966557e-01
4.390164941481e-01
4.392885626410e-01
4.395606004711e-01
4.398326059756e-01
4.401045774919e-01
4.403765133578e-01
4.406484119113e-01
4.409202714911e-01
4.411920904358e-01
4.414638670847e-01
4.417355997774e-01
4.420072868538e-01
4.422789266544e-01
4.425505175199e-01
4.428220577916e-01
4.430935458111e-01
4.433649799205e-01
4.436363584623e-01
4.439076797798e-01
4.441789422162e-01
4.444501441157e-01
4.447212838228e-01
4.449923596824e-01
4.452633700400e-01
4.455343132417e-01
4.458051876341e-01
4.460759915643e-01
4.463467233799e-01
4.466173814293e-01
4.468879640612e-01
4.471584696249e-01
4.474288964706e-01
4.476992429488e-01
4.479695074107e-01
4.482396882082e-01
4.485097836936e-01
4.487797922200e-01
4.490497121412e-01
4.493195418116e-01
4.495892795861e-01
4.498589238206e-01
4.501284728713e-01
4.503979250955e-01
4.506672788508e-01
4.509365324957e-01
4.512056843895e-01
4.514747328921e-01
4.517436763640e-01
4.520125131668e-01
4.522812416625e-01
4.525498602140e-01
4.528183671850e-01
4.530867609399e-01
4.533550398439e-01
4.536232022629e-01
4.538912465638e-01
4.541591711142e-01
4.544269742823e-01
4.546946544375e-01
4.549622099498e-01
4.552296391900e-01
4.554969405298e-01
4.557641123418e-01
4.560311529994e-01
4.562980608768e-01
4.565648343493e-01
4.568314717927e-01
4.570979715841e-01
4.573643321012e-01
4.576305517227e-01
4.578966288281e-01
4.581625617981e-01
4.584283490139e-01
4.586939888581e-01
4.589594797138e-01
4.592248199653e-01
4.594900079977e-01
4.597550421973e-01
4.600199209510e-01
4.602846426470e-01
4.605492056743e-01
4.608136084230e-01
4.610778492839e-01
4.613419266492e-01
4.616058389119e-01
4.618695844659e-01
4.621331617063e-01
4.623965690292e-01
4.626598048317e-01
4.629228675118e-01
4.631857554687e-01
4.634484671027e-01
4.637110008150e-01
4.639733550080e-01
4.642355280851e-01
4.644975184506e-01
4.647593245103e-01
4.650209446707e-01
4.652823773396e-01
4.655436209257e-01
4.658046738392e-01
4.660655344910e-01
4.663262012933e-01
4.665866726595e-01
4.668469470039e-01
4.671070227421e-01
4.673668982910e-01
4.676265720682e-01
4.678860424929e-01
4.681453079854e-01
4.684043669668e-01
4.686632178599e-01
4.689218590883e-01
4.691802890769e-01
4.694385062519e-01
4.696965090406e-01
4.699542958714e-01
4.702118651742e-01
4.704692153799e-01
4.707263449206e-01
4.709832522299e-01
4.712399357422e-01
4.714963938936e-01
4.717526251212e-01
4.720086278635e-01
4.722644005599e-01
4.725199416516e-01
4.727752495807e-01
4.730303227908e-01
4.732851597266e-01
4.735397588341e-01
4.737941185609e-01
4.740482373556e-01
4.743021136681e-01
4.745557459498e-01
4.748091326535e-01
4.750622722329e-01
4.753151631435e-01
4.755678038419e-01
4.758201927862e-01
4.760723284357e-01
4.763242092512e-01
4.765758336947e-01
4.768272002297e-01
4.770783073212e-01
4.773291534353e-01
4.775797370397e-01
4.778300566035e-01
4.780801105971e-01
4.783298974923e-01
4.785794157626e-01
4.788286638825e-01
4.790776403283e-01
4.793263435775e-01
4.795747721092e-01
4.798229244039e-01
4.800707989434e-01
4.803183942113e-01
4.805657086923e-01
4.808127408730e-01
4.810594892410e-01
4.813059522858e-01
4.815521284982e-01
4.817980163706e-01
4.820436143967e-01
4.822889210721e-01
4.825339348935e-01
4.827786543594e-01
4.830230779697e-01
4.832672042261e-01
4.835110316315e-01
4.837545586906e-01
4.839977839096e-01
4.842407057961e-01
4.844833228596e-01
4.847256336110e-01
4.849676365628e-01
4.852093302291e-01
4.854507131256e-01
4.856917837697e-01
4.859325406803e-01
4.861729823780e-01
4.864131073851e-01
4.866529142254e-01
4.868924014244e-01
4.871315675092e-01
4.873704110088e-01
4.876089304535e-01
4.878471243756e-01
4.880849913090e-01
4.883225297891e-01
4.885597383532e-01
4.887966155404e-01
4.890331598912e-01
4.892693699480e-01
4.895052442550e-01
4.897407813580e-01
4.899759798047e-01
4.902108381443e-01
4.904453549279e-01
4.906795287086e-01
4.909133580408e-01
4.911468414811e-01
4.913799775876e-01
4.916127649203e-01
4.918452020411e-01
4.920772875137e-01
4.923090199033e-01
4.925403977774e-01
4.927714197051e-01
4.930020842572e-01
4.932323900066e-01
4.934623355279e-01
4.936919193978e-01
4.939211401945e-01
4.941499964984e-01
4.943784868917e-01
4.946066099584e-01
4.948343642845e-01
4.950617484579e-01
4.952887610685e-01
4.955154007079e-01
4.957416659700e-01
4.959675554503e-01
4.961930677463e-01
4.964182014578e-01
4.966429551863e-01
4.968673275351e-01
4.970913171099e-01
4.973149225182e-01
4.975381423694e-01
4.977609752751e-01
4.979834198488e-01
4.982054747062e-01
4.984271384648e-01
4.986484097444e-01
4.988692871665e-01
4.990897693551e-01
4.993098549361e-01
4.995295425373e-01
4.997488307889e-01
4.999677183230e-01
5.001862037739e-01
5.004042857778e-01
5.006219629735e-01
5.008392340015e-01
5.010560975046e-01
5.012725521277e-01
5.014885965181e-01
5.017042293249e-01
5.019194491997e-01
5.021342547962e-01
5.023486447702e-01
5.025626177798e-01
5.027761724854e-01
5.029893075494e-01
5.032020216366e-01
5.034143134141e-01
5.036261815511e-01
5.038376247191e-01
5.040486415921e-01
5.042592308460e-01
5.044693911594e-01
5.046791212129e-01
5.048884196895e-01
5.050972852747e-01
5.053057166560e-01
5.055137125235e-01
5.057212715696e-01
5.059283924890e-01
5.061350739788e-01
5.063413147386e-01
5.065471134703e-01
5.067524688780e-01
5.069573796686e-01
5.071618445512e-01
5.073658622372e-01
5.075694314408e-01
5.077725508783e-01
5.079752192686e-01
5.081774353332e-01
5.083791977959e-01
5.085805053830e-01
5.087813568234e-01
5.089817508485e-01
5.091816861922e-01
5.093811615908e-01
5.095801757834e-01
5.097787275115e-01
5.099768155191e-01
5.101744385529e-01
5.103715953621e-01
5.105682846986e-01
5.107645053167e-01
5.109602559736e-01
5.111555354288e-01
5.113503424447e-01
5.115446757862e-01
5.117385342209e-01
5.119319165192e-01
5.121248214539e-01
5.123172478007e-01
5.125091943379e-01
5.127006598465e-01
5.128916431103e-01
5.130821429159e-01
5.132721580523e-01
5.134616873116e-01
5.136507294885e-01
5.138392833805e-01
5.140273477880e-01
5.142149215139e-01
5.144020033641e-01
5.145885921475e-01
5.147746866754e-01
5.149602857622e-01
5.151453882252e-01
5.153299928844e-01
5.155140985628e-01
5.156977040861e-01
5.158808082830e-01
5.160634099852e-01
5.162455080271e-01
5.164271012462e-01
5.166081884827e-01
5.167887685802e-01
5.169688403847e-01
5.171484027456e-01
5.173274545150e-01
5.175059945480e-01
5.176840217030e-01
5.178615348410e-01
5.180385328264e-01
5.182150145263e-01
5.183909788110e-01
5.185664245539e-01
5.187413506314e-01
5.189157559229e-01
5.190896393110e-01
5.192629996814e-01
5.194358359228e-01
5.196081469272e-01
5.197799315895e-01
5.199511888079e-01
5.201219174837e-01
5.202921165214e-01
