6.778135e+06 0.000000e+00 0.000000e+00
6.778134e+06 3.320600e+03 1.917150e+03
6.778131e+06 6.641200e+03 3.834298e+03
6.778125e+06 9.961797e+03 5.751446e+03
6.778118e+06 1.328239e+04 7.668592e+03
6.778108e+06 1.660298e+04 9.585735e+03
6.778096e+06 1.992357e+04 1.150288e+04
6.778082e+06 2.324414e+04 1.342001e+04
6.778066e+06 2.656471e+04 1.533714e+04
6.778047e+06 2.988528e+04 1.725427e+04
6.778027e+06 3.320583e+04 1.917139e+04
6.778004e+06 3.652637e+04 2.108851e+04
6.777979e+06 3.984690e+04 2.300562e+04
6.777952e+06 4.316742e+04 2.492272e+04
6.777922e+06 4.648792e+04 2.683981e+04
6.777891e+06 4.980841e+04 2.875690e+04
6.777857e+06 5.312888e+04 3.067398e+04
6.777822e+06 5.644934e+04 3.259104e+04
6.777784e+06 5.976978e+04 3.450810e+04
6.777743e+06 6.309020e+04 3.642514e+04
6.777701e+06 6.641059e+04 3.834217e+04
6.777657e+06 6.973097e+04 4.025920e+04
6.777610e+06 7.305133e+04 4.217620e+04
6.777561e+06 7.637166e+04 4.409320e+04
6.777510e+06 7.969197e+04 4.601018e+04
6.777457e+06 8.301225e+04 4.792714e+04
6.777402e+06 8.633250e+04 4.984409e+04
6.777344e+06 8.965273e+04 5.176103e+04
6.777285e+06 9.297293e+04 5.367795e+04
6.777223e+06 9.629310e+04 5.559485e+04
6.777159e+06 9.961324e+04 5.751173e+04
6.777093e+06 1.029333e+05 5.942859e+04
6.777024e+06 1.062534e+05 6.134544e+04
6.776954e+06 1.095735e+05 6.326226e+04
6.776881e+06 1.128935e+05 6.517907e+04
6.776807e+06 1.162134e+05 6.709585e+04
6.776730e+06 1.195334e+05 6.901262e+04
6.776650e+06 1.228533e+05 7.092936e+04
6.776569e+06 1.261731e+05 7.284608e+04
6.776486e+06 1.294929e+05 7.476277e+04
6.776400e+06 1.328127e+05 7.667944e+04
6.776312e+06 1.361324e+05 7.859609e+04
6.776222e+06 1.394521e+05 8.051271e+04
6.776130e+06 1.427717e+05 8.242931e+04
6.776036e+06 1.460913e+05 8.434587e+04
6.775939e+06 1.494109e+05 8.626242e+04
6.775840e+06 1.527304e+05 8.817893e+04
6.775739e+06 1.560498e+05 9.009542e+04
6.775636e+06 1.593692e+05 9.201188e+04
6.775531e+06 1.626886e+05 9.392830e+04
6.775424e+06 1.660079e+05 9.584470e+04
6.775314e+06 1.693271e+05 9.776107e+04
6.775203e+06 1.726463e+05 9.967741e+04
6.775089e+06 1.759655e+05 1.015937e+05
6.774973e+06 1.792845e+05 1.035100e+05
6.774855e+06 1.826036e+05 1.054262e+05
6.774734e+06 1.859225e+05 1.073424e+05
6.774612e+06 1.892414e+05 1.092586e+05
6.774487e+06 1.925603e+05 1.111747e+05
6.774360e+06 1.958791e+05 1.130908e+05
6.774231e+06 1.991978e+05 1.150069e+05
6.774100e+06 2.025164e+05 1.169229e+05
6.773967e+06 2.058350e+05 1.188389e+05
6.773831e+06 2.091536e+05 1.207549e+05
6.773693e+06 2.124720e+05 1.226708e+05
6.773553e+06 2.157904e+05 1.245866e+05
6.773411e+06 2.191087e+05 1.265025e+05
6.773267e+06 2.224270e+05 1.284183e+05
6.773121e+06 2.257452e+05 1.303340e+05
6.772972e+06 2.290633e+05 1.322497e+05
6.772822e+06 2.323813e+05 1.341654e+05
6.772669e+06 2.356993e+05 1.360810e+05
6.772514e+06 2.390171e+05 1.379966e+05
6.772356e+06 2.423350e+05 1.399122e+05
6.772197e+06 2.456527e+05 1.418276e+05
6.772036e+06 2.489703e+05 1.437431e+05
6.771872e+06 2.522879e+05 1.456585e+05
6.771706e+06 2.556054e+05 1.475738e+05
6.771538e+06 2.589228e+05 1.494892e+05
6.771368e+06 2.622401e+05 1.514044e+05
6.771195e+06 2.655574e+05 1.533196e+05
6.771021e+06 2.688745e+05 1.552348e+05
6.770844e+06 2.721916e+05 1.571499e+05
6.770665e+06 2.755086e+05 1.590650e+05
6.770484e+06 2.788255e+05 1.609800e+05
6.770301e+06 2.821423e+05 1.628949e+05
6.770116e+06 2.854590e+05 1.648098e+05
6.769928e+06 2.887756e+05 1.667247e+05
6.769738e+06 2.920922e+05 1.686395e+05
6.769546e+06 2.954086e+05 1.705542e+05
6.769352e+06 2.987250e+05 1.724689e+05
6.769156e+06 3.020412e+05 1.743836e+05
6.768958e+06 3.053574e+05 1.762982e+05
6.768757e+06 3.086734e+05 1.782127e+05
6.768555e+06 3.119894e+05 1.801272e+05
6.768350e+06 3.153052e+05 1.820416e+05
6.768143e+06 3.186210e+05 1.839559e+05
6.767933e+06 3.219366e+05 1.858702e+05
6.767722e+06 3.252522e+05 1.877844e+05
6.767509e+06 3.285676e+05 1.896986e+05
6.767293e+06 3.318830e+05 1.916127e+05
6.767075e+06 3.351982e+05 1.935268e+05
6.766855e+06 3.385134e+05 1.954408e+05
6.766633e+06 3.418284e+05 1.973547e+05
6.766408e+06 3.451433e+05 1.992686e+05
6.766182e+06 3.484581e+05 2.011824e+05
6.765953e+06 3.517728e+05 2.030961e+05
6.765722e+06 3.550873e+05 2.050098e+05
6.765489e+06 3.584018e+05 2.069234e+05
6.765254e+06 3.617162e+05 2.088369e+05
6.765017e+06 3.650304e+05 2.107504e+05
6.764777e+06 3.683445e+05 2.126638e+05
6.764536e+06 3.716585e+05 2.145771e+05
6.764292e+06 3.749724e+05 2.164904e+05
6.764046e+06 3.782861e+05 2.184036e+05
6.763797e+06 3.815998e+05 2.203167e+05
6.763547e+06 3.849133e+05 2.222298e+05
6.763295e+06 3.882267e+05 2.241428e+05
6.763040e+06 3.915400e+05 2.260557e+05
6.762783e+06 3.948531e+05 2.279685e+05
6.762524e+06 3.981661e+05 2.298813e+05
6.762263e+06 4.014790e+05 2.317940e+05
6.762000e+06 4.047918e+05 2.337066e+05
6.761734e+06 4.081044e+05 2.356192e+05
6.761466e+06 4.114169e+05 2.375317e+05
6.761197e+06 4.147293e+05 2.394441e+05
6.760925e+06 4.180415e+05 2.413564e+05
6.760651e+06 4.213536e+05 2.432686e+05
6.760374e+06 4.246656e+05 2.451808e+05
6.760096e+06 4.279774e+05 2.470929e+05
6.759815e+06 4.312891e+05 2.490049e+05
6.759532e+06 4.346007e+05 2.509168e+05
6.759247e+06 4.379121e+05 2.528287e+05
6.758960e+06 4.412233e+05 2.547404e+05
6.758671e+06 4.445345e+05 2.566521e+05
6.758380e+06 4.478455e+05 2.585637e+05
6.758086e+06 4.511563e+05 2.604752e+05
6.757790e+06 4.544670e+05 2.623867e+05
6.757492e+06 4.577776e+05 2.642980e+05
6.757192e+06 4.610880e+05 2.662093e+05
6.756890e+06 4.643983e+05 2.681205e+05
6.756585e+06 4.677084e+05 2.700316e+05
6.756279e+06 4.710184e+05 2.719426e+05
6.755970e+06 4.743282e+05 2.738535e+05
6.755659e+06 4.776378e+05 2.757643e+05
6.755346e+06 4.809474e+05 2.776751e+05
6.755031e+06 4.842567e+05 2.795857e+05
6.754713e+06 4.875659e+05 2.814963e+05
6.754394e+06 4.908750e+05 2.834068e+05
6.754072e+06 4.941839e+05 2.853172e+05
6.753748e+06 4.974926e+05 2.872275e+05
6.753422e+06 5.008012e+05 2.891377e+05
6.753094e+06 5.041096e+05 2.910478e+05
6.752764e+06 5.074178e+05 2.929578e+05
6.752431e+06 5.107259e+05 2.948677e+05
6.752096e+06 5.140338e+05 2.967776e+05
6.751760e+06 5.173416e+05 2.986873e+05
6.751421e+06 5.206492e+05 3.005970e+05
6.751079e+06 5.239566e+05 3.025065e+05
6.750736e+06 5.272639e+05 3.044160e+05
6.750391e+06 5.305710e+05 3.063253e+05
6.750043e+06 5.338779e+05 3.082346e+05
6.749693e+06 5.371847e+05 3.101437e+05
6.749341e+06 5.404912e+05 3.120528e+05
6.748987e+06 5.437977e+05 3.139617e+05
6.748631e+06 5.471039e+05 3.158706e+05
6.748272e+06 5.504100e+05 3.177793e+05
6.747912e+06 5.537158e+05 3.196880e+05
6.747549e+06 5.570215e+05 3.215965e+05
6.747184e+06 5.603271e+05 3.235050e+05
6.746817e+06 5.636324e+05 3.254133e+05
6.746448e+06 5.669376e+05 3.273216e+05
6.746076e+06 5.702426e+05 3.292297e+05
6.745703e+06 5.735474e+05 3.311377e+05
6.745327e+06 5.768520e+05 3.330457e+05
6.744949e+06 5.801564e+05 3.349535e+05
6.744569e+06 5.834607e+05 3.368612e+05
6.744187e+06 5.867647e+05 3.387688e+05
6.743803e+06 5.900686e+05 3.406763e+05
6.743416e+06 5.933723e+05 3.425837e+05
6.743027e+06 5.966758e+05 3.444909e+05
6.742637e+06 5.999791e+05 3.463981e+05
6.742244e+06 6.032822e+05 3.483052e+05
6.741848e+06 6.065851e+05 3.502121e+05
6.741451e+06 6.098879e+05 3.521189e+05
6.741052e+06 6.131904e+05 3.540256e+05
6.740650e+06 6.164927e+05 3.559322e+05
6.740246e+06 6.197949e+05 3.578387e+05
6.739840e+06 6.230968e+05 3.597451e+05
6.739432e+06 6.263985e+05 3.616514e+05
6.739022e+06 6.297001e+05 3.635575e+05
6.738610e+06 6.330014e+05 3.654635e+05
6.738195e+06 6.363026e+05 3.673695e+05
6.737778e+06 6.396035e+05 3.692753e+05
6.737360e+06 6.429042e+05 3.711809e+05
6.736939e+06 6.462047e+05 3.730865e+05
6.736515e+06 6.495051e+05 3.749919e+05
6.736090e+06 6.528052e+05 3.768972e+05
6.735663e+06 6.561051e+05 3.788024e+05
6.735233e+06 6.594048e+05 3.807075e+05
6.734801e+06 6.627042e+05 3.826125e+05
6.734367e+06 6.660035e+05 3.845173e+05
6.733931e+06 6.693025e+05 3.864220e+05
6.733493e+06 6.726014e+05 3.883266e+05
6.733052e+06 6.759000e+05 3.902311e+05
6.732610e+06 6.791984e+05 3.921354e+05
6.732165e+06 6.824966e+05 3.940396e+05
6.731718e+06 6.857946e+05 3.959437e+05
6.731269e+06 6.890923e+05 3.978476e+05
6.730818e+06 6.923899e+05 3.997515e+05
6.730365e+06 6.956872e+05 4.016552e+05
6.729909e+06 6.989843e+05 4.035587e+05
6.729451e+06 7.022811e+05 4.054622e+05
6.728992e+06 7.055778e+05 4.073655e+05
6.728530e+06 7.088742e+05 4.092687e+05
6.728066e+06 7.121703e+05 4.111717e+05
6.727599e+06 7.154663e+05 4.130747e+05
6.727131e+06 7.187620e+05 4.149775e+05
6.726660e+06 7.220575e+05 4.168801e+05
6.726188e+06 7.253528e+05 4.187826e+05
6.725713e+06 7.286478e+05 4.206850e+05
6.725236e+06 7.319426e+05 4.225873e+05
6.724757e+06 7.352372e+05 4.244894e+05
6.724275e+06 7.385315e+05 4.263914e+05
6.723792e+06 7.418256e+05 4.282932e+05
6.723306e+06 7.451195e+05 4.301949e+05
6.722818e+06 7.484131e+05 4.320965e+05
6.722328e+06 7.517065e+05 4.339979e+05
6.721836e+06 7.549996e+05 4.358992e+05
6.721342e+06 7.582925e+05 4.378004e+05
6.720846e+06 7.615852e+05 4.397014e+05
6.720347e+06 7.648776e+05 4.416023e+05
6.719846e+06 7.681698e+05 4.435030e+05
6.719344e+06 7.714617e+05 4.454036e+05
6.718839e+06 7.747534e+05 4.473041e+05
6.718331e+06 7.780448e+05 4.492044e+05
6.717822e+06 7.813360e+05 4.511045e+05
6.717311e+06 7.846269e+05 4.530046e+05
6.716797e+06 7.879176e+05 4.549044e+05
6.716281e+06 7.912080e+05 4.568042e+05
6.715763e+06 7.944982e+05 4.587037e+05
6.715243e+06 7.977881e+05 4.606032e+05
6.714721e+06 8.010778e+05 4.625025e+05
6.714197e+06 8.043672e+05 4.644016e+05
6.713670e+06 8.076563e+05 4.663006e+05
6.713142e+06 8.109452e+05 4.681994e+05
6.712611e+06 8.142338e+05 4.700981e+05
6.712078e+06 8.175222e+05 4.719967e+05
6.711543e+06 8.208103e+05 4.738951e+05
6.711006e+06 8.240982e+05 4.757933e+05
6.710466e+06 8.273857e+05 4.776914e+05
6.709925e+06 8.306731e+05 4.795893e+05
6.709381e+06 8.339601e+05 4.814871e+05
6.708835e+06 8.372469e+05 4.833847e+05
6.708287e+06 8.405334e+05 4.852822e+05
6.707737e+06 8.438197e+05 4.871795e+05
6.707185e+06 8.471056e+05 4.890767e+05
6.706631e+06 8.503913e+05 4.909737e+05
6.706074e+06 8.536768e+05 4.928705e+05
6.705515e+06 8.569619e+05 4.947672e+05
6.704955e+06 8.602468e+05 4.966637e+05
6.704392e+06 8.635314e+05 4.985601e+05
6.703826e+06 8.668158e+05 5.004563e+05
6.703259e+06 8.700998e+05 5.023524e+05
6.702690e+06 8.733836e+05 5.042483e+05
6.702118e+06 8.766671e+05 5.061440e+05
6.701544e+06 8.799503e+05 5.080396e+05
6.700969e+06 8.832333e+05 5.099350e+05
6.700391e+06 8.865159e+05 5.118302e+05
6.699811e+06 8.897983e+05 5.137253e+05
6.699228e+06 8.930804e+05 5.156202e+05
6.698644e+06 8.963622e+05 5.175149e+05
6.698057e+06 8.996437e+05 5.194095e+05
6.697468e+06 9.029249e+05 5.213039e+05
6.696878e+06 9.062059e+05 5.231982e+05
6.696285e+06 9.094865e+05 5.250923e+05
6.695689e+06 9.127669e+05 5.269862e+05
6.695092e+06 9.160469e+05 5.288799e+05
6.694493e+06 9.193267e+05 5.307735e+05
6.693891e+06 9.226062e+05 5.326669e+05
6.693287e+06 9.258854e+05 5.345602e+05
6.692682e+06 9.291642e+05 5.364532e+05
6.692074e+06 9.324428e+05 5.383461e+05
6.691463e+06 9.357211e+05 5.402388e+05
6.690851e+06 9.389991e+05 5.421314e+05
6.690237e+06 9.422768e+05 5.440238e+05
6.689620e+06 9.455542e+05 5.459160e+05
6.689002e+06 9.488313e+05 5.478080e+05
6.688381e+06 9.521081e+05 5.496998e+05
6.687758e+06 9.553845e+05 5.515915e+05
6.687133e+06 9.586607e+05 5.534830e+05
6.686505e+06 9.619366e+05 5.553743e+05
6.685876e+06 9.652121e+05 5.572655e+05
6.685244e+06 9.684874e+05 5.591564e+05
6.684611e+06 9.717623e+05 5.610472e+05
6.683975e+06 9.750369e+05 5.629378e+05
6.683337e+06 9.783113e+05 5.648283e+05
6.682697e+06 9.815853e+05 5.667185e+05
6.682055e+06 9.848589e+05 5.686086e+05
6.681410e+06 9.881323e+05 5.704985e+05
6.680764e+06 9.914054e+05 5.723882e+05
6.680115e+06 9.946781e+05 5.742777e+05
6.679464e+06 9.979505e+05 5.761670e+05
6.678811e+06 1.001223e+06 5.780562e+05
6.678156e+06 1.004494e+06 5.799451e+05
6.677499e+06 1.007766e+06 5.818339e+05
6.676840e+06 1.011037e+06 5.837225e+05
6.676178e+06 1.014308e+06 5.856109e+05
6.675515e+06 1.017578e+06 5.874991e+05
6.674849e+06 1.020848e+06 5.893872e+05
6.674181e+06 1.024118e+06 5.912750e+05
6.673511e+06 1.027388e+06 5.931626e+05
6.672839e+06 1.030657e+06 5.950501e+05
6.672164e+06 1.033926e+06 5.969374e+05
6.671488e+06 1.037194e+06 5.988245e+05
6.670810e+06 1.040463e+06 6.007113e+05
6.670129e+06 1.043730e+06 6.025980e+05
6.669446e+06 1.046998e+06 6.044846e+05
6.668761e+06 1.050265e+06 6.063709e+05
6.668074e+06 1.053532e+06 6.082570e+05
6.667385e+06 1.056799e+06 6.101429e+05
6.666693e+06 1.060065e+06 6.120286e+05
6.666000e+06 1.063331e+06 6.139142e+05
6.665304e+06 1.066596e+06 6.157995e+05
6.664606e+06 1.069861e+06 6.176846e+05
6.663907e+06 1.073126e+06 6.195696e+05
6.663205e+06 1.076390e+06 6.214543e+05
6.662500e+06 1.079655e+06 6.233389e+05
6.661794e+06 1.082918e+06 6.252232e+05
6.661086e+06 1.086182e+06 6.271073e+05
6.660375e+06 1.089445e+06 6.289913e+05
6.659662e+06 1.092708e+06 6.308750e+05
6.658948e+06 1.095970e+06 6.327586e+05
6.658231e+06 1.099232e+06 6.346419e+05
6.657512e+06 1.102494e+06 6.365250e+05
6.656790e+06 1.105755e+06 6.384080e+05
6.656067e+06 1.109016e+06 6.402907e+05
6.655342e+06 1.112277e+06 6.421732e+05
6.654614e+06 1.115537e+06 6.440555e+05
6.653884e+06 1.118797e+06 6.459376e+05
6.653152e+06 1.122056e+06 6.478195e+05
6.652418e+06 1.125316e+06 6.497012e+05
6.651682e+06 1.128574e+06 6.515827e+05
6.650944e+06 1.131833e+06 6.534640e+05
6.650204e+06 1.135091e+06 6.553451e+05
6.649461e+06 1.138349e+06 6.572259e+05
6.648716e+06 1.141606e+06 6.591066e+05
6.647970e+06 1.144863e+06 6.609870e+05
6.647221e+06 1.148120e+06 6.628672e+05
6.646470e+06 1.151376e+06 6.647473e+05
6.645717e+06 1.154632e+06 6.666271e+05
6.644961e+06 1.157887e+06 6.685067e+05
6.644204e+06 1.161143e+06 6.703860e+05
6.643444e+06 1.164397e+06 6.722652e+05
6.642683e+06 1.167652e+06 6.741441e+05
6.641919e+06 1.170906e+06 6.760229e+05
6.641153e+06 1.174160e+06 6.779014e+05
6.640385e+06 1.177413e+06 6.797797e+05
6.639615e+06 1.180666e+06 6.816578e+05
6.638843e+06 1.183918e+06 6.835356e+05
6.638068e+06 1.187171e+06 6.854133e+05
6.637292e+06 1.190422e+06 6.872907e+05
6.636513e+06 1.193674e+06 6.891679e+05
6.635732e+06 1.196925e+06 6.910449e+05
6.634950e+06 1.200175e+06 6.929216e+05
6.634165e+06 1.203426e+06 6.947982e+05
6.633377e+06 1.206676e+06 6.966745e+05
6.632588e+06 1.209925e+06 6.985506e+05
6.631797e+06 1.213174e+06 7.004265e+05
6.631003e+06 1.216423e+06 7.023021e+05
6.630208e+06 1.219671e+06 7.041775e+05
6.629410e+06 1.222919e+06 7.060527e+05
6.628610e+06 1.226167e+06 7.079277e+05
6.627808e+06 1.229414e+06 7.098024e+05
6.627004e+06 1.232661e+06 7.116769e+05
6.626198e+06 1.235907e+06 7.135512e+05
6.625389e+06 1.239153e+06 7.154253e+05
6.624579e+06 1.242399e+06 7.172991e+05
6.623766e+06 1.245644e+06 7.191727e+05
6.622952e+06 1.248888e+06 7.210461e+05
6.622135e+06 1.252133e+06 7.229192e+05
6.621316e+06 1.255377e+06 7.247922e+05
6.620495e+06 1.258620e+06 7.266648e+05
6.619671e+06 1.261864e+06 7.285373e+05
6.618846e+06 1.265106e+06 7.304095e+05
6.618019e+06 1.268349e+06 7.322815e+05
6.617189e+06 1.271591e+06 7.341532e+05
6.616358e+06 1.274832e+06 7.360247e+05
6.615524e+06 1.278073e+06 7.378960e+05
6.614688e+06 1.281314e+06 7.397670e+05
6.613850e+06 1.284554e+06 7.416378e+05
6.613010e+06 1.287794e+06 7.435084e+05
6.612168e+06 1.291034e+06 7.453787e+05
6.611323e+06 1.294273e+06 7.472488e+05
6.610477e+06 1.297512e+06 7.491187e+05
6.609628e+06 1.300750e+06 7.509883e+05
6.608777e+06 1.303988e+06 7.528576e+05
6.607925e+06 1.307225e+06 7.547268e+05
6.607070e+06 1.310462e+06 7.565957e+05
6.606213e+06 1.313699e+06 7.584643e+05
6.605353e+06 1.316935e+06 7.603327e+05
6.604492e+06 1.320171e+06 7.622009e+05
6.603629e+06 1.323406e+06 7.640688e+05
6.602763e+06 1.326641e+06 7.659364e+05
6.601896e+06 1.329875e+06 7.678039e+05
6.601026e+06 1.333109e+06 7.696710e+05
6.600154e+06 1.336343e+06 7.715380e+05
6.599280e+06 1.339576e+06 7.734047e+05
6.598404e+06 1.342809e+06 7.752711e+05
6.597526e+06 1.346041e+06 7.771373e+05
6.596646e+06 1.349273e+06 7.790032e+05
6.595763e+06 1.352505e+06 7.808689e+05
6.594879e+06 1.355736e+06 7.827344e+05
6.593992e+06 1.358966e+06 7.845996e+05
6.593103e+06 1.362196e+06 7.864645e+05
6.592213e+06 1.365426e+06 7.883292e+05
6.591320e+06 1.368656e+06 7.901936e+05
6.590425e+06 1.371884e+06 7.920578e+05
6.589527e+06 1.375113e+06 7.939217e+05
6.588628e+06 1.378341e+06 7.957854e+05
6.587727e+06 1.381568e+06 7.976488e+05
6.586823e+06 1.384795e+06 7.995120e+05
6.585918e+06 1.388022e+06 8.013749e+05
6.585010e+06 1.391248e+06 8.032376e+05
6.584100e+06 1.394474e+06 8.051000e+05
6.583188e+06 1.397699e+06 8.069621e+05
6.582274e+06 1.400924e+06 8.088240e+05
6.581358e+06 1.404149e+06 8.106856e+05
6.580440e+06 1.407373e+06 8.125470e+05
6.579519e+06 1.410596e+06 8.144081e+05
6.578597e+06 1.413819e+06 8.162689e+05
6.577672e+06 1.417042e+06 8.181295e+05
6.576746e+06 1.420264e+06 8.199898e+05
6.575817e+06 1.423486e+06 8.218499e+05
6.574886e+06 1.426707e+06 8.237097e+05
6.573953e+06 1.429928e+06 8.255692e+05
6.573018e+06 1.433148e+06 8.274285e+05
6.572081e+06 1.436368e+06 8.292875e+05
6.571142e+06 1.439587e+06 8.311462e+05
6.570200e+06 1.442806e+06 8.330047e+05
6.569257e+06 1.446025e+06 8.348629e+05
6.568311e+06 1.449243e+06 8.367208e+05
6.567363e+06 1.452461e+06 8.385785e+05
6.566414e+06 1.455678e+06 8.404359e+05
6.565462e+06 1.458894e+06 8.422930e+05
6.564508e+06 1.462110e+06 8.441499e+05
6.563552e+06 1.465326e+06 8.460065e+05
6.562593e+06 1.468541e+06 8.478628e+05
6.561633e+06 1.471756e+06 8.497188e+05
6.560671e+06 1.474970e+06 8.515746e+05
6.559706e+06 1.478184e+06 8.534301e+05
6.558740e+06 1.481398e+06 8.552853e+05
6.557771e+06 1.484611e+06 8.571403e+05
6.556800e+06 1.487823e+06 8.589950e+05
6.555827e+06 1.491035e+06 8.608494e+05
6.554852e+06 1.494246e+06 8.627035e+05
6.553875e+06 1.497457e+06 8.645574e+05
6.552896e+06 1.500668e+06 8.664110e+05
6.551915e+06 1.503878e+06 8.682643e+05
6.550931e+06 1.507087e+06 8.701173e+05
6.549946e+06 1.510296e+06 8.719700e+05
6.548958e+06 1.513505e+06 8.738225e+05
6.547969e+06 1.516713e+06 8.756747e+05
6.546977e+06 1.519921e+06 8.775266e+05
6.545983e+06 1.523128e+06 8.793782e+05
6.544987e+06 1.526334e+06 8.812296e+05
6.543989e+06 1.529541e+06 8.830806e+05
6.542989e+06 1.532746e+06 8.849314e+05
6.541987e+06 1.535951e+06 8.867819e+05
6.540982e+06 1.539156e+06 8.886321e+05
6.539976e+06 1.542360e+06 8.904821e+05
6.538967e+06 1.545564e+06 8.923317e+05
6.537957e+06 1.548767e+06 8.941811e+05
6.536944e+06 1.551970e+06 8.960302e+05
6.535929e+06 1.555172e+06 8.978789e+05
6.534912e+06 1.558374e+06 8.997274e+05
6.533893e+06 1.561575e+06 9.015756e+05
6.532872e+06 1.564776e+06 9.034236e+05
6.531849e+06 1.567976e+06 9.052712e+05
6.530824e+06 1.571175e+06 9.071186e+05
6.529797e+06 1.574375e+06 9.089656e+05
6.528767e+06 1.577573e+06 9.108124e+05
6.527736e+06 1.580771e+06 9.126588e+05
6.526702e+06 1.583969e+06 9.145050e+05
6.525666e+06 1.587166e+06 9.163509e+05
6.524629e+06 1.590363e+06 9.181965e+05
6.523589e+06 1.593559e+06 9.200418e+05
6.522547e+06 1.596755e+06 9.218868e+05
6.521503e+06 1.599950e+06 9.237315e+05
6.520457e+06 1.603145e+06 9.255759e+05
6.519408e+06 1.606339e+06 9.274201e+05
6.518358e+06 1.609532e+06 9.292639e+05
6.517306e+06 1.612725e+06 9.311074e+05
6.516251e+06 1.615918e+06 9.329506e+05
6.515195e+06 1.619110e+06 9.347936e+05
6.514136e+06 1.622301e+06 9.366362e+05
6.513075e+06 1.625492e+06 9.384785e+05
6.512013e+06 1.628683e+06 9.403205e+05
6.510948e+06 1.631873e+06 9.421623e+05
6.509881e+06 1.635062e+06 9.440037e+05
6.508812e+06 1.638251e+06 9.458448e+05
6.507741e+06 1.641440e+06 9.476856e+05
6.506667e+06 1.644628e+06 9.495262e+05
6.505592e+06 1.647815e+06 9.513664e+05
6.504515e+06 1.651002e+06 9.532063e+05
6.503435e+06 1.654188e+06 9.550459e+05
6.502354e+06 1.657374e+06 9.568852e+05
6.501270e+06 1.660559e+06 9.587242e+05
6.500184e+06 1.663744e+06 9.605629e+05
6.499096e+06 1.666928e+06 9.624013e+05
6.498007e+06 1.670111e+06 9.642393e+05
6.496915e+06 1.673295e+06 9.660771e+05
6.495821e+06 1.676477e+06 9.679145e+05
6.494724e+06 1.679659e+06 9.697517e+05
6.493626e+06 1.682841e+06 9.715885e+05
6.492526e+06 1.686022e+06 9.734250e+05
6.491424e+06 1.689202e+06 9.752612e+05
6.490319e+06 1.692382e+06 9.770971e+05
6.489213e+06 1.695561e+06 9.789327e+05
6.488104e+06 1.698740e+06 9.807680e+05
6.486994e+06 1.701918e+06 9.826030e+05
6.485881e+06 1.705096e+06 9.844376e+05
6.484766e+06 1.708273e+06 9.862719e+05
6.483649e+06 1.711450e+06 9.881060e+05
6.482530e+06 1.714626e+06 9.899397e+05
6.481409e+06 1.717801e+06 9.917730e+05
6.480286e+06 1.720976e+06 9.936061e+05
6.479161e+06 1.724151e+06 9.954388e+05
6.478034e+06 1.727325e+06 9.972713e+05
6.476904e+06 1.730498e+06 9.991034e+05
6.475773e+06 1.733671e+06 1.000935e+06
6.474639e+06 1.736843e+06 1.002767e+06
6.473504e+06 1.740014e+06 1.004598e+06
6.472366e+06 1.743185e+06 1.006429e+06
6.471227e+06 1.746356e+06 1.008259e+06
6.470085e+06 1.749526e+06 1.010089e+06
6.468941e+06 1.752695e+06 1.011919e+06
6.467795e+06 1.755864e+06 1.013749e+06
6.466647e+06 1.759033e+06 1.015578e+06
6.465497e+06 1.762200e+06 1.017407e+06
6.464345e+06 1.765367e+06 1.019235e+06
6.463191e+06 1.768534e+06 1.021064e+06
6.462035e+06 1.771700e+06 1.022891e+06
6.460876e+06 1.774865e+06 1.024719e+06
6.459716e+06 1.778030e+06 1.026546e+06
6.458554e+06 1.781195e+06 1.028373e+06
6.457389e+06 1.784358e+06 1.030200e+06
6.456222e+06 1.787522e+06 1.032026e+06
6.455054e+06 1.790684e+06 1.033852e+06
6.453883e+06 1.793846e+06 1.035678e+06
6.452710e+06 1.797008e+06 1.037503e+06
6.451536e+06 1.800169e+06 1.039328e+06
6.450359e+06 1.803329e+06 1.041152e+06
6.449180e+06 1.806489e+06 1.042977e+06
6.447999e+06 1.809648e+06 1.044801e+06
6.446816e+06 1.812806e+06 1.046624e+06
6.445630e+06 1.815964e+06 1.048448e+06
6.444443e+06 1.819122e+06 1.050270e+06
6.443254e+06 1.822279e+06 1.052093e+06
6.442063e+06 1.825435e+06 1.053915e+06
6.440869e+06 1.828591e+06 1.055737e+06
6.439674e+06 1.831746e+06 1.057559e+06
6.438476e+06 1.834900e+06 1.059380e+06
6.437277e+06 1.838054e+06 1.061201e+06
6.436075e+06 1.841207e+06 1.063022e+06
6.434871e+06 1.844360e+06 1.064842e+06
6.433665e+06 1.847512e+06 1.066662e+06
6.432458e+06 1.850664e+06 1.068481e+06
6.431248e+06 1.853815e+06 1.070300e+06
6.430036e+06 1.856965e+06 1.072119e+06
6.428822e+06 1.860115e+06 1.073938e+06
6.427606e+06 1.863264e+06 1.075756e+06
6.426388e+06 1.866413e+06 1.077574e+06
6.425168e+06 1.869561e+06 1.079391e+06
6.423945e+06 1.872708e+06 1.081208e+06
6.422721e+06 1.875855e+06 1.083025e+06
6.421495e+06 1.879001e+06 1.084842e+06
6.420266e+06 1.882147e+06 1.086658e+06
6.419036e+06 1.885292e+06 1.088474e+06
6.417803e+06 1.888436e+06 1.090289e+06
6.416569e+06 1.891580e+06 1.092104e+06
6.415332e+06 1.894723e+06 1.093919e+06
6.414094e+06 1.897865e+06 1.095733e+06
6.412853e+06 1.901007e+06 1.097547e+06
6.411610e+06 1.904149e+06 1.099361e+06
6.410365e+06 1.907289e+06 1.101174e+06
6.409118e+06 1.910430e+06 1.102987e+06
6.407870e+06 1.913569e+06 1.104800e+06
6.406619e+06 1.916708e+06 1.106612e+06
6.405366e+06 1.919846e+06 1.108424e+06
6.404110e+06 1.922984e+06 1.110235e+06
6.402853e+06 1.926121e+06 1.112046e+06
6.401594e+06 1.929257e+06 1.113857e+06
6.400333e+06 1.932393e+06 1.115668e+06
6.399070e+06 1.935528e+06 1.117478e+06
6.397804e+06 1.938663e+06 1.119288e+06
6.396537e+06 1.941797e+06 1.121097e+06
6.395268e+06 1.944930e+06 1.122906e+06
6.393996e+06 1.948063e+06 1.124715e+06
6.392723e+06 1.951195e+06 1.126523e+06
6.391447e+06 1.954327e+06 1.128331e+06
6.390170e+06 1.957458e+06 1.130139e+06
6.388890e+06 1.960588e+06 1.131946e+06
6.387608e+06 1.963717e+06 1.133753e+06
6.386325e+06 1.966846e+06 1.135559e+06
6.385039e+06 1.969975e+06 1.137365e+06
6.383751e+06 1.973102e+06 1.139171e+06
6.382461e+06 1.976229e+06 1.140977e+06
6.381169e+06 1.979356e+06 1.142782e+06
6.379875e+06 1.982482e+06 1.144586e+06
6.378579e+06 1.985607e+06 1.146391e+06
6.377281e+06 1.988731e+06 1.148195e+06
6.375981e+06 1.991855e+06 1.149998e+06
6.374679e+06 1.994979e+06 1.151801e+06
6.373375e+06 1.998101e+06 1.153604e+06
6.372069e+06 2.001223e+06 1.155407e+06
6.370761e+06 2.004345e+06 1.157209e+06
6.369450e+06 2.007465e+06 1.159011e+06
6.368138e+06 2.010585e+06 1.160812e+06
6.366824e+06 2.013705e+06 1.162613e+06
6.365507e+06 2.016824e+06 1.164414e+06
6.364189e+06 2.019942e+06 1.166214e+06
6.362869e+06 2.023059e+06 1.168014e+06
6.361546e+06 2.026176e+06 1.169813e+06
6.360222e+06 2.029292e+06 1.171612e+06
6.358895e+06 2.032408e+06 1.173411e+06
6.357567e+06 2.035523e+06 1.175210e+06
6.356236e+06 2.038637e+06 1.177008e+06
6.354903e+06 2.041750e+06 1.178805e+06
6.353569e+06 2.044863e+06 1.180602e+06
6.352232e+06 2.047976e+06 1.182399e+06
6.350893e+06 2.051087e+06 1.184196e+06
6.349552e+06 2.054198e+06 1.185992e+06
6.348209e+06 2.057309e+06 1.187788e+06
6.346865e+06 2.060418e+06 1.189583e+06
6.345518e+06 2.063527e+06 1.191378e+06
6.344169e+06 2.066636e+06 1.193173e+06
6.342818e+06 2.069743e+06 1.194967e+06
6.341465e+06 2.072850e+06 1.196761e+06
6.340110e+06 2.075957e+06 1.198554e+06
6.338753e+06 2.079062e+06 1.200347e+06
6.337394e+06 2.082167e+06 1.202140e+06
6.336033e+06 2.085272e+06 1.203932e+06
6.334670e+06 2.088375e+06 1.205724e+06
6.333305e+06 2.091478e+06 1.207516e+06
6.331937e+06 2.094581e+06 1.209307e+06
6.330568e+06 2.097682e+06 1.211097e+06
6.329197e+06 2.100783e+06 1.212888e+06
6.327824e+06 2.103884e+06 1.214678e+06
6.326449e+06 2.106983e+06 1.216467e+06
6.325071e+06 2.110082e+06 1.218257e+06
6.323692e+06 2.113181e+06 1.220045e+06
6.322311e+06 2.116278e+06 1.221834e+06
6.320927e+06 2.119375e+06 1.223622e+06
6.319542e+06 2.122471e+06 1.225409e+06
6.318154e+06 2.125567e+06 1.227197e+06
6.316765e+06 2.128662e+06 1.228984e+06
6.315374e+06 2.131756e+06 1.230770e+06
6.313980e+06 2.134850e+06 1.232556e+06
6.312585e+06 2.137943e+06 1.234342e+06
6.311187e+06 2.141035e+06 1.236127e+06
6.309788e+06 2.144126e+06 1.237912e+06
6.308386e+06 2.147217e+06 1.239696e+06
6.306982e+06 2.150307e+06 1.241480e+06
6.305577e+06 2.153397e+06 1.243264e+06
6.304169e+06 2.156485e+06 1.245047e+06
6.302760e+06 2.159573e+06 1.246830e+06
6.301348e+06 2.162661e+06 1.248613e+06
6.299934e+06 2.165748e+06 1.250395e+06
6.298519e+06 2.168834e+06 1.252177e+06
6.297101e+06 2.171919e+06 1.253958e+06
6.295681e+06 2.175003e+06 1.255739e+06
6.294260e+06 2.178087e+06 1.257519e+06
6.292836e+06 2.181170e+06 1.259299e+06
6.291410e+06 2.184253e+06 1.261079e+06
6.289982e+06 2.187335e+06 1.262858e+06
6.288553e+06 2.190416e+06 1.264637e+06
6.287121e+06 2.193496e+06 1.266416e+06
6.285687e+06 2.196576e+06 1.268194e+06
6.284251e+06 2.199655e+06 1.269971e+06
6.282813e+06 2.202733e+06 1.271749e+06
6.281374e+06 2.205811e+06 1.273526e+06
6.279932e+06 2.208888e+06 1.275302e+06
6.278488e+06 2.211964e+06 1.277078e+06
6.277042e+06 2.215039e+06 1.278854e+06
6.275594e+06 2.218114e+06 1.280629e+06
6.274144e+06 2.221188e+06 1.282404e+06
6.272692e+06 2.224262e+06 1.284178e+06
6.271239e+06 2.227334e+06 1.285952e+06
6.269783e+06 2.230406e+06 1.287726e+06
6.268325e+06 2.233477e+06 1.289499e+06
6.266865e+06 2.236548e+06 1.291271e+06
6.265403e+06 2.239618e+06 1.293044e+06
6.263939e+06 2.242687e+06 1.294816e+06
6.262473e+06 2.245755e+06 1.296587e+06
6.261005e+06 2.248823e+06 1.298358e+06
6.259535e+06 2.251890e+06 1.300129e+06
6.258063e+06 2.254956e+06 1.301899e+06
6.256589e+06 2.258021e+06 1.303669e+06
6.255113e+06 2.261086e+06 1.305439e+06
6.253636e+06 2.264150e+06 1.307208e+06
6.252156e+06 2.267213e+06 1.308976e+06
6.250674e+06 2.270276e+06 1.310744e+06
6.249190e+06 2.273338e+06 1.312512e+06
6.247704e+06 2.276399e+06 1.314279e+06
6.246216e+06 2.279459e+06 1.316046e+06
6.244726e+06 2.282519e+06 1.317813e+06
6.243234e+06 2.285578e+06 1.319579e+06
6.241740e+06 2.288636e+06 1.321344e+06
6.240244e+06 2.291693e+06 1.323110e+06
6.238746e+06 2.294750e+06 1.324875e+06
6.237246e+06 2.297806e+06 1.326639e+06
6.235744e+06 2.300861e+06 1.328403e+06
6.234240e+06 2.303916e+06 1.330166e+06
6.232734e+06 2.306970e+06 1.331929e+06
6.231227e+06 2.310023e+06 1.333692e+06
6.229717e+06 2.313075e+06 1.335454e+06
6.228205e+06 2.316126e+06 1.337216e+06
6.226691e+06 2.319177e+06 1.338978e+06
6.225175e+06 2.322227e+06 1.340739e+06
6.223657e+06 2.325277e+06 1.342499e+06
6.222137e+06 2.328325e+06 1.344259e+06
6.220615e+06 2.331373e+06 1.346019e+06
6.219092e+06 2.334420e+06 1.347778e+06
6.217566e+06 2.337467e+06 1.349537e+06
6.216038e+06 2.340512e+06 1.351295e+06
6.214508e+06 2.343557e+06 1.353053e+06
6.212976e+06 2.346601e+06 1.354811e+06
6.211443e+06 2.349644e+06 1.356568e+06
6.209907e+06 2.352687e+06 1.358325e+06
6.208369e+06 2.355729e+06 1.360081e+06
6.206829e+06 2.358770e+06 1.361836e+06
6.205288e+06 2.361810e+06 1.363592e+06
6.203744e+06 2.364850e+06 1.365347e+06
6.202198e+06 2.367889e+06 1.367101e+06
6.200650e+06 2.370927e+06 1.368855e+06
6.199101e+06 2.373964e+06 1.370609e+06
6.197549e+06 2.377001e+06 1.372362e+06
6.195995e+06 2.380036e+06 1.374115e+06
6.194440e+06 2.383072e+06 1.375867e+06
6.192882e+06 2.386106e+06 1.377619e+06
6.191323e+06 2.389139e+06 1.379370e+06
6.189761e+06 2.392172e+06 1.381121e+06
6.188197e+06 2.395204e+06 1.382872e+06
6.186632e+06 2.398235e+06 1.384622e+06
6.185064e+06 2.401266e+06 1.386371e+06
6.183495e+06 2.404295e+06 1.388121e+06
6.181923e+06 2.407324e+06 1.389869e+06
6.180350e+06 2.410352e+06 1.391618e+06
6.178775e+06 2.413380e+06 1.393365e+06
6.177197e+06 2.416406e+06 1.395113e+06
6.175618e+06 2.419432e+06 1.396860e+06
6.174036e+06 2.422457e+06 1.398606e+06
6.172453e+06 2.425481e+06 1.400352e+06
6.170868e+06 2.428505e+06 1.402098e+06
6.169281e+06 2.431528e+06 1.403843e+06
6.167691e+06 2.434550e+06 1.405588e+06
6.166100e+06 2.437571e+06 1.407332e+06
6.164507e+06 2.440591e+06 1.409076e+06
6.162912e+06 2.443611e+06 1.410819e+06
6.161315e+06 2.446629e+06 1.412562e+06
6.159715e+06 2.449648e+06 1.414305e+06
6.158114e+06 2.452665e+06 1.416047e+06
6.156511e+06 2.455681e+06 1.417788e+06
6.154906e+06 2.458697e+06 1.419529e+06
6.153299e+06 2.461712e+06 1.421270e+06
6.151690e+06 2.464726e+06 1.423010e+06
6.150079e+06 2.467739e+06 1.424750e+06
6.148466e+06 2.470752e+06 1.426489e+06
6.146852e+06 2.473763e+06 1.428228e+06
6.145235e+06 2.476774e+06 1.429966e+06
6.143616e+06 2.479785e+06 1.431704e+06
6.141995e+06 2.482794e+06 1.433442e+06
6.140372e+06 2.485802e+06 1.435179e+06
6.138748e+06 2.488810e+06 1.436915e+06
6.137121e+06 2.491817e+06 1.438651e+06
6.135492e+06 2.494823e+06 1.440387e+06
6.133862e+06 2.497829e+06 1.442122e+06
6.132229e+06 2.500833e+06 1.443857e+06
6.130595e+06 2.503837e+06 1.445591e+06
6.128958e+06 2.506840e+06 1.447325e+06
6.127320e+06 2.509842e+06 1.449058e+06
6.125679e+06 2.512844e+06 1.450791e+06
6.124037e+06 2.515844e+06 1.452523e+06
6.122393e+06 2.518844e+06 1.454255e+06
6.120746e+06 2.521843e+06 1.455987e+06
6.119098e+06 2.524841e+06 1.457718e+06
6.117448e+06 2.527838e+06 1.459448e+06
6.115796e+06 2.530835e+06 1.461178e+06
6.114142e+06 2.533831e+06 1.462908e+06
6.112486e+06 2.536825e+06 1.464637e+06
6.110828e+06 2.539820e+06 1.466366e+06
6.109168e+06 2.542813e+06 1.468094e+06
6.107506e+06 2.545805e+06 1.469821e+06
6.105842e+06 2.548797e+06 1.471549e+06
6.104176e+06 2.551788e+06 1.473275e+06
6.102508e+06 2.554778e+06 1.475002e+06
6.100838e+06 2.557767e+06 1.476727e+06
6.099167e+06 2.560755e+06 1.478453e+06
6.097493e+06 2.563743e+06 1.480178e+06
6.095817e+06 2.566730e+06 1.481902e+06
6.094140e+06 2.569716e+06 1.483626e+06
