3.942965247818e-02
3.953793291247e-02
3.985994297900e-02
4.039080645662e-02
4.112678509559e-02
4.206459260475e-02
4.320093209824e-02
4.453213711717e-02
4.605394556114e-02
4.776137310859e-02
4.964878818015e-02
5.170951842877e-02
5.393579062408e-02
5.631819282466e-02
5.884600203917e-02
6.150700004700e-02
6.428731628197e-02
6.717178101037e-02
7.014271210397e-02
7.318103507366e-02
7.626539346459e-02
7.929502818317e-02
8.218318764322e-02
8.492695151644e-02
8.752293780142e-02
8.996849664842e-02
9.225967149968e-02
9.439283484935e-02
9.636460822412e-02
9.817070435098e-02
9.980753874940e-02
1.012732478008e-01
1.025658159195e-01
1.036822065761e-01
1.046200617621e-01
1.053788179983e-01
1.059578160564e-01
1.063536746487e-01
1.065657613143e-01
1.065952747585e-01
1.064416527702e-01
1.061047547585e-01
1.055945765518e-01
1.049418648471e-01
1.041772907068e-01
1.033295609662e-01
1.024270620654e-01
1.014927425968e-01
1.005443466727e-01
9.959899444185e-02
9.971411816645e-02
1.005484139779e-01
1.012647382228e-01
1.018749631787e-0