1.530808e-17 8.660254e-01 -5.000000e-01 -2.651438e-17
-1.954865e-04 8.662844e-01 -4.995512e-01 1.343828e-04
-4.610518e-04 8.670608e-01 -4.982021e-01 1.055045e-04
-7.509484e-04 8.683519e-01 -4.959480e-01 -5.055317e-06
-1.054357e-03 8.701509e-01 -4.927842e-01 -1.610403e-04
-1.366026e-03 8.724481e-01 -4.887048e-01 -3.429575e-04
-1.683604e-03 8.752307e-01 -4.837025e-01 -5.410029e-04
-2.005573e-03 8.784830e-01 -4.777687e-01 -7.498676e-04
-2.330814e-03 8.821865e-01 -4.708935e-01 -9.664932e-04
-2.658814e-03 8.863192e-01 -4.630656e-01 -1.189684e-03
-2.974050e-03 8.908569e-01 -4.542721e-01 -1.410648e-03
-3.268089e-03 8.957717e-01 -4.444995e-01 -1.625108e-03
-3.535831e-03 9.010325e-01 -4.337332e-01 -1.831431e-03
-3.788583e-03 9.066047e-01 -4.219589e-01 -2.035679e-03
-4.032538e-03 9.124503e-01 -4.091614e-01 -2.241491e-03
-4.271375e-03 9.185281e-01 -3.953251e-01 -2.451182e-03
-4.507431e-03 9.247931e-01 -3.804343e-01 -2.666348e-03
-4.726422e-03 9.311976e-01 -3.644727e-01 -2.880954e-03
-4.934378e-03 9.376896e-01 -3.474253e-01 -3.098092e-03
-5.119017e-03 9.442137e-01 -3.292771e-01 -3.313555e-03
-5.273078e-03 9.507108e-01 -3.100140e-01 -3.525272e-03
-5.463557e-03 9.569657e-01 -2.901254e-01 -3.748529e-03
-5.711307e-03 9.628034e-01 -2.701131e-01 -3.983393e-03
-5.972369e-03 9.682224e-01 -2.499840e-01 -4.217681e-03
-6.222564e-03 9.732205e-01 -2.297463e-01 -4.446148e-03
-6.432155e-03 9.777962e-01 -2.094075e-01 -4.662565e-03
-6.601193e-03 9.819474e-01 -1.889764e-01 -4.868404e-03
-6.728366e-03 9.856722e-01 -1.684621e-01 -5.064697e-03
-6.812422e-03 9.889689e-01 -1.478731e-01 -5.252197e-03
-6.870008e-03 9.918359e-01 -1.272192e-01 -5.434878e-03
-6.909599e-03 9.942718e-01 -1.065095e-01 -5.614355e-03
-6.918852e-03 9.962756e-01 -8.575262e-02 -5.789349e-03
-6.892323e-03 9.978464e-01 -6.495737e-02 -5.959519e-03
-6.842646e-03 9.989834e-01 -4.413323e-02 -6.126442e-03
-6.776890e-03 9.996860e-01 -2.328948e-02 -6.291187e-03
-6.682526e-03 9.999539e-01 -2.434769e-03 -6.453420e-03
-6.552600e-03 9.997870e-01 1.842209e-02 -6.613114e-03
-6.417952e-03 9.991850e-01 3.927099e-02 -6.771006e-03
-6.278578e-03 9.981484e-01 6.010285e-02 -6.927160e-03
-6.116256e-03 9.966775e-01 8.090922e-02 -7.081919e-03
-5.937917e-03 9.947730e-01 1.016808e-01 -7.234957e-03
-5.749066e-03 9.924357e-01 1.224084e-01 -7.385774e-03
-5.627939e-03 9.897410e-01 1.425644e-01 -7.518569e-03
-5.619354e-03 9.868062e-01 1.616286e-01 -7.621480e-03
-5.673436e-03 9.836923e-01 1.796048e-01 -7.701941e-03
-5.746142e-03 9.804566e-01 1.964981e-01 -7.767580e-03
-5.780226e-03 9.771527e-01 2.123155e-01 -7.830431e-03
-5.761414e-03 9.738309e-01 2.270636e-01 -7.895210e-03
-5.715378e-03 9.705380e-01 2.407487e-01 -7.958423e-03
-5.656751e-03 9.673176e-01 2.533778e-01 -8.017823e-03
-5.594654e-03 9.642098e-01 2.649586e-01 -8.071636e-03
-5.532841e-03 9.612511e-01 2.754990e-01 -8.119182e-03
-5.473796e-03 9.584751e-01 2.850069e-01 -8.159993e-03
-5.420229e-03 9.559117e-01 2.934900e-01 -8.193897e-03
-5.357449e-03 9.535875e-01 3.009560e-01 -8.225698e-03
-5.276101e-03 9.515260e-01 3.074120e-01 -8.258300e-03
-5.204453e-03 9.497477e-01 3.128634e-01 -8.283349e-03
-5.142824e-03 9.482698e-01 3.173155e-01 -8.301295e-03
-5.090033e-03 9.471060e-01 3.207728e-01 -8.312424e-03
-5.044966e-03 9.462674e-01 3.232390e-01 -8.317104e-03
-5.007996e-03 9.457615e-01 3.247167e-01 -8.315556e-03
-4.996672e-03 9.455933e-01 3.252068e-01 -8.302024e-03
-5.003057e-03 9.457641e-01 3.247102e-01 -8.278472e-03
-5.022184e-03 9.462723e-01 3.232266e-01 -8.246762e-03
-5.053050e-03 9.471134e-01 3.207542e-01 -8.207438e-03
-5.094453e-03 9.482795e-01 3.172907e-01 -8.160624e-03
-5.145136e-03 9.497598e-01 3.128323e-01 -8.106422e-03
-5.189056e-03 9.515402e-01 3.073751e-01 -8.049437e-03
-5.233004e-03 9.536036e-01 3.009135e-01 -7.987692e-03
-5.295746e-03 9.559298e-01 2.934407e-01 -7.915578e-03
-5.355666e-03 9.584952e-01 2.849507e-01 -7.839386e-03
-5.417805e-03 9.612729e-01 2.754359e-01 -7.757312e-03
-5.500569e-03 9.642331e-01 2.648879e-01 -7.663839e-03
-5.596589e-03 9.673423e-01 2.532991e-01 -7.560523e-03
-5.621639e-03 9.703857e-01 2.413796e-01 -7.476889e-03
-5.492747e-03 9.731121e-01 2.301463e-01 -7.443556e-03
-5.241428e-03 9.754790e-01 2.199037e-01 -7.452303e-03
-4.934654e-03 9.775187e-01 2.106582e-01 -7.484214e-03
-4.626332e-03 9.792599e-01 2.024152e-01 -7.525149e-03
-4.364042e-03 9.807287e-01 1.951793e-01 -7.564063e-03
-4.157108e-03 9.819475e-01 1.889551e-01 -7.597866e-03
-4.011061e-03 9.829359e-01 1.837465e-01 -7.625300e-03
-3.946655e-03 9.837101e-01 1.795561e-01 -7.642435e-03
-3.925321e-03 9.842832e-01 1.763876e-01 -7.655262e-03
-3.907305e-03 9.846649e-01 1.742440e-01 -7.670574e-03
-3.887494e-03 9.848618e-01 1.731269e-01 -7.689819e-03
-3.881422e-03 9.848776e-01 1.730362e-01 -7.710721e-03
-3.896220e-03 9.847126e-01 1.739719e-01 -7.731884e-03
-3.918364e-03 9.843637e-01 1.759337e-01 -7.755577e-03
-3.924629e-03 9.838247e-01 1.789215e-01 -7.785653e-03
-3.913437e-03 9.831038e-01 1.828401e-01 -7.821337e-03
-3.959667e-03 9.822780e-01 1.872237e-01 -7.844924e-03
-4.104985e-03 9.814599e-01 1.914630e-01 -7.842754e-03
-4.329512e-03 9.807219e-01 1.952043e-01 -7.815968e-03
-4.603565e-