-61.121864 nan 74.582957
-82.440139 -89.940097 -82.451823
-83.279224 -89.760590 -83.318799
-84.129301 -89.461729 -84.203660
-84.831910 -89.043594 -84.944697
-85.399993 -88.506170 -85.553113
-85.858665 -87.849414 -86.053136
-86.231603 -87.073288 -86.467894
-86.537885 -86.177757 -86.816093
-86.791553 -85.162796 -87.111570
-87.004048 -84.028310 -87.363642
-87.184013 -82.774246 -87.579794
-87.337763 -81.400568 -87.765664
-87.470469 -79.907329 -87.927825
-87.585886 -78.294560 -88.070795
-87.686955 -76.562274 -88.197957
-87.776022 -74.710485 -88.311930
-87.855348 -72.739121 -88.413147
-87.926569 -70.648214 -88.503976
-87.991157 -68.437707 -88.584357
-88.050471 -66.107566 -88.654726
-88.103169 -63.717868 -88.721671
-88.148072 -61.328461 -88.786494
-88.186518 -58.939135 -88.845411
-88.219768 -56.549775 -88.896916
-88.249106 -54.160243 -88.938816
-88.275597 -51.770541 -88.972194
-88.300098 -49.380668 -88.997739
-88.323344 -46.990617 -89.015989
-88.345794 -44.600468 -89.029312
-88.367836 -42.210262 -89.039019
-88.389849 -39.819944 -89.043978
-88.412239 -37.429490 -89.043837
-88.435263 -35.038961 -89.040197
-88.459059 -32.648389 -89.033926
-88.483858 -30.257720 -89.023674
-88.509955 -27.866925 -89.008735
-88.537412 -25.476145 -88.992595
-88.566292 -23.085381 -88.975197
-88.596814 -20.694555 -88.954449
-88.629143 -18.303700 -88.931096
-88.663423 -15.912846 -88.905696
-88.698828 -13.582106 -88.886566
-88.734003 -11.371426 -88.878188
-88.768497 -9.280565 -88.874822
-88.802164 -7.309312 -88.871471
-88.835037 -5.457397 -88.861590
-88.867226 -3.724748 -88.843615
-88.898692 -2.111483 -88.820624
-88.929355 -0.617666 -88.794423
-88.959131 0.756661 -88.766188
-88.987905 2.011484 -88.736467
-89.015539 3.146793 -88.705663
-89.041825 4.162580 -88.674194
-89.066590 5.058919 -88.640408
-89.089713 5.835856 -88.603288
-89.110950 6.493261 -88.566326
-89.130030 7.031140 -88.529654
-89.146748 7.449502 -88.493231
-89.160889 7.748357 -88.457013
-89.172199 7.927710 -88.421114
-89.180426 7.987482 -88.387719
-89.185442 7.927715 -88.355928
-89.18702