0.026174 -0.000147 0.000110
0.025737 -0.000076 0.000066
0.025364 -0.000037 0.000053
0.025023 -0.000015 0.000046
0.024746 -0.000003 0.000042
0.024503 0.000003 0.000040
0.024292 0.000007 0.000038
0.024114 0.000009 0.000037
0.023968 0.000010 0.000036
0.023855 0.000011 0.000023
0.023774 0.000011 0.000028
0.023726 0.000011 0.000018
0.023710 0.000012 0.000036
0.023695 0.000012 0.000022
0.023679 0.000012 0.000038
0.023664 0.000013 0.000023
0.023681 0.000013 0.000026
0.023666 0.000014 0.000027
0.023651 0.000014 0.000016
0.023602 0.000015 0.000021
0.023554 0.000015 0.000024
0.023850 0.000012 -0.000005
0.024144 0.000010 -0.000008
0.024340 0.000009 -0.000022
0.024503 0.000008 -0.000029
0.024567 0.000008 -0.000021
0.024599 0.000008 -0.000029
0.023358 0.000008 -0.000021
0.021857 0.000008 -0.000016
0.020355 0.000009 -0.000014
0.018756 0.000009 -0.000024
0.017123 0.000010 -0.000017
0.015491 0.000010 -0.000014
0.013761 0.000010 -0.000011
0.011999 0.000011 -0.000022
0.010236 0.000011 -0.000015
0.008375 0.000011 0.000001
0.006548 0.000012 -0.000014
0.004687 0.000012 -0.000011
0.002762 0.000013 -0.000008
0.000836 0.000013 -0.000006
-0.001090 0.000013 0.000007
-0.002540 0.000009 -0.000015
-0.003927 0.000007 -0.000028
-0.005216 0.000005 -0.000046
-0.006409 0.000002 -0.000069
-0.007472 0.000001 -0.000056
-0.008469 -0.000001 -0.000050
-0.009335 -0.000001 -0.000045
-0.010136 -0.000002 -0.000043
-0.010839 -0.000002 -0.000042
-0.011411 -0.000003 -0.000041
-0.011918 -0.000004 -0.000040
-0.012261 -0.000005 -0.000052
-0.012573 -0.000005 -0.000047
-0.012754 -0.000006 -0.000031
-0.012836 -0.000007 -0.000047
-0.012821 -0.000007 -0.000032
-0.012740 -0.000008 -0.000048
-0.012529 -0.000009 -0.000032
-0.012220 -0.000009 -0.000035
-0.011845 -0.000009 -0.000038
-0.011340 -0.000011 -0.000039
-0.010770 -0.000011 -0.000039
-0.010102 -0.000012 -0.000040
-0.009303 -0.000012 -0.000040
-0.008439 -0.000013 -0.000052
-0.007478 -0.000014 -0.000035
-0.006418 -0.000015 -0.000038
-0.005228 -0.000016 -0.000051
-0.003973 -0.000016 -0.000034
-0.002619 -0.000017 -0.000037
-0.001168 -0.000017 -0.000039
0.000414 -0.000018 -0.000039
0.001404 -0.000013 -0.000015
0.002006 -0.000008 0.000010
0.002577 -0.000003 0.000035
0.003018 0.000000 0.000050
0.003395 0.000003 0.000070
0.003642 0.000005 0.000057
0.003823 0.000006 0.000074
0.003908 0.000008 0.000072
0.003828 0.000009 0.000046
0.003715 0.000009 0.000043
0.003472 0.000009 0.000042
0.003130 0.000010 0.000054
0.002691 0.000011 0.000047
0.002187 0.000011 0.000044
0.001551 0.000012 0.000030
0.000818 0.000012 0.000035
0.000099 0.000012 0.000046
-0.000367 0.000010 0.000015
-0.000595 0.000006 0.000002
-0.000724 0.000002 -0.000022
-0.000667 -0.000001 -0.000037
-0.000635 -0.000004 -0.000033
-0.000487 -0.000005 -0.000054
-0.000405 -0.000006 -0.000039
-0.000293 -0.000005 -0.000029
-0.000165 -0.000005 -0.000021
-0.000126 -0.000004 -0.000027
-0.000039 -0.000003 -0.000018
-0.000022 -0.000003 0.000002
-0.000013 -0.000001 0.000001
-0.000007 -0.000001 -0.000000
0.000061 -0.000001 -0.000000
0.000034 -0.000000 0.000001
0.000020 -0.000000 0.000001
0.000011 0.000000 0.000001
0.000039 0.000000 0.000013
0.000055 0.000001 0.000008
0.000031 0.000001 0.000018
0.000018 0.000001 0.000010
-0.000022 0.000001 0.000006
-0.000012 0.000000 -0.000009
-0.000007 -0.000000 -0.000005
-0.000005 -0.000000 -0.000003
-0.000003 -0.000000 -0.000014
-0.000002 -0.000001 -0.000008
-0.000034 -0.000001 0.000008
0.000014 0.000000 0.000003
0.000008 0.000000 0.000002
0.000005 0.000000 0.000002
0.000003 0.000000 0.000013
0.000002 0.000001 -0.000005
0.000001 0.000000 -0.000003
0.000000 0.000000 -0.000001
-0.000000 0.000000 -0.000001
-0.000000 -0.000000 -0.000000
-0.000000 -0.000000 -0.000000
-0.000000 -0.000000 -0.000000
-0.000000 -0.000000 -0.000000
-0.000000 -0.000000 -0.000000
-0.000000 -0.000000 -0.000000
-0.000000 -0.000000 -0.000000
-0.000000 -0.000000 -0.000000
-0.000000 -0.000000 -0.000000
-0.000000 -0.000000 -0.000000
-0.000000 -0.000000 -0.000000
-0.000000 -0.000000 -0.000000
-0.000000 -0.000000 -0.000000
-0.000000 -0.000000 -0.000000
-0.000000 -0.000000 -0.000000
-0.000000 -0.000000 -0.000000
-0.000000 -0.000000 -0.000000
-0.000000 -0.000000 -0.000000
-0.000000 -0.000000 -0.000000
-0.000000 -0.000000 -0.000000
-0.000000 -0.000000 -0.000000
-0.000000 -0.000000 -0.000013
-0.000001 -0.000000 0.000005
-0.000000 -0.000000 0.000003
0.000000 -0.000000 0.000002
0.000000 -0.000000 0.000001
0.000000 -0.000000 0.000000
0.000000 -0.000000 0.000000
0.000000 -0.000000 0.000000
0.000000 -0.000000 0.000000
0.000000 -0.000000 0.000000
0.000000 -0.000000 0.000000
0.000000 -0.000000 0.000000
0.000000 -0.000000 0.000000
0.000000 -0.000000 0.000000
0.000000 -0.000000 0.000000
0.000000 -0.000000 0.000000
0.000000 -0.000000 0.000000
0.000000 -0.000000 0.000000
0.000000 -0.000000 0.000013
0.000001 0.000000 -0.000005
0.000000 0.000000 -0.000003
0.000000 0.000000 -0.000002
-0.000000 -0.000000 -0.000001
-0.000000 -0.000000 -0.000000
-0.000000 -0.000000 -0.000000
-0.000000 -0.000000 -0.000000
-0.000000 -0.000000 -0.000000
-0.000000 -0.000000 -0.000000
-0.000000 -0.000000 -0.000000
-0.000000 -0.000000 -0.000000
-0.000000 -0.000000 -0.000000
-0.000000 -0.000000 -0.000000
-0.000000 -0.000000 -0.000000
-0.000000 -0.000000 -0.000000
-0.000000 -0.000000 -0.000000
-0.000000 -0.000000 -0.000000
-0.000000 -0.000000 -0.000000
-0.000000 -0.000000 -0.000000
-0.000000 -0.000000 -0.000000
-0.000000 -0.000000 -0.000000
-0.000000 -0.000000 -0.000013
-0.000001 -0.000000 0.000005
-0.000000 -0.000000 0.000003
0.000000 -0.000000 0.000002
0.000000 -0.000000 0.000001
0.000000 -0.000000 0.000000
0.000000 -0.000000 0.000000
0.000000 -0.000000 0.000000
0.000000 -0.000000 0.000000
0.000000 -0.000000 0.000000
0.000000 -0.000000 0.000000
0.000000 -0.000000 0.000000
0.000000 -0.000000 0.000000
0.000000 -0.000000 0.000000
0.000000 -0.000000 0.000000
0.000000 -0.000000 0.000000
0.000000 -0.000000 0.000000
0.000000 -0.000000 0.000000
0.000000 -0.000000 0.000013
0.000001 0.000000 -0.000005
0.000000 0.000000 -0.000003
0.000000 0.000000 -0.000002
-0.000000 -0.000000 -0.000001
-0.000000 -0.000000 -0.000000
-0.000000 -0.000000 -0.000000
-0.000000 -0.000000 -0.000000
-0.000000 -0.000000 -0.000000
-0.000000 -0.000000 -0.000000
-0.000000 -0.000000 -0.000000
-0.000000 -0.000000 -0.000000
-0.000000 -0.000000 -0.000000
-0.000000 -0.000000 -0.000000
-0.000000 -0.000000 -0.000000
-0.000000 -0.000000 -0.000000
-0.000000 -0.000000 -0.000000
-0.000000 -0.000000 -0.000000
-0.000000 -0.000000 -0.000000
-0.000000 -0.000000 -0.000000
-0.000000 -0.000000 -0.000000
-0.000000 -0.000000 -0.000000
-0.000000 -0.000000 -0.000013
-0.000001 -0.000000 0.000005
-0.000000 -0.000000 0.000003
0.000000 -0.000000 0.000002
0.000000 -0.000000 0.000001
0.000000 -0.000000 0.000000
0.000000 -0.000000 0.000000
0.000000 -0.000000 0.000000
0.000000 -0.000000 0.000000
0.000000 -0.000000 0.000000
0.000000 -0.000000 0.000000
0.000000 -0.000000 0.000000
0.000000 -0.000000 0.000000
0.000000 -0.000000 0.000000
0.000000 -0.000000 0.000000
0.000000 -0.000000 0.000000
0.000000 -0.000000 0.000000
0.000000 -0.000000 0.000013
0.000001 0.000000 -0.000005
0.000000 0.000000 -0.000003
0.000000 0.000000 -0.000002
-0.000000 -0.000000 -0.000001
-0.000000 -0.000000 -0.000000
-0.000000 -0.000000 -0.000000
-0.000000 -0.000000 -0.000000
-0.000000 -0.000000 -0.000000
-0.000000 -0.000000 -0.000000
-0.000000 -0.000000 -0.000000
-0.000000 -0.000000 -0.000000
-0.000000 -0.000000 -0.000000
-0.000000 -0.000000 -0.000000
-0.000000 -0.000000 -0.000000
-0.000000 -0.000000 -0.000000
-0.000000 -0.000000 -0.000000
-0.000000 -0.000000 -0.000000
-0.000000 -0.000000 -0.000000
-0.000000 -0.000000 -0.000000
-0.000000 -0.000000 -0.000000
-0.000000 -0.000000 -0.000000
-0.000000 -0.000000 -0.000013
-0.000001 -0.000000 0.000005
-0.000000 -0.000000 0.000003
0.000000 -0.000000 0.000002
0.000000 -0.000000 0.000001
0.000000 -0.000000 0.000000
0.000000 -0.000000 0.000000
0.000033 -0.000000 0.000000
-0.000014 0.000000 0.000001
-0.000008 0.000000 0.000000
-0.000005 -0.000000 0.000000
-0.000002 -0.000000 0.000000
-0.000001 -0.000000 0.000000
-0.000001 -0.000000 0.000000
-0.000001 -0.000000 0.000000
-0.000000 -0.000000 0.000000
-0.000000 -0.000000 0.000000
-0.000000 -0.000000 0.000000
-0.000000 -0.000000 0.000000
-0.000000 -0.000000 0.000000
-0.000000 -0.000000 0.000000
-0.000000 -0.000000 0.000000
-0.000000 -0.000000 0.000000
-0.000000 -0.000000 0.000000
-0.000000 -0.000000 0.000000
-0.000000 -0.000000 0.000000
-0.000000 -0.000000 0.000000
-0.000000 -0.000000 0.000000
-0.000000 -0.000000 0.000000
-0.000000 -0.000000 0.000000
-0.000000 -0.000000 0.000000
-0.000000 -0.000000 0.000000
-0.000000 -0.000000 0.000000
-0.000000 -0.000000 0.000000
-0.000000 -0.000000 0.000000
-0.000000 -0.000000 0.000000
-0.000000 -0.000000 0.000000
-0.000000 -0.000000 0.000000
-0.000000 -0.000000 0.000000
-0.000000 -0.000000 0.000000
-0.000000 -0.000000 0.000000
-0.000000 -0.000000 0.000000
-0.000000 -0.000000 0.000000
-0.000000 -0.000000 0.000000
-0.000000 -0.000000 0.000000
-0.000000 -0.000000 0.000000
-0.000000 -0.000000 0.000000
-0.000000 -0.000000 0.000000
-0.000000 -0.000000 0.000000
-0.000000 -0.000000 0.000000
-0.000000 -0.000000 0.000000
-0.000000 -0.000000 0.000000
-0.000000 -0.000000 0.000000
-0.000000 -0.000000 0.000000
-0.000000 -0.000000 0.000000
-0.000000 -0.000000 0.000000
-0.000000 -0.000000 0.000000
-0.000000 -0.000000 0.000000
-0.000000 -0.000000 0.000000
-0.000000 -0.000000 0.000000
-0.000000 -0.000000 0.000000
-0.000000 -0.000000 0.000000
-0.000000 -0.000000 0.000000
-0.000000 -0.000000 0.000000
-0.000000 -0.000000 0.000000
-0.000000 -0.000000 0.000012
0.000001 0.000000 -0.000005
-0.000000 0.000000 -0.000003
-0.000000 0.000000 -0.000002
-0.000000 0.000000 -0.000001
-0.000000 -0.000000 -0.000000
-0.000000 -0.000000 -0.000000
-0.000000 -0.000000 -0.000000
-0.000000 -0.000000 -0.000000
-0.000000 -0.000000 -0.000000
-0.000000 -0.000000 -0.000000
-0.000000 -0.000000 -0.000000
-0.000000 -0.000000 -0.000000
-0.000000 -0.000000 -0.000000
-0.000000 -0.000000 -0.000000
-0.000000 -0.000000 -0.000000
-0.000000 -0.000000 -0.000000
-0.000000 -0.000000 -0.000000
-0.000000 -0.000000 -0.000000
-0.000000 -0.000000 -0.000000
-0.000000 -0.000000 -0.000000
-0.000000 -0.000000 -0.000000
-0.000000 -0.000000 -0.000013
-0.000034 -0.000000 0.000005
0.000014 -0.000000 0.000003
0.000008 -0.000000 0.000001
0.000005 -0.000000 0.000001
0.000003 -0.000000 0.000001
0.000001 -0.000000 0.000000
0.000001 -0.000000 0.000000
0.000000 -0.000000 0.000000
0.000000 -0.000000 0.000000
0.000000 -0.000000 0.000000
0.000000 -0.000000 0.000000
0.000000 -0.000000 0.000000
0.000000 -0.000000 0.000000
0.000000 -0.000000 0.000000
0.000000 -0.000000 0.000000
0.000000 -0.000000 0.000000
0.000000 -0.000000 0.000000
0.000000 -0.000000 0.000000
0.000000 -0.000000 0.000013
0.000001 0.000000 -0.000005
0.000000 0.000000 -0.000003
0.000000 0.000000 -0.000002
-0.000000 -0.000000 -0.000001
-0.000000 -0.000000 -0.000000
-0.000000 -0.000000 -0.000000
-0.000000 -0.000000 -0.000000
-0.000000 -0.000000 -0.000000
-0.000000 -0.000000 -0.000000
-0.000000 -0.000000 -0.000000
-0.000000 -0.000000 -0.000000
-0.000000 -0.000000 -0.000000
-0.000000 -0.000000 -0.000000
-0.000000 -0.000000 -0.000000
-0.000000 -0.000000 -0.000000
-0.000000 -0.000000 -0.000000
-0.000000 -0.000000 -0.000000
-0.000000 -0.000000 -0.000000
-0.000000 -0.000000 -0.000000
-0.000000 -0.000000 -0.000000
-0.000000 -0.000000 -0.000000
-0.000000 -0.000000 -0.000013
-0.000001 -0.000000 0.000005
-0.000000 -0.000000 0.000003
0.000000 -0.000000 0.000002
0.000000 -0.000000 0.000001
0.000000 -0.000000 0.000000
0.000000 -0.000000 0.000000
0.000000 -0.000000 0.000000
0.000000 -0.000000 0.000000
0.000000 -0.000000 0.000000
0.000000 -0.000000 0.000000
0.000000 -0.000000 0.000000
0.000000 -0.000000 0.000000
0.000000 -0.000000 0.000000
0.000000 -0.000000 0.000000
0.000000 -0.000000 0.000000
0.000000 -0.000000 0.000000
0.000000 -0.000000 0.000013
0.000001 0.000000 -0.000005
0.000000 0.000000 -0.000003
0.000000 0.000000 -0.000002
-0.000000 -0.000000 -0.000001
-0.000000 -0.000000 -0.000000
-0.000000 -0.000000 -0.000000
-0.000000 -0.000000 -0.000000
-0.000000 -0.000000 -0.000000
-0.000000 -0.000000 -0.000000
-0.000000 -0.000000 -0.000000
-0.000000 -0.000000 -0.000000
-0.000000 -0.000000 -0.000000
-0.000000 -0.000000 -0.000000
-0.000000 -0.000000 -0.000000
-0.000000 -0.000000 -0.000000
-0.000000 -0.000000 -0.000000
-0.000000 -0.000000 -0.000000
-0.000000 -0.000000 -0.000000
-0.000000 -0.000000 -0.000000
-0.000000 -0.000000 -0.000000
-0.000000 -0.000000 -0.000000
-0.000000 -0.000000 -0.000013
-0.000001 -0.000000 0.000005
-0.000000 -0.000000 0.000003
0.000000 -0.000000 0.000002
0.000000 -0.000000 0.000001
0.000000 -0.000000 0.000000
0.000000 -0.000000 0.000000
0.000000 -0.000000 0.000000
0.000000 -0.000000 0.000000
0.000000 -0.000000 0.000000
0.000000 -0.000000 0.000000
0.000000 -0.000000 0.000000
0.000000 -0.000000 0.000000
0.000000 -0.000000 0.000000
0.000000 -0.000000 0.000000
0.000000 -0.000000 0.000000
0.000000 -0.000000 0.000000
0.000000 -0.000000 0.000000
0.000000 -0.000000 0.000013
0.000001 0.000000 -0.000005
0.000033 0.000000 -0.000003
-0.000014 0.000000 -0.000001
-0.000008 0.000000 -0.000001
-0.000005 0.000000 -0.000001
-0.000003 0.000000 -0.000000
-0.000001 -0.000000 -0.000000
-0.000001 -0.000000 -0.000000
-0.000000 -0.000000 -0.000000
-0.000000 -0.000000 -0.000000
-0.000000 -0.000000 -0.000000
-0.000000 -0.000000 -0.000000
-0.000000 -0.000000 -0.000000
-0.000000 -0.000000 -0.000000
-0.000000 -0.000000 -0.000000
-0.000000 -0.000000 -0.000000
-0.000000 -0.000000 -0.000000
-0.000000 -0.000000 -0.000000
-0.000000 -0.000000 -0.000000
-0.000000 -0.000000 -0.000000
-0.000000 -0.000000 -0.000000
-0.000000 -0.000000 -0.000000
-0.000000 -0.000000 -0.000000
-0.000000 -0.000000 -0.000013
-0.000001 -0.000000 0.000005
-0.000000 -0.000000 0.000003
-0.000000 -0.000000 0.000002
-0.000000 -0.000000 0.000001
-0.000000 -0.000000 0.000000
-0.000000 -0.000000 0.000000
-0.000000 -0.000000 0.000000
-0.000000 -0.000000 0.000000
-0.000000 -0.000000 0.000000
-0.000000 -0.000000 0.000000
-0.000000 -0.000000 0.000000
-0.000000 -0.000000 0.000000
-0.000000 -0.000000 0.000000
-0.000000 -0.000000 0.000000
-0.000000 -0.000000 0.000000
-0.000000 -0.000000 0.000000
-0.000000 -0.000000 0.000013
0.000001 0.000000 -0.000005
-0.000000 0.000000 -0.000003
-0.000000 0.000000 -0.000002
-0.000000 0.000000 -0.000001
-0.000000 -0.000000 -0.000000
-0.000000 -0.000000 -0.000000
-0.000000 0.000000 -0.000000
-0.000033 0.000000 -0.000000
0.000014 -0.000000 -0.000001
0.000008 -0.000000 -0.000000
0.000004 -0.000000 -0.000000
0.000003 -0.000000 -0.000000
0.000001 -0.000000 -0.000000
0.000001 -0.000000 0.000000
0.000000 -0.000000 0.000000
0.000000 -0.000000 0.000000
0.000000 -0.000000 0.000000
0.000000 -0.000000 0.000000
0.000000 -0.000000 0.000000
0.000000 -0.000000 0.000000
0.000000 -0.000000 0.000000
0.000000 -0.000000 0.000000
0.000000 -0.000000 0.000000
0.000000 -0.000000 0.000000
0.000000 -0.000000 0.000000
0.000000 -0.000000 0.000000
0.000000 -0.000000 0.000000
0.000000 -0.000000 0.000000
0.000000 -0.000000 0.000000
0.000000 -0.000000 0.000000
0.000000 -0.000000 0.000000
0.000000 -0.000000 0.000000
0.000000 -0.000000 0.000000
0.000000 -0.000000 0.000000
0.000000 -0.000000 0.000000
0.000000 -0.000000 0.000000
0.000000 -0.000000 0.000000
0.000000 -0.000000 0.000000
0.000000 -0.000000 0.000000
0.000000 -0.000000 0.000000
0.000000 -0.000000 0.000000
0.000000 -0.000000 0.000000
0.000000 -0.000000 0.000000
0.000000 -0.000000 0.000000
0.000000 -0.000000 0.000000
0.000000 -0.000000 0.000000
0.000000 -0.000000 0.000000
0.000000 -0.000000 0.000000
0.000000 -0.000000 0.000000
0.000000 -0.000000 0.000000
0.000000 -0.000000 0.000000
0.000000 -0.000000 0.000000
0.000000 -0.000000 0.000000
0.000000 -0.000000 0.000000
0.000000 -0.000000 0.000000
0.000033 -0.000000 0.000000
-0.000014 0.000000 0.000001
-0.000008 0.000000 -0.000000
-0.000004 0.000000 -0.000000
-0.000003 0.000000 -0.000000
-0.000001 -0.000000 -0.000000
-0.000001 -0.000000 -0.000000
-0.000000 -0.000000 -0.000000
-0.000000 -0.000000 -0.000000
-0.000000 -0.000000 -0.000000
-0.000000 -0.000000 -0.000000
-0.000000 -0.000000 -0.000000
-0.000000 -0.000000 -0.000000
-0.000000 -0.000000 -0.000000
-0.000000 -0.000000 -0.000000
-0.000000 -0.000000 -0.000000
-0.000000 -0.000000 -0.000000
-0.000000 -0.000000 -0.000000
-0.000000 -0.000000 -0.000000
-0.000000 -0.000000 -0.000013
-0.000001 -0.000000 0.000005
-0.000000 -0.000000 0.000003
-0.000000 -0.000000 0.000002
-0.000000 -0.000000 0.000001
-0.000000 -0.000000 0.000000
-0.000000 -0.000000 0.000000
-0.000000 -0.000000 0.000000
-0.000000 -0.000000 0.000000
-0.000000 -0.000000 0.000000
-0.000000 -0.000000 0.000000
-0.000000 -0.000000 0.000000
-0.000000 -0.000000 0.000000
-0.000000 -0.000000 0.000000
-0.000000 -0.000000 0.000000
-0.000000 -0.000000 0.000000
-0.000000 -0.000000 0.000000
-0.000000 -0.000000 0.000013
0.000001 0.000000 -0.000005
-0.000000 0.000000 -0.000003
-0.000000 0.000000 -0.000002
-0.000000 0.000000 -0.000001
-0.000001 -0.000000 -0.000000
-0.000000 -0.000000 -0.000000
-0.000000 -0.000000 -0.000000
-0.000000 -0.000000 -0.000000
-0.000000 -0.000000 -0.000000
-0.000000 -0.000000 -0.000000
-0.000000 -0.000000 -0.000000
-0.000000 -0.000000 -0.000000
-0.000000 -0.000000 -0.000000
-0.000000 -0.000000 -0.000000
-0.000000 -0.000000 -0.000000
-0.000000 -0.000000 -0.000000
-0.000000 -0.000000 -0.000000
-0.000000 -0.000000 -0.000000
-0.000000 -0.000000 -0.000000
-0.000000 -0.000000 -0.000000
-0.000000 -0.000000 -0.000000
-0.000000 -0.000000 -0.000013
-0.000001 -0.000000 0.000005
-0.000000 -0.000000 0.000003
0.000000 -0.000000 0.000002
0.000000 -0.000000 0.000001
0.000000 -0.000000 0.000000
0.000000 -0.000000 0.000000
0.000000 -0.000000 0.000000
0.000000 -0.000000 0.000000
0.000000 -0.000000 0.000000
0.000000 -0.000000 0.000000
0.000000 -0.000000 0.000000
0.000000 -0.000000 0.000000
0.000000 -0.000000 0.000000
0.000000 -0.000000 0.000000
0.000000 -0.000000 0.000000
0.000000 -0.000000 0.000000
0.000000 -0.000000 0.000000
0.000000 -0.000000 0.000013
0.000001 0.000000 -0.000005
0.000000 0.000000 -0.000003
0.000000 0.000000 -0.000002
-0.000000 0.000000 -0.000001
-0.000000 -0.000000 -0.000000
-0.000000 -0.000000 -0.000000
-0.000000 -0.000000 -0.000000
-0.000000 -0.000000 -0.000000
-0.000000 -0.000000 -0.000000
-0.000000 -0.000000 -0.000000
-0.000000 -0.000000 -0.000000
-0.000000 -0.000000 -0.000000
-0.000000 -0.000000 -0.000000
-0.000000 -0.000000 -0.000000
-0.000000 -0.000000 -0.000000
-0.000000 -0.000000 -0.000000
-0.000000 -0.000000 -0.000000
-0.000000 -0.000000 -0.000000
-0.000000 -0.000000 -0.000000
-0.000000 -0.000000 -0.000000
-0.000000 -0.000000 -0.000000
-0.000000 -0.000000 -0.000013
-0.000001 -0.000000 0.000005
-0.000000 -0.000000 0.000003
0.000000 -0.000000 0.000002
0.000000 -0.000000 0.000001
0.000000 -0.000000 0.000000
0.000000 -0.000000 0.000000
0.000000 -0.000000 0.000000
0.000000 -0.000000 0.000000
0.000000 -0.000000 0.000000
0.000000 -0.000000 0.000000
0.000000 -0.000000 0.000000
0.000000 -0.000000 0.000000
0.000000 -0.000000 0.000000
0.000000 -0.000000 0.000000
0.000000 -0.000000 0.000000
0.000000 -0.000000 0.000000
0.000000 -0.000000 0.000000
0.000000 -0.000000 0.000013
0.000001 0.000000 -0.000005
0.000000 0.000000 -0.000003
0.000000 0.000000 -0.000002
-0.000000 0.000000 -0.000001
-0.000000 -0.000000 -0.000000
-0.000000 -0.000000 -0.000000
-0.000000 -0.000000 -0.000000
-0.000000 -0.000000 -0.000000
-0.000000 -0.000000 -0.000000
-0.000000 -0.000000 -0.000000
-0.000000 -0.000000 -0.000000
-0.000000 -0.000000 -0.000000
-0.000000 -0.000000 -0.000000
-0.000000 -0.000000 -0.000000
-0.000000 -0.000000 -0.000000
-0.000000 -0.000000 -0.000000
-0.000000 -0.000000 -0.000000
-0.000000 -0.000000 -0.000000
-0.000000 -0.000000 -0.000000
-0.000000 -0.000000 -0.000000
-0.000000 -0.000000 -0.000000
-0.000000 -0.000000 -0.000013
-0.000001 -0.000000 0.000005
-0.000000 -0.000000 0.000003
0.000000 -0.000000 0.000002
0.000000 -0.000000 0.000001
0.000000 -0.000000 0.000000
0.000000 -0.000000 0.000000
0.000000 -0.000000 0.000000
0.000000 -0.000000 0.000000
0.000000 -0.000000 0.000000
0.000000 -0.000000 0.000000
0.000000 -0.000000 0.000000
0.000000 -0.000000 0.000000
0.000000 -0.000000 0.000000
0.000000 -0.000000 0.000000
0.000000 -0.000000 0.000000
0.000000 -0.000000 0.000000
0.000000 -0.000000 0.000013
0.000001 0.000000 -0.000005
0.000000 0.000000 -0.000003
0.000000 0.000000 -0.000002
-0.000000 0.000000 -0.000001
-0.000000 -0.000000 -0.000000
-0.000000 -0.000000 -0.000000
-0.000000 -0.000000 -0.000000
-0.000000 -0.000000 -0.000000
-0.000000 -0.000000 -0.000000
-0.000000 -0.000000 -0.000000
-0.000000 -0.000000 -0.000000
-0.000000 -0.000000 -0.000000
-0.000000 -0.000000 -0.000000
-0.000000 -0.000000 -0.000000
-0.000000 -0.000000 -0.000000
-0.000000 -0.000000 -0.000000
-0.000000 -0.000000 -0.000000
-0.000000 -0.000000 -0.000000
-0.000000 -0.000000 -0.000000
-0.000000 -0.000000 -0.000000
-0.000000 -0.000000 -0.000013
-0.000001 -0.000000 0.000005
-0.000000 -0.000000 0.000003
0.000000 -0.000000 0.000002
0.000000 -0.000000 0.000001
0.000000 -0.000000 0.000000
0.000000 -0.000000 0.000000
0.000000 -0.000000 0.000000
0.000000 -0.000000 0.000000
0.000000 -0.000000 0.000000
0.000000 -0.000000 0.000000
0.000000 -0.000000 0.000000
0.000000 -0.000000 0.000000
0.000000 -0.000000 0.000000
0.000000 -0.000000 0.000000
0.000000 -0.000000 0.000000
0.000000 -0.000000 0.000000
0.000000 -0.000000 0.000013
0.000001 0.000000 -0.000005
0.000000 0.000000 -0.000003
0.000000 0.000000 -0.000002
-0.000000 0.000000 -0.000001
-0.000000 -0.000000 -0.000000
-0.000000 -0.000000 -0.000000
-0.000000 -0.000000 -0.000000
-0.000000 -0.000000 -0.000000
-0.000000 -0.000000 -0.000000
-0.000000 -0.000000 -0.000000
-0.000000 -0.000000 -0.000000
-0.000000 -0.000000 -0.000000
-0.000000 -0.000000 -0.000000
-0.000000 -0.000000 -0.000000
-0.000000 -0.000000 -0.000000
-0.000000 -0.000000 -0.000000
-0.000000 -0.000000 -0.000000
-0.000000 -0.000000 -0.000000
-0.000000 -0.000000 -0.000000
-0.000000 -0.000000 -0.000000
-0.000000 -0.000000 -0.000013
-0.000001 -0.000000 0.000005
-0.000000 -0.000000 0.000003
0.000000 -0.000000 0.000002
0.000000 -0.000000 0.000001
0.000000 -0.000000 0.000000
0.000000 -0.000000 0.000000
0.000000 -0.000000 0.000000
0.000000 -0.000000 0.000000
0.000000 -0.000000 0.000000
0.000000 -0.000000 0.000000
0.000000 -0.000000 0.000000
0.000000 -0.000000 0.000000
0.000000 -0.000000 0.000000
0.000000 -0.000000 0.000000
0.000000 -0.000000 0.000000
0.000000 -0.000000 0.000000
0.000000 -0.000000 0.000013
0.000001 0.000000 -0.000005
0.000000 0.000000 -0.000003
0.000000 0.000000 -0.000002
-0.000000 0.000000 -0.000001
-0.000000 -0.000000 -0.000000
-0.000000 -0.000000 -0.000000
-0.000000 -0.000000 -0.000000
-0.000000 -0.000000 -0.000000
-0.000000 -0.000000 -0.000000
-0.000000 -0.000000 -0.000000
-0.000000 -0.000000 -0.000000
-0.000000 -0.000000 -0.000000
-0.000000 -0.000000 -0.000000
-0.000000 -0.000000 -0.000000
-0.000000 -0.000000 -0.000000
-0.000000 -0.000000 -0.000000
-0.000000 -0.000000 -0.000000
-0.000000 -0.000000 -0.000000
-0.000000 -0.000000 -0.000000
-0.000000 -0.000000 -0.000000
