 0.000000e+00 -1.131370e-03  1.084202e-19  0.000000e+00  0.000000e+00  0.000000e+00 
-4.145393e-03 -5.815780e-04 -8.177538e-04  0.000000e+00  0.000000e+00  0.000000e+00 
-8.307657e-03 -2.810105e-04 -1.136430e-03  0.000000e+00  0.000000e+00  0.000000e+00 
-1.247410e-02 -1.149701e-04 -1.309511e-03  0.000000e+00  0.000000e+00  0.000000e+00 
-1.664261e-02 -2.461850e-05 -1.407594e-03  0.000000e+00  0.000000e+00  0.000000e+00 
-2.081220e-02  2.457773e-05 -1.466279e-03  0.000000e+00  0.000000e+00  0.000000e+00 
-2.498216e-02  5.341421e-05 -1.509159e-03  0.000000e+00  0.000000e+00  0.000000e+00 
-2.915256e-02  6.874655e-05 -1.536624e-03  0.000000e+00  0.000000e+00  0.000000e+00 
-3.332303e-02  7.764710e-05 -1.560248e-03  0.000000e+00  0.000000e+00  0.000000e+00 
-3.749359e-02  8.361260e-05 -1.580198e-03  0.000000e+00  0.000000e+00  0.000000e+00 
-4.166968e-02  8.433840e-05 -1.462092e-03  0.000000e+00  0.000000e+00  0.000000e+00 
-4.584329e-02  8.699217e-05 -1.407552e-03  0.000000e+00  0.000000e+00  0.000000e+00 
-5.002117e-02  8.868851e-05 -1.248570e-03  0.000000e+00  0.000000e+00  0.000000e+00 
-5.419072e-02  9.186912e-05 -1.298245e-03  0.000000e+00  0.000000e+00  0.000000e+00 
-5.836628e-02  9.361957e-05 -1.198407e-03  0.000000e+00  0.000000e+00  0.000000e+00 
-6.253443e-02  1.001971e-04 -1.284669e-03  0.000000e+00  0.000000e+00  0.000000e+00 
-6.670901e-02  1.021362e-04 -1.209559e-03  0.000000e+00  0.000000e+00  0.000000e+00 
-7.088205e-02  1.066726e-04 -1.174458e-03  0.000000e+00  0.000000e+00  0.000000e+00 
-7.505442e-02  1.102258e-04 -1.156405e-03  0.000000e+00  0.000000e+00  0.000000e+00 
-7.923157e-02  1.139725e-04 -1.020832e-03  0.000000e+00  0.000000e+00  0.000000e+00 
-8.340635e-02  1.179848e-04 -9.461206e-04  0.000000e+00  0.000000e+00  0.000000e+00 
-8.338900e-02  9.536608e-05 -1.353213e-03  0.000000e+00  0.000000e+00  0.000000e+00 
-8.338471e-02  7.873299e-05 -1.433401e-03  0.000000e+00  0.000000e+00  0.000000e+00 
-8.338195e-02  6.991888e-05 -1.477283e-03  0.000000e+00  0.000000e+00  0.000000e+00 
-8.338568e-02  6.326506e-05 -1.361290e-03  0.000000e+00  0.000000e+00  0.000000e+00 
-8.339285e-02  6.014087e-05 -1.163549e-03  0.000000e+00  0.000000e+00  0.000000e+00 
-8.339671e-02  6.014295e-05 -1.051544e-03  0.000000e+00  0.000000e+00  0.000000e+00 
-8.340443e-02  5.997886e-05 -8.459560e-04  0.000000e+00  0.000000e+00  0.000000e+00 
-8.340886e-02  6.282999e-05 -7.256779e-04  0.000000e+00  0.000000e+00  0.000000e+00 
-8.341131e-02  6.802878e-05 -6.569257e-04  0.000000e+00  0.000000e+00  0.000000e+00 
-8.341307e-02  7.151841e-05 -6.057203e-04  0.000000e+00  0.000000e+00  0.000000e+00 
-8.341957e-02  7.419455e-05 -4.377497e-04  0.000000e+00  0.000000e+00  0.000000e+00 
-8.342319e-02  7.604473e-05 -3.429307e-04  0.000000e+00  0.000000e+00  0.000000e+00 
-8.342573e-02  7.957794e-05 -2.765200e-04  0.000000e+00  0.000000e+00  0.000000e+00 
-8.342717e-02  8.472377e-05 -2.383571e-04  0.000000e+00  0.000000e+00  0.000000e+00 
-8.343377e-02  8.519062e-05 -7.137243e-05  0.000000e+00  0.000000e+00  0.000000e+00 
-8.343753e-02  8.793604e-05  2.288210e-05  0.000000e+00  0.000000e+00  0.000000e+00 
-8.343436e-02  9.470448e-05 -5.620718e-05  0.000000e+00  0.000000e+00  0.000000e+00 
-8.343812e-02  9.575830e-05  3.869735e-05  0.000000e+00  0.000000e+00  0.000000e+00 
-8.344081e-02  9.805172e-05  1.060137e-04  0.000000e+00  0.000000e+00  0.000000e+00 
-8.344238e-02  9.811826e-05  1.460458e-04  0.000000e+00  0.000000e+00  0.000000e+00 
-8.344331e-02  9.906298e-05  1.698762e-04  0.000000e+00  0.000000e+00  0.000000e+00 
-7.924798e-02  7.236559e-05 -3.918618e-04  0.000000e+00  0.000000e+00  0.000000e+00 
-7.506285e-02  5.270447e-05 -7.005875e-04  0.000000e+00  0.000000e+00  0.000000e+00 
-7.088384e-02  3.502695e-05 -8.574786e-04  0.000000e+00  0.000000e+00  0.000000e+00 
-6.671318e-02  1.824279e-05 -8.073741e-04  0.000000e+00  0.000000e+00  0.000000e+00 
-6.255311e-02  4.668985e-06 -4.952823e-04  0.000000e+00  0.000000e+00  0.000000e+00 
-5.838745e-02 -5.228629e-06 -3.245196e-04  0.000000e+00  0.000000e+00  0.000000e+00 
-5.421929e-02 -9.513332e-06 -2.176282e-04  0.000000e+00  0.000000e+00  0.000000e+00 
-5.004901e-02 -1.518357e-05 -1.636637e-04  0.000000e+00  0.000000e+00  0.000000e+00 
-4.587793e-02 -1.947003e-05 -1.298554e-04  0.000000e+00  0.000000e+00  0.000000e+00 
-4.170647e-02 -2.596516e-05 -1.053688e-04  0.000000e+00  0.000000e+00  0.000000e+00 
-3.753462e-02 -3.127792e-05 -9.092011e-05  0.000000e+00  0.000000e+00  0.000000e+00 
-3.336236e-02 -3.540018e-05 -8.697444e-05  0.000000e+00  0.000000e+00  0.000000e+00 
-2.919549e-02 -4.095054e-05  5.157401e-05  0.000000e+00  0.000000e+00  0.000000e+00 
-2.502636e-02 -4.786217e-05  1.342637e-04  0.000000e+00  0.000000e+00  0.000000e+00 
-2.085007e-02 -5.050970e-05  3.744157e-05  0.000000e+00  0.000000e+00  0.000000e+00 
-1.668093e-02 -5.535625e-05  1.190468e-04  0.000000e+00  0.000000e+00  0.000000e+00 
-1.250503e-02 -5.950324e-05  3.205002e-05  0.000000e+00  0.000000e+00  0.000000e+00 
-8.336249e-03 -6.582709e-05  1.230922e-04  0.000000e+00  0.000000e+00  0.000000e+00 
-4.160284e-03 -6.784397e-05  3.384494e-05  0.000000e+00  0.000000e+00  0.000000e+00 
 1.439721e-05 -7.278315e-05 -2.287626e-05  0.000000e+00  0.000000e+00  0.000000e+00 
 4.187797e-03 -8.064253e-05 -4.709537e-05  0.000000e+00  0.000000e+00  0.000000e+00 
 8.360753e-03 -8.424375e-05 -6.158078e-05  0.000000e+00  0.000000e+00  0.000000e+00 
 1.253377e-02 -9.016387e-05 -7.704889e-05  0.000000e+00  0.000000e+00  0.000000e+00 
 1.670636e-02 -9.522533e-05 -8.238666e-05  0.000000e+00  0.000000e+00  0.000000e+00 
 2.087901e-02 -1.026231e-04 -8.841551e-05  0.000000e+00  0.000000e+00  0.000000e+00 
 2.504630e-02 -1.114093e-04  3.920894e-05  0.000000e+00  0.000000e+00  0.000000e+00 
 2.922120e-02 -1.157285e-04 -2.387054e-05  0.000000e+00  0.000000e+00  0.000000e+00 
 3.339475e-02 -1.196432e-04 -5.345709e-05  0.000000e+00  0.000000e+00  0.000000e+00 
 3.756245e-02 -1.251890e-04  6.275577e-05  0.000000e+00  0.000000e+00  0.000000e+00 
 4.173775e-02 -1.296934e-04 -1.043263e-05  0.000000e+00  0.000000e+00  0.000000e+00 
 4.591165e-02 -1.338264e-04 -4.887972e-05  0.000000e+00  0.000000e+00  0.000000e+00 
 5.008459e-02 -1.407761e-04 -6.306279e-05  0.000000e+00  0.000000e+00  0.000000e+00 
 4.833181e-02 -1.033685e-04  5.571700e-04  0.000000e+00  0.000000e+00  0.000000e+00 
 4.413409e-02 -5.910255e-05  1.173769e-03  0.000000e+00  0.000000e+00  0.000000e+00 
 3.994761e-02 -2.434888e-05  1.512896e-03  0.000000e+00  0.000000e+00  0.000000e+00 
 3.577240e-02  8.994352e-07  1.574057e-03  0.000000e+00  0.000000e+00  0.000000e+00 
 3.160393e-02  2.139555e-05  1.468343e-03  0.000000e+00  0.000000e+00  0.000000e+00 
 2.744448e-02  3.814976e-05  1.139390e-03  0.000000e+00  0.000000e+00  0.000000e+00 
 2.327928e-02  4.786899e-05  9.560518e-04  0.000000e+00  0.000000e+00  0.000000e+00 
 1.912174e-02  6.000881e-05  5.820119e-04  0.000000e+00  0.000000e+00  0.000000e+00 
 1.496340e-02  6.733097e-05  2.299120e-04  0.000000e+00  0.000000e+00  0.000000e+00 
 1.079350e-02  6.836445e-05  1.680075e-04  0.000000e+00  0.000000e+00  0.000000e+00 
 6.622293e-03  7.115091e-05  1.384859e-04  0.000000e+00  0.000000e+00  0.000000e+00 
 2.450666e-03  7.609275e-05  1.188582e-04  0.000000e+00  0.000000e+00  0.000000e+00 
-1.715523e-03  8.243087e-05 -3.624726e-05  0.000000e+00  0.000000e+00  0.000000e+00 
-5.884768e-03  8.631926e-05 -1.141491e-04  0.000000e+00  0.000000e+00  0.000000e+00 
-1.005532e-02  9.195718e-05 -1.597817e-04  0.000000e+00  0.000000e+00  0.000000e+00 
-1.423208e-02  9.373531e-05 -4.971707e-05  0.000000e+00  0.000000e+00  0.000000e+00 
-1.764389e-02  9.330776e-05 -7.798803e-05  0.000000e+00  0.000000e+00  0.000000e+00 
-1.803766e-02  7.498584e-05 -5.512396e-04  0.000000e+00  0.000000e+00  0.000000e+00 
-1.649250e-02  4.310365e-05 -8.858510e-04  0.000000e+00  0.000000e+00  0.000000e+00 
-1.399781e-02  1.427796e-05 -1.176953e-03  0.000000e+00  0.000000e+00  0.000000e+00 
-1.097341e-02 -1.121957e-05 -1.257050e-03  0.000000e+00  0.000000e+00  0.000000e+00 
-8.194699e-03 -2.955261e-05 -1.143563e-03  0.000000e+00  0.000000e+00  0.000000e+00 
-5.548421e-03 -3.750754e-05 -1.060477e-03  0.000000e+00  0.000000e+00  0.000000e+00 
-3.531816e-03 -4.328303e-05 -6.757922e-04  0.000000e+00  0.000000e+00  0.000000e+00 
-1.852196e-03 -4.126633e-05 -4.221386e-04  0.000000e+00  0.000000e+00  0.000000e+00 
-6.374468e-04 -3.813184e-05 -2.298238e-04  0.000000e+00  0.000000e+00  0.000000e+00 
 4.446312e-05 -3.014198e-05 -6.961596e-05  0.000000e+00  0.000000e+00  0.000000e+00 
 5.602723e-04 -2.594425e-05  1.755259e-04  0.000000e+00  0.000000e+00  0.000000e+00 
 7.155351e-04 -2.093796e-05  3.591048e-04  0.000000e+00  0.000000e+00  0.000000e+00 
 8.085007e-04 -1.145336e-05  3.264336e-04  0.000000e+00  0.000000e+00  0.000000e+00 
 8.633675e-04 -8.722379e-06  3.094019e-04  0.000000e+00  0.000000e+00  0.000000e+00 
 8.926453e-04 -6.040652e-06  3.062568e-04  0.000000e+00  0.000000e+00  0.000000e+00 
 6.369587e-04 -1.289359e-06  3.334999e-04  0.000000e+00  0.000000e+00  0.000000e+00 
 4.948984e-04 -4.066601e-07  3.376344e-04  0.000000e+00  0.000000e+00  0.000000e+00 
 4.115083e-04  1.270799e-07  3.354840e-04  0.000000e+00  0.000000e+00  0.000000e+00 
 3.658350e-04  4.320118e-07  3.292949e-04  0.000000e+00  0.000000e+00  0.000000e+00 
 2.081955e-04  4.049264e-06  2.012783e-04  0.000000e+00  0.000000e+00  0.000000e+00 
-1.869356e-05  3.848484e-06  1.365478e-04  0.000000e+00  0.000000e+00  0.000000e+00 
-1.405247e-04  5.063180e-06 -5.089423e-05  0.000000e+00  0.000000e+00  0.000000e+00 
-2.114446e-04  4.330688e-06 -1.546201e-04  0.000000e+00  0.000000e+00  0.000000e+00 
-1.165213e-04  1.602588e-06 -2.314572e-04  0.000000e+00  0.000000e+00  0.000000e+00 
-7.024523e-05 -5.190236e-07 -1.360995e-04  0.000000e+00  0.000000e+00  0.000000e+00 
-4.313988e-05 -1.704757e-06 -8.327309e-05  0.000000e+00  0.000000e+00  0.000000e+00 
-2.352499e-05 -2.440162e-06 -5.193480e-05  0.000000e+00  0.000000e+00  0.000000e+00 
-1.721855e-05 -5.350568e-06  1.034352e-04  0.000000e+00  0.000000e+00  0.000000e+00 
-1.245753e-05 -3.633426e-06  1.918884e-04  0.000000e+00  0.000000e+00  0.000000e+00 
 1.335634e-04  3.354157e-07  8.694245e-05  0.000000e+00  0.000000e+00  0.000000e+00 
 7.623091e-05  1.295645e-06  5.964460e-05  0.000000e+00  0.000000e+00  0.000000e+00 
 4.359751e-05  1.902144e-06  4.084755e-05  0.000000e+00  0.000000e+00  0.000000e+00 
 2.353793e-05  2.435192e-06  2.070302e-05  0.000000e+00  0.000000e+00  0.000000e+00 
 1.678591e-05  5.143443e-06 -1.234733e-04  0.000000e+00  0.000000e+00  0.000000e+00 
 6.206321e-06  7.969673e-07 -6.640498e-05  0.000000e+00  0.000000e+00  0.000000e+00 
 6.776175e-07  2.175641e-07 -3.237549e-05  0.000000e+00  0.000000e+00  0.000000e+00 
 2.322686e-07  1.503704e-08 -2.118163e-05  0.000000e+00  0.000000e+00  0.000000e+00 
-2.139730e-07 -1.872849e-07 -9.987762e-06  0.000000e+00  0.000000e+00  0.000000e+00 
-2.134314e-07 -1.871192e-07 -9.987871e-06  0.000000e+00  0.000000e+00  0.000000e+00 
-2.128897e-07 -1.869539e-07 -9.987980e-06  0.000000e+00  0.000000e+00  0.000000e+00 
-2.123478e-07 -1.867888e-07 -9.988089e-06  0.000000e+00  0.000000e+00  0.000000e+00 
-2.118059e-07 -1.866240e-07 -9.988198e-06  0.000000e+00  0.000000e+00  0.000000e+00 
-2.112638e-07 -1.864596e-07 -9.988307e-06  0.000000e+00  0.000000e+00  0.000000e+00 
-2.107216e-07 -1.862954e-07 -9.988416e-06  0.000000e+00  0.000000e+00  0.000000e+00 
-2.101792e-07 -1.861316e-07 -9.988525e-06  0.000000e+00  0.000000e+00  0.000000e+00 
-2.096368e-07 -1.859680e-07 -9.988633e-06  0.000000e+00  0.000000e+00  0.000000e+00 
-2.090942e-07 -1.858048e-07 -9.988741e-06  0.000000e+00  0.000000e+00  0.000000e+00 
-2.085516e-07 -1.856419e-07 -9.988850e-06  0.000000e+00  0.000000e+00  0.000000e+00 
-2.080088e-07 -1.854793e-07 -9.988958e-06  0.000000e+00  0.000000e+00  0.000000e+00 
-2.074658e-07 -1.853169e-07 -9.989066e-06  0.000000e+00  0.000000e+00  0.000000e+00 
-2.069228e-07 -1.851549e-07 -9.989174e-06  0.000000e+00  0.000000e+00  0.000000e+00 
-2.063796e-07 -1.849932e-07 -9.989282e-06  0.000000e+00  0.000000e+00  0.000000e+00 
-2.058364e-07 -1.848318e-07 -9.989390e-06  0.000000e+00  0.000000e+00  0.000000e+00 
-2.052930e-07 -1.846707e-07 -9.989497e-06  0.000000e+00  0.000000e+00  0.000000e+00 
-2.047495e-07 -1.845099e-07 -9.989605e-06  0.000000e+00  0.000000e+00  0.000000e+00 
-2.042059e-07 -1.843495e-07 -9.989712e-06  0.000000e+00  0.000000e+00  0.000000e+00 
-2.036621e-07 -1.841893e-07 -9.989820e-06  0.000000e+00  0.000000e+00  0.000000e+00 
-2.031183e-07 -1.840294e-07 -9.989927e-06  0.000000e+00  0.000000e+00  0.000000e+00 
-2.025743e-07 -1.838699e-07 -9.990034e-06  0.000000e+00  0.000000e+00  0.000000e+00 
-6.021815e-06 -2.813378e-06  1.355315e-04  0.000000e+00  0.000000e+00  0.000000e+00 
 3.961867e-07 -1.829804e-06  7.911476e-05  0.000000e+00  0.000000e+00  0.000000e+00 
 1.732618e-06 -1.223516e-06  4.553362e-05  0.000000e+00  0.000000e+00  0.000000e+00 
 2.624051e-06 -8.201250e-07  2.314645e-05  0.000000e+00  0.000000e+00  0.000000e+00 
 3.069593e-06 -6.194269e-07  1.195326e-05  0.000000e+00  0.000000e+00  0.000000e+00 
 3.068350e-06 -6.212161e-07  1.195404e-05  0.000000e+00  0.000000e+00  0.000000e+00 
 3.067105e-06 -6.230045e-07  1.195482e-05  0.000000e+00  0.000000e+00  0.000000e+00 
 3.065860e-06 -6.247922e-07  1.195560e-05  0.000000e+00  0.000000e+00  0.000000e+00 
 3.064613e-06 -6.265793e-07  1.195638e-05  0.000000e+00  0.000000e+00  0.000000e+00 
 3.063364e-06 -6.283655e-07  1.195716e-05  0.000000e+00  0.000000e+00  0.000000e+00 
 3.062115e-06 -6.301511e-07  1.195794e-05  0.000000e+00  0.000000e+00  0.000000e+00 
 3.060864e-06 -6.319360e-07  1.195872e-05  0.000000e+00  0.000000e+00  0.000000e+00 
 3.059612e-06 -6.337201e-07  1.195950e-05  0.000000e+00  0.000000e+00  0.000000e+00 
 3.058358e-06 -6.355035e-07  1.196028e-05  0.000000e+00  0.000000e+00  0.000000e+00 
 3.057103e-06 -6.372862e-07  1.196106e-05  0.000000e+00  0.000000e+00  0.000000e+00 
 3.055847e-06 -6.390681e-07  1.196184e-05  0.000000e+00  0.000000e+00  0.000000e+00 
 3.054590e-06 -6.408493e-07  1.196261e-05  0.000000e+00  0.000000e+00  0.000000e+00 
 3.053331e-06 -6.426298e-07  1.196339e-05  0.000000e+00  0.000000e+00  0.000000e+00 
 8.871858e-06  1.985256e-06 -1.335575e-04  0.000000e+00  0.000000e+00  0.000000e+00 
 2.453141e-06  1.000062e-06 -7.714006e-05  0.000000e+00  0.000000e+00  0.000000e+00 
 1.115992e-06  3.921531e-07 -4.355825e-05  0.000000e+00  0.000000e+00  0.000000e+00 
 2.238406e-07 -1.285715e-08 -2.117041e-05  0.000000e+00  0.000000e+00  0.000000e+00 
-2.224209e-07 -2.151743e-07 -9.976542e-06  0.000000e+00  0.000000e+00  0.000000e+00 
-2.218993e-07 -2.150038e-07 -9.976652e-06  0.000000e+00  0.000000e+00  0.000000e+00 
-2.213775e-07 -2.148335e-07 -9.976761e-06  0.000000e+00  0.000000e+00  0.000000e+00 
-2.208557e-07 -2.146636e-07 -9.976870e-06  0.000000e+00  0.000000e+00  0.000000e+00 
-2.203337e-07 -2.144939e-07 -9.976979e-06  0.000000e+00  0.000000e+00  0.000000e+00 
-2.198116e-07 -2.143246e-07 -9.977088e-06  0.000000e+00  0.000000e+00  0.000000e+00 
-2.192894e-07 -2.141555e-07 -9.977197e-06  0.000000e+00  0.000000e+00  0.000000e+00 
-2.187670e-07 -2.139867e-07 -9.977306e-06  0.000000e+00  0.000000e+00  0.000000e+00 
-2.182446e-07 -2.138182e-07 -9.977415e-06  0.000000e+00  0.000000e+00  0.000000e+00 
-2.177220e-07 -2.136501e-07 -9.977523e-06  0.000000e+00  0.000000e+00  0.000000e+00 
-2.171993e-07 -2.134822e-07 -9.977632e-06  0.000000e+00  0.000000e+00  0.000000e+00 
-2.166764e-07 -2.133146e-07 -9.977740e-06  0.000000e+00  0.000000e+00  0.000000e+00 
-2.161535e-07 -2.131473e-07 -9.977848e-06  0.000000e+00  0.000000e+00  0.000000e+00 
-2.156304e-07 -2.129803e-07 -9.977956e-06  0.000000e+00  0.000000e+00  0.000000e+00 
-2.151072e-07 -2.128136e-07 -9.978064e-06  0.000000e+00  0.000000e+00  0.000000e+00 
-2.145839e-07 -2.126472e-07 -9.978172e-06  0.000000e+00  0.000000e+00  0.000000e+00 
-2.140604e-07 -2.124810e-07 -9.978280e-06  0.000000e+00  0.000000e+00  0.000000e+00 
-2.135368e-07 -2.123152e-07 -9.978388e-06  0.000000e+00  0.000000e+00  0.000000e+00 
-6.032800e-06 -2.841816e-06  1.355432e-04  0.000000e+00  0.000000e+00  0.000000e+00 
 3.851800e-07 -1.858236e-06  7.912641e-05  0.000000e+00  0.000000e+00  0.000000e+00 
 1.721590e-06 -1.251941e-06  4.554526e-05  0.000000e+00  0.000000e+00  0.000000e+00 
 2.613002e-06 -8.485438e-07  2.315810e-05  0.000000e+00  0.000000e+00  0.000000e+00 
 3.058522e-06 -6.478392e-07  1.196490e-05  0.000000e+00  0.000000e+00  0.000000e+00 
 3.057258e-06 -6.496220e-07  1.196568e-05  0.000000e+00  0.000000e+00  0.000000e+00 
 3.055993e-06 -6.514040e-07  1.196646e-05  0.000000e+00  0.000000e+00  0.000000e+00 
 3.054727e-06 -6.531852e-07  1.196724e-05  0.000000e+00  0.000000e+00  0.000000e+00 
 3.053459e-06 -6.549658e-07  1.196802e-05  0.000000e+00  0.000000e+00  0.000000e+00 
 3.052190e-06 -6.567456e-07  1.196880e-05  0.000000e+00  0.000000e+00  0.000000e+00 
 3.050920e-06 -6.585246e-07  1.196958e-05  0.000000e+00  0.000000e+00  0.000000e+00 
 3.049648e-06 -6.603030e-07  1.197036e-05  0.000000e+00  0.000000e+00  0.000000e+00 
 3.048375e-06 -6.620806e-07  1.197114e-05  0.000000e+00  0.000000e+00  0.000000e+00 
 3.047101e-06 -6.638575e-07  1.197192e-05  0.000000e+00  0.000000e+00  0.000000e+00 
 3.045826e-06 -6.656336e-07  1.197270e-05  0.000000e+00  0.000000e+00  0.000000e+00 
 3.044549e-06 -6.674090e-07  1.197347e-05  0.000000e+00  0.000000e+00  0.000000e+00 
 3.043271e-06 -6.691837e-07  1.197425e-05  0.000000e+00  0.000000e+00  0.000000e+00 
 3.041991e-06 -6.709576e-07  1.197503e-05  0.000000e+00  0.000000e+00  0.000000e+00 
 8.860498e-06  1.956935e-06 -1.335459e-04  0.000000e+00  0.000000e+00  0.000000e+00 
 2.441762e-06  9.717461e-07 -7.712842e-05  0.000000e+00  0.000000e+00  0.000000e+00 
 1.104595e-06  3.638440e-07 -4.354661e-05  0.000000e+00  0.000000e+00  0.000000e+00 
 2.124231e-07 -4.115990e-08 -2.115877e-05  0.000000e+00  0.000000e+00  0.000000e+00 
-2.338586e-07 -2.434705e-07 -9.964908e-06  0.000000e+00  0.000000e+00  0.000000e+00 
-2.333573e-07 -2.432935e-07 -9.965018e-06  0.000000e+00  0.000000e+00  0.000000e+00 
-2.328559e-07 -2.431167e-07 -9.965128e-06  0.000000e+00  0.000000e+00  0.000000e+00 
-2.323543e-07 -2.429401e-07 -9.965238e-06  0.000000e+00  0.000000e+00  0.000000e+00 
-2.318526e-07 -2.427639e-07 -9.965348e-06  0.000000e+00  0.000000e+00  0.000000e+00 
-2.313508e-07 -2.425880e-07 -9.965458e-06  0.000000e+00  0.000000e+00  0.000000e+00 
-2.308488e-07 -2.424123e-07 -9.965567e-06  0.000000e+00  0.000000e+00  0.000000e+00 
-2.303467e-07 -2.422369e-07 -9.965677e-06  0.000000e+00  0.000000e+00  0.000000e+00 
-2.298445e-07 -2.420618e-07 -9.965786e-06  0.000000e+00  0.000000e+00  0.000000e+00 
-2.293422e-07 -2.418870e-07 -9.965895e-06  0.000000e+00  0.000000e+00  0.000000e+00 
-2.288398e-07 -2.417125e-07 -9.966005e-06  0.000000e+00  0.000000e+00  0.000000e+00 
-2.283372e-07 -2.415382e-07 -9.966114e-06  0.000000e+00  0.000000e+00  0.000000e+00 
-2.278345e-07 -2.413643e-07 -9.966223e-06  0.000000e+00  0.000000e+00  0.000000e+00 
-2.273316e-07 -2.411906e-07 -9.966332e-06  0.000000e+00  0.000000e+00  0.000000e+00 
-2.268287e-07 -2.410172e-07 -9.966441e-06  0.000000e+00  0.000000e+00  0.000000e+00 
-2.263256e-07 -2.408441e-07 -9.966549e-06  0.000000e+00  0.000000e+00  0.000000e+00 
-2.258224e-07 -2.406713e-07 -9.966658e-06  0.000000e+00  0.000000e+00  0.000000e+00 
-2.253190e-07 -2.404987e-07 -9.966767e-06  0.000000e+00  0.000000e+00  0.000000e+00 
-6.044603e-06 -2.869993e-06  1.355548e-04  0.000000e+00  0.000000e+00  0.000000e+00 
 3.733541e-07 -1.886405e-06  7.913803e-05  0.000000e+00  0.000000e+00  0.000000e+00 
 1.709743e-06 -1.280103e-06  4.555688e-05  0.000000e+00  0.000000e+00  0.000000e+00 
 2.601133e-06 -8.766988e-07  2.316971e-05  0.000000e+00  0.000000e+00  0.000000e+00 
 3.046633e-06 -6.759873e-07  1.197652e-05  0.000000e+00  0.000000e+00  0.000000e+00 
 3.045349e-06 -6.777631e-07  1.197730e-05  0.000000e+00  0.000000e+00  0.000000e+00 
 3.044063e-06 -6.795382e-07  1.197808e-05  0.000000e+00  0.000000e+00  0.000000e+00 
 3.042776e-06 -6.813126e-07  1.197886e-05  0.000000e+00  0.000000e+00  0.000000e+00 
 3.041488e-06 -6.830862e-07  1.197964e-05  0.000000e+00  0.000000e+00  0.000000e+00 
 3.040198e-06 -6.848590e-07  1.198042e-05  0.000000e+00  0.000000e+00  0.000000e+00 
 3.038907e-06 -6.866311e-07  1.198119e-05  0.000000e+00  0.000000e+00  0.000000e+00 
 3.037615e-06 -6.884025e-07  1.198197e-05  0.000000e+00  0.000000e+00  0.000000e+00 
 3.036322e-06 -6.901731e-07  1.198275e-05  0.000000e+00  0.000000e+00  0.000000e+00 
 3.035027e-06 -6.919430e-07  1.198353e-05  0.000000e+00  0.000000e+00  0.000000e+00 
 3.033731e-06 -6.937121e-07  1.198431e-05  0.000000e+00  0.000000e+00  0.000000e+00 
 3.032434e-06 -6.954805e-07  1.198509e-05  0.000000e+00  0.000000e+00  0.000000e+00 
 3.031135e-06 -6.972481e-07  1.198586e-05  0.000000e+00  0.000000e+00  0.000000e+00 
 8.849624e-06  1.930650e-06 -1.335350e-04  0.000000e+00  0.000000e+00  0.000000e+00 
 2.430871e-06  9.454673e-07 -7.711759e-05  0.000000e+00  0.000000e+00  0.000000e+00 
 1.093685e-06  3.375712e-07 -4.353578e-05  0.000000e+00  0.000000e+00  0.000000e+00 
 2.014950e-07 -6.742651e-08 -2.114794e-05  0.000000e+00  0.000000e+00  0.000000e+00 
-2.448055e-07 -2.697309e-07 -9.954080e-06  0.000000e+00  0.000000e+00  0.000000e+00 
-2.443230e-07 -2.695476e-07 -9.954190e-06  0.000000e+00  0.000000e+00  0.000000e+00 
-2.438404e-07 -2.693645e-07 -9.954301e-06  0.000000e+00  0.000000e+00  0.000000e+00 
-2.433577e-07 -2.691817e-07 -9.954412e-06  0.000000e+00  0.000000e+00  0.000000e+00 
-2.428748e-07 -2.689992e-07 -9.954522e-06  0.000000e+00  0.000000e+00  0.000000e+00 
-2.423918e-07 -2.688170e-07 -9.954633e-06  0.000000e+00  0.000000e+00  0.000000e+00 
-2.419087e-07 -2.686350e-07 -9.954743e-06  0.000000e+00  0.000000e+00  0.000000e+00 
-2.414254e-07 -2.684533e-07 -9.954854e-06  0.000000e+00  0.000000e+00  0.000000e+00 
-2.409420e-07 -2.682719e-07 -9.954964e-06  0.000000e+00  0.000000e+00  0.000000e+00 
-2.404585e-07 -2.680907e-07 -9.955074e-06  0.000000e+00  0.000000e+00  0.000000e+00 
-2.399749e-07 -2.679098e-07 -9.955184e-06  0.000000e+00  0.000000e+00  0.000000e+00 
-2.394911e-07 -2.677292e-07 -9.955294e-06  0.000000e+00  0.000000e+00  0.000000e+00 
-2.390071e-07 -2.675489e-07 -9.955404e-06  0.000000e+00  0.000000e+00  0.000000e+00 
-2.385231e-07 -2.673688e-07 -9.955513e-06  0.000000e+00  0.000000e+00  0.000000e+00 
-2.380389e-07 -2.671890e-07 -9.955623e-06  0.000000e+00  0.000000e+00  0.000000e+00 
-2.375546e-07 -2.670095e-07 -9.955733e-06  0.000000e+00  0.000000e+00  0.000000e+00 
-2.370702e-07 -2.668303e-07 -9.955842e-06  0.000000e+00  0.000000e+00  0.000000e+00 
-2.365856e-07 -2.666513e-07 -9.955951e-06  0.000000e+00  0.000000e+00  0.000000e+00 
-6.055890e-06 -2.896139e-06  1.355656e-04  0.000000e+00  0.000000e+00  0.000000e+00 
 3.620470e-07 -1.912544e-06  7.914884e-05  0.000000e+00  0.000000e+00  0.000000e+00 
 1.698416e-06 -1.306235e-06  4.556770e-05  0.000000e+00  0.000000e+00  0.000000e+00 
 2.589787e-06 -9.028241e-07  2.318053e-05  0.000000e+00  0.000000e+00  0.000000e+00 
 3.035267e-06 -7.021060e-07  1.198733e-05  0.000000e+00  0.000000e+00  0.000000e+00 
 3.033964e-06 -7.038753e-07  1.198811e-05  0.000000e+00  0.000000e+00  0.000000e+00 
 3.032659e-06 -7.056437e-07  1.198889e-05  0.000000e+00  0.000000e+00  0.000000e+00 
-1.352611e-04  3.049884e-07  2.673350e-05  0.000000e+00  0.000000e+00  0.000000e+00 
-7.614518e-05  1.543545e-07  9.255874e-06  0.000000e+00  0.000000e+00  0.000000e+00 
-4.262005e-05 -4.793594e-08  5.665421e-06  0.000000e+00  0.000000e+00  0.000000e+00 
-2.166695e-05 -1.771849e-07  3.422458e-06  0.000000e+00  0.000000e+00  0.000000e+00 
-1.328588e-05 -2.262694e-07  2.524305e-06  0.000000e+00  0.000000e+00  0.000000e+00 
-9.095496e-06 -2.494236e-07  2.074720e-06  0.000000e+00  0.000000e+00  0.000000e+00 
-4.905105e-06 -2.749521e-07  1.626027e-06  0.000000e+00  0.000000e+00  0.000000e+00 
-7.147119e-07 -3.028548e-07  1.178225e-06  0.000000e+00  0.000000e+00  0.000000e+00 
-7.150004e-07 -3.024530e-07  1.178100e-06  0.000000e+00  0.000000e+00  0.000000e+00 
-7.152885e-07 -3.020509e-07  1.177974e-06  0.000000e+00  0.000000e+00  0.000000e+00 
-7.155764e-07 -3.016488e-07  1.177847e-06  0.000000e+00  0.000000e+00  0.000000e+00 
-7.158640e-07 -3.012464e-07  1.177721e-06  0.000000e+00  0.000000e+00  0.000000e+00 
-7.161513e-07 -3.008439e-07  1.177595e-06  0.000000e+00  0.000000e+00  0.000000e+00 
-7.164383e-07 -3.004413e-07  1.177469e-06  0.000000e+00  0.000000e+00  0.000000e+00 
-7.167251e-07 -3.000385e-07  1.177342e-06  0.000000e+00  0.000000e+00  0.000000e+00 
-7.170115e-07 -2.996355e-07  1.177216e-06  0.000000e+00  0.000000e+00  0.000000e+00 
-7.172976e-07 -2.992323e-07  1.177089e-06  0.000000e+00  0.000000e+00  0.000000e+00 
-7.175835e-07 -2.988290e-07  1.176962e-06  0.000000e+00  0.000000e+00  0.000000e+00 
-7.178690e-07 -2.984256e-07  1.176835e-06  0.000000e+00  0.000000e+00  0.000000e+00 
-7.181543e-07 -2.980219e-07  1.176709e-06  0.000000e+00  0.000000e+00  0.000000e+00 
-7.184393e-07 -2.976182e-07  1.176582e-06  0.000000e+00  0.000000e+00  0.000000e+00 
-7.187240e-07 -2.972142e-07  1.176455e-06  0.000000e+00  0.000000e+00  0.000000e+00 
-7.190084e-07 -2.968101e-07  1.176327e-06  0.000000e+00  0.000000e+00  0.000000e+00 
-7.192925e-07 -2.964059e-07  1.176200e-06  0.000000e+00  0.000000e+00  0.000000e+00 
-7.195763e-07 -2.960014e-07  1.176073e-06  0.000000e+00  0.000000e+00  0.000000e+00 
-7.198598e-07 -2.955968e-07  1.175945e-06  0.000000e+00  0.000000e+00  0.000000e+00 
-7.201430e-07 -2.951921e-07  1.175818e-06  0.000000e+00  0.000000e+00  0.000000e+00 
-7.204260e-07 -2.947872e-07  1.175690e-06  0.000000e+00  0.000000e+00  0.000000e+00 
-7.207086e-07 -2.943821e-07  1.175563e-06  0.000000e+00  0.000000e+00  0.000000e+00 
-7.209910e-07 -2.939769e-07  1.175435e-06  0.000000e+00  0.000000e+00  0.000000e+00 
-7.212730e-07 -2.935715e-07  1.175307e-06  0.000000e+00  0.000000e+00  0.000000e+00 
-7.215548e-07 -2.931660e-07  1.175179e-06  0.000000e+00  0.000000e+00  0.000000e+00 
-7.218363e-07 -2.927603e-07  1.175051e-06  0.000000e+00  0.000000e+00  0.000000e+00 
-7.221175e-07 -2.923545e-07  1.174923e-06  0.000000e+00  0.000000e+00  0.000000e+00 
-7.223984e-07 -2.919485e-07  1.174795e-06  0.000000e+00  0.000000e+00  0.000000e+00 
-7.226790e-07 -2.915423e-07  1.174667e-06  0.000000e+00  0.000000e+00  0.000000e+00 
-7.229593e-07 -2.911360e-07  1.174539e-06  0.000000e+00  0.000000e+00  0.000000e+00 
-7.232393e-07 -2.907295e-07  1.174410e-06  0.000000e+00  0.000000e+00  0.000000e+00 
-7.235190e-07 -2.903228e-07  1.174282e-06  0.000000e+00  0.000000e+00  0.000000e+00 
-7.237985e-07 -2.899160e-07  1.174153e-06  0.000000e+00  0.000000e+00  0.000000e+00 
-7.240776e-07 -2.895091e-07  1.174025e-06  0.000000e+00  0.000000e+00  0.000000e+00 
-7.243565e-07 -2.891020e-07  1.173896e-06  0.000000e+00  0.000000e+00  0.000000e+00 
-7.246350e-07 -2.886947e-07  1.173767e-06  0.000000e+00  0.000000e+00  0.000000e+00 
-7.249133e-07 -2.882873e-07  1.173638e-06  0.000000e+00  0.000000e+00  0.000000e+00 
-7.251912e-07 -2.878797e-07  1.173509e-06  0.000000e+00  0.000000e+00  0.000000e+00 
-7.254689e-07 -2.874720e-07  1.173380e-06  0.000000e+00  0.000000e+00  0.000000e+00 
-7.257463e-07 -2.870641e-07  1.173251e-06  0.000000e+00  0.000000e+00  0.000000e+00 
-7.260234e-07 -2.866560e-07  1.173122e-06  0.000000e+00  0.000000e+00  0.000000e+00 
-7.263002e-07 -2.862478e-07  1.172992e-06  0.000000e+00  0.000000e+00  0.000000e+00 
-7.265766e-07 -2.858395e-07  1.172863e-06  0.000000e+00  0.000000e+00  0.000000e+00 
-7.268528e-07 -2.854309e-07  1.172733e-06  0.000000e+00  0.000000e+00  0.000000e+00 
-7.271288e-07 -2.850223e-07  1.172604e-06  0.000000e+00  0.000000e+00  0.000000e+00 
-7.274044e-07 -2.846134e-07  1.172474e-06  0.000000e+00  0.000000e+00  0.000000e+00 
-7.276797e-07 -2.842045e-07  1.172345e-06  0.000000e+00  0.000000e+00  0.000000e+00 
-7.279547e-07 -2.837953e-07  1.172215e-06  0.000000e+00  0.000000e+00  0.000000e+00 
-7.282294e-07 -2.833860e-07  1.172085e-06  0.000000e+00  0.000000e+00  0.000000e+00 
-7.285039e-07 -2.829766e-07  1.171955e-06  0.000000e+00  0.000000e+00  0.000000e+00 
-7.287780e-07 -2.825670e-07  1.171825e-06  0.000000e+00  0.000000e+00  0.000000e+00 
 4.643053e-06  2.145226e-06 -1.331560e-04  0.000000e+00  0.000000e+00  0.000000e+00 
-1.775577e-06  1.162425e-06 -7.673947e-05  0.000000e+00  0.000000e+00  0.000000e+00 
-3.112634e-06  5.569109e-07 -4.315857e-05  0.000000e+00  0.000000e+00  0.000000e+00 
-4.004690e-06  1.542955e-07 -2.077164e-05  0.000000e+00  0.000000e+00  0.000000e+00 
-4.450852e-06 -4.562653e-08 -9.578679e-06  0.000000e+00  0.000000e+00  0.000000e+00 
-4.450230e-06 -4.306089e-08 -9.579696e-06  0.000000e+00  0.000000e+00  0.000000e+00 
-4.449605e-06 -4.049562e-08 -9.580714e-06  0.000000e+00  0.000000e+00  0.000000e+00 
-4.448979e-06 -3.793070e-08 -9.581732e-06  0.000000e+00  0.000000e+00  0.000000e+00 
-4.448351e-06 -3.536615e-08 -9.582750e-06  0.000000e+00  0.000000e+00  0.000000e+00 
-4.447721e-06 -3.280196e-08 -9.583768e-06  0.000000e+00  0.000000e+00  0.000000e+00 
-4.447089e-06 -3.023814e-08 -9.584786e-06  0.000000e+00  0.000000e+00  0.000000e+00 
-4.446455e-06 -2.767468e-08 -9.585803e-06  0.000000e+00  0.000000e+00  0.000000e+00 
-4.445820e-06 -2.511158e-08 -9.586821e-06  0.000000e+00  0.000000e+00  0.000000e+00 
-4.445183e-06 -2.254885e-08 -9.587839e-06  0.000000e+00  0.000000e+00  0.000000e+00 
-4.444543e-06 -1.998649e-08 -9.588857e-06  0.000000e+00  0.000000e+00  0.000000e+00 
-4.443902e-06 -1.742450e-08 -9.589875e-06  0.000000e+00  0.000000e+00  0.000000e+00 
-4.443260e-06 -1.486288e-08 -9.590893e-06  0.000000e+00  0.000000e+00  0.000000e+00 
-4.442615e-06 -1.230163e-08 -9.591911e-06  0.000000e+00  0.000000e+00  0.000000e+00 
-4.441968e-06 -9.740756e-09 -9.592928e-06  0.000000e+00  0.000000e+00  0.000000e+00 
-4.441320e-06 -7.180252e-09 -9.593946e-06  0.000000e+00  0.000000e+00  0.000000e+00 
-4.440670e-06 -4.620123e-09 -9.594964e-06  0.000000e+00  0.000000e+00  0.000000e+00 
-4.440018e-06 -2.060369e-09 -9.595982e-06  0.000000e+00  0.000000e+00  0.000000e+00 
-1.025914e-05 -2.629167e-06  1.359247e-04  0.000000e+00  0.000000e+00  0.000000e+00 
 1.344515e-04 -2.655591e-06  6.476313e-05  0.000000e+00  0.000000e+00  0.000000e+00 
 7.711843e-05 -1.695753e-06  3.746549e-05  0.000000e+00  0.000000e+00  0.000000e+00 
 4.403676e-05 -1.291926e-06  2.986261e-05  0.000000e+00  0.000000e+00  0.000000e+00 
 2.352801e-05 -9.613442e-07  2.091225e-05  0.000000e+00  0.000000e+00  0.000000e+00 
 1.140150e-05 -6.804532e-07  1.106386e-05  0.000000e+00  0.000000e+00  0.000000e+00 
 7.209576e-06 -6.562841e-07  1.151320e-05  0.000000e+00  0.000000e+00  0.000000e+00 
 3.017645e-06 -6.297398e-07  1.196164e-05  0.000000e+00  0.000000e+00  0.000000e+00 
 3.016394e-06 -6.314993e-07  1.196241e-05  0.000000e+00  0.000000e+00  0.000000e+00 
 3.015142e-06 -6.332580e-07  1.196318e-05  0.000000e+00  0.000000e+00  0.000000e+00 
 3.013889e-06 -6.350160e-07  1.196395e-05  0.000000e+00  0.000000e+00  0.000000e+00 
 3.012634e-06 -6.367732e-07  1.196472e-05  0.000000e+00  0.000000e+00  0.000000e+00 
 3.011378e-06 -6.385298e-07  1.196549e-05  0.000000e+00  0.000000e+00  0.000000e+00 
 3.010121e-06 -6.402856e-07  1.196626e-05  0.000000e+00  0.000000e+00  0.000000e+00 
 3.008863e-06 -6.420407e-07  1.196703e-05  0.000000e+00  0.000000e+00  0.000000e+00 
 3.007603e-06 -6.437950e-07  1.196780e-05  0.000000e+00  0.000000e+00  0.000000e+00 
 3.006342e-06 -6.455487e-07  1.196857e-05  0.000000e+00  0.000000e+00  0.000000e+00 
 3.005080e-06 -6.473016e-07  1.196934e-05  0.000000e+00  0.000000e+00  0.000000e+00 
 3.003816e-06 -6.490538e-07  1.197011e-05  0.000000e+00  0.000000e+00  0.000000e+00 
 8.822338e-06  1.978859e-06 -1.335508e-04  0.000000e+00  0.000000e+00  0.000000e+00 
 2.403617e-06  9.936904e-07 -7.713336e-05  0.000000e+00  0.000000e+00  0.000000e+00 
 1.066464e-06  3.858089e-07 -4.355156e-05  0.000000e+00  0.000000e+00  0.000000e+00 
 1.743076e-07 -1.917392e-08 -2.116373e-05  0.000000e+00  0.000000e+00  0.000000e+00 
-2.719586e-07 -2.214633e-07 -9.969878e-06  0.000000e+00  0.000000e+00  0.000000e+00 
-2.714417e-07 -2.212648e-07 -9.969998e-06  0.000000e+00  0.000000e+00  0.000000e+00 
-2.709246e-07 -2.210667e-07 -9.970117e-06  0.000000e+00  0.000000e+00  0.000000e+00 
-2.704073e-07 -2.208689e-07 -9.970237e-06  0.000000e+00  0.000000e+00  0.000000e+00 
-2.698900e-07 -2.206713e-07 -9.970356e-06  0.000000e+00  0.000000e+00  0.000000e+00 
-2.693725e-07 -2.204740e-07 -9.970475e-06  0.000000e+00  0.000000e+00  0.000000e+00 
-2.688548e-07 -2.202771e-07 -9.970594e-06  0.000000e+00  0.000000e+00  0.000000e+00 
-2.683370e-07 -2.200804e-07 -9.970713e-06  0.000000e+00  0.000000e+00  0.000000e+00 
-2.678190e-07 -2.198840e-07 -9.970832e-06  0.000000e+00  0.000000e+00  0.000000e+00 
-2.673010e-07 -2.196879e-07 -9.970951e-06  0.000000e+00  0.000000e+00  0.000000e+00 
-2.667827e-07 -2.194921e-07 -9.971069e-06  0.000000e+00  0.000000e+00  0.000000e+00 
-2.662644e-07 -2.192966e-07 -9.971188e-06  0.000000e+00  0.000000e+00  0.000000e+00 
-2.657459e-07 -2.191013e-07 -9.971306e-06  0.000000e+00  0.000000e+00  0.000000e+00 
-2.652272e-07 -2.189064e-07 -9.971424e-06  0.000000e+00  0.000000e+00  0.000000e+00 
-2.647084e-07 -2.187118e-07 -9.971543e-06  0.000000e+00  0.000000e+00  0.000000e+00 
-2.641895e-07 -2.185174e-07 -9.971661e-06  0.000000e+00  0.000000e+00  0.000000e+00 
-2.636704e-07 -2.183234e-07 -9.971779e-06  0.000000e+00  0.000000e+00  0.000000e+00 
-2.631512e-07 -2.181296e-07 -9.971897e-06  0.000000e+00  0.000000e+00  0.000000e+00 
-6.082418e-06 -2.847601e-06  1.355497e-04  0.000000e+00  0.000000e+00  0.000000e+00 
 3.355563e-07 -1.863991e-06  7.913288e-05  0.000000e+00  0.000000e+00  0.000000e+00 
 1.671962e-06 -1.257666e-06  4.555172e-05  0.000000e+00  0.000000e+00  0.000000e+00 
 2.563369e-06 -8.542403e-07  2.316455e-05  0.000000e+00  0.000000e+00  0.000000e+00 
 3.008885e-06 -6.535072e-07  1.197134e-05  0.000000e+00  0.000000e+00  0.000000e+00 
 3.007617e-06 -6.552616e-07  1.197211e-05  0.000000e+00  0.000000e+00  0.000000e+00 
 3.006348e-06 -6.570152e-07  1.197288e-05  0.000000e+00  0.000000e+00  0.000000e+00 
 3.005077e-06 -6.587680e-07  1.197365e-05  0.000000e+00  0.000000e+00  0.000000e+00 
 3.003805e-06 -6.605202e-07  1.197442e-05  0.000000e+00  0.000000e+00  0.000000e+00 
 3.002532e-06 -6.622716e-07  1.197519e-05  0.000000e+00  0.000000e+00  0.000000e+00 
 3.001257e-06 -6.640223e-07  1.197596e-05  0.000000e+00  0.000000e+00  0.000000e+00 
 2.999981e-06 -6.657722e-07  1.197673e-05  0.000000e+00  0.000000e+00  0.000000e+00 
 2.998704e-06 -6.675214e-07  1.197750e-05  0.000000e+00  0.000000e+00  0.000000e+00 
 2.997426e-06 -6.692698e-07  1.197827e-05  0.000000e+00  0.000000e+00  0.000000e+00 
 2.996146e-06 -6.710176e-07  1.197903e-05  0.000000e+00  0.000000e+00  0.000000e+00 
 2.994865e-06 -6.727646e-07  1.197980e-05  0.000000e+00  0.000000e+00  0.000000e+00 
 2.993583e-06 -6.745108e-07  1.198057e-05  0.000000e+00  0.000000e+00  0.000000e+00 
 8.812087e-06  1.953408e-06 -1.335403e-04  0.000000e+00  0.000000e+00  0.000000e+00 
 2.393349e-06  9.682445e-07 -7.712290e-05  0.000000e+00  0.000000e+00  0.000000e+00 
 1.056179e-06  3.603686e-07 -4.354110e-05  0.000000e+00  0.000000e+00  0.000000e+00 
 1.640050e-07 -4.460839e-08 -2.115327e-05  0.000000e+00  0.000000e+00  0.000000e+00 
-2.822794e-07 -2.468919e-07 -9.959418e-06  0.000000e+00  0.000000e+00  0.000000e+00 
-2.817807e-07 -2.466875e-07 -9.959538e-06  0.000000e+00  0.000000e+00  0.000000e+00 
-2.812818e-07 -2.464835e-07 -9.959658e-06  0.000000e+00  0.000000e+00  0.000000e+00 
-2.807828e-07 -2.462797e-07 -9.959778e-06  0.000000e+00  0.000000e+00  0.000000e+00 
-2.802837e-07 -2.460762e-07 -9.959898e-06  0.000000e+00  0.000000e+00  0.000000e+00 
-2.797844e-07 -2.458730e-07 -9.960018e-06  0.000000e+00  0.000000e+00  0.000000e+00 
-2.792849e-07 -2.456701e-07 -9.960138e-06  0.000000e+00  0.000000e+00  0.000000e+00 
-2.787854e-07 -2.454674e-07 -9.960257e-06  0.000000e+00  0.000000e+00  0.000000e+00 
-2.782856e-07 -2.452651e-07 -9.960377e-06  0.000000e+00  0.000000e+00  0.000000e+00 
-2.777857e-07 -2.450630e-07 -9.960496e-06  0.000000e+00  0.000000e+00  0.000000e+00 
-2.772857e-07 -2.448612e-07 -9.960616e-06  0.000000e+00  0.000000e+00  0.000000e+00 
-2.767856e-07 -2.446597e-07 -9.960735e-06  0.000000e+00  0.000000e+00  0.000000e+00 
-2.762852e-07 -2.444584e-07 -9.960854e-06  0.000000e+00  0.000000e+00  0.000000e+00 
-2.757848e-07 -2.442575e-07 -9.960973e-06  0.000000e+00  0.000000e+00  0.000000e+00 
-2.752842e-07 -2.440568e-07 -9.961092e-06  0.000000e+00  0.000000e+00  0.000000e+00 
-2.747834e-07 -2.438564e-07 -9.961211e-06  0.000000e+00  0.000000e+00  0.000000e+00 
-2.742825e-07 -2.436563e-07 -9.961330e-06  0.000000e+00  0.000000e+00  0.000000e+00 
-2.737815e-07 -2.434565e-07 -9.961448e-06  0.000000e+00  0.000000e+00  0.000000e+00 
-6.093068e-06 -2.872922e-06  1.355601e-04  0.000000e+00  0.000000e+00  0.000000e+00 
 3.248867e-07 -1.889305e-06  7.914332e-05  0.000000e+00  0.000000e+00  0.000000e+00 
 1.661273e-06 -1.282974e-06  4.556217e-05  0.000000e+00  0.000000e+00  0.000000e+00 
 2.552661e-06 -8.795414e-07  2.317499e-05  0.000000e+00  0.000000e+00  0.000000e+00 
 2.998159e-06 -6.788021e-07  1.198179e-05  0.000000e+00  0.000000e+00  0.000000e+00 
 2.996872e-06 -6.805503e-07  1.198256e-05  0.000000e+00  0.000000e+00  0.000000e+00 
 2.995584e-06 -6.822976e-07  1.198333e-05  0.000000e+00  0.000000e+00  0.000000e+00 
 2.994295e-06 -6.840442e-07  1.198410e-05  0.000000e+00  0.000000e+00  0.000000e+00 
 2.993005e-06 -6.857901e-07  1.198486e-05  0.000000e+00  0.000000e+00  0.000000e+00 
 2.991713e-06 -6.875352e-07  1.198563e-05  0.000000e+00  0.000000e+00  0.000000e+00 
 2.990420e-06 -6.892796e-07  1.198640e-05  0.000000e+00  0.000000e+00  0.000000e+00 
 2.989126e-06 -6.910233e-07  1.198717e-05  0.000000e+00  0.000000e+00  0.000000e+00 
 2.987830e-06 -6.927662e-07  1.198794e-05  0.000000e+00  0.000000e+00  0.000000e+00 
 2.986533e-06 -6.945083e-07  1.198871e-05  0.000000e+00  0.000000e+00  0.000000e+00 
 2.985235e-06 -6.962497e-07  1.198947e-05  0.000000e+00  0.000000e+00  0.000000e+00 
 2.983936e-06 -6.979904e-07  1.199024e-05  0.000000e+00  0.000000e+00  0.000000e+00 
 2.982635e-06 -6.997303e-07  1.199101e-05  0.000000e+00  0.000000e+00  0.000000e+00 
 2.981333e-06 -7.014694e-07  1.199178e-05  0.000000e+00  0.000000e+00  0.000000e+00 
 8.799819e-06  1.926456e-06 -1.335291e-04  0.000000e+00  0.000000e+00  0.000000e+00 
 2.381063e-06  9.412991e-07 -7.711170e-05  0.000000e+00  0.000000e+00  0.000000e+00 
-1.372486e-04  1.345830e-06 -2.878606e-05  0.000000e+00  0.000000e+00  0.000000e+00 
-7.902354e-05  7.919931e-07 -2.387664e-05  0.000000e+00  0.000000e+00  0.000000e+00 
-4.594341e-05  3.891923e-07 -1.627402e-05  0.000000e+00  0.000000e+00  0.000000e+00 
-2.543620e-05  5.963827e-08 -7.323905e-06  0.000000e+00  0.000000e+00  0.000000e+00 
-1.286356e-05 -1.794241e-08 -8.669739e-06  0.000000e+00  0.000000e+00  0.000000e+00 
-8.672274e-06 -4.128904e-08 -9.119330e-06  0.000000e+00  0.000000e+00  0.000000e+00 
-4.480986e-06 -6.701041e-08 -9.568028e-06  0.000000e+00  0.000000e+00  0.000000e+00 
-4.480379e-06 -6.442774e-08 -9.569051e-06  0.000000e+00  0.000000e+00  0.000000e+00 
-4.479770e-06 -6.184542e-08 -9.570075e-06  0.000000e+00  0.000000e+00  0.000000e+00 
-4.479159e-06 -5.926345e-08 -9.571098e-06  0.000000e+00  0.000000e+00  0.000000e+00 
-4.478546e-06 -5.668183e-08 -9.572121e-06  0.000000e+00  0.000000e+00  0.000000e+00 
-4.477932e-06 -5.410056e-08 -9.573144e-06  0.000000e+00  0.000000e+00  0.000000e+00 
-4.477315e-06 -5.151966e-08 -9.574167e-06  0.000000e+00  0.000000e+00  0.000000e+00 
-4.476697e-06 -4.893910e-08 -9.575190e-06  0.000000e+00  0.000000e+00  0.000000e+00 
-4.476077e-06 -4.635891e-08 -9.576213e-06  0.000000e+00  0.000000e+00  0.000000e+00 
-4.475455e-06 -4.377907e-08 -9.577236e-06  0.000000e+00  0.000000e+00  0.000000e+00 
-4.474831e-06 -4.119960e-08 -9.578260e-06  0.000000e+00  0.000000e+00  0.000000e+00 
-4.474205e-06 -3.862048e-08 -9.579283e-06  0.000000e+00  0.000000e+00  0.000000e+00 
-4.473578e-06 -3.604173e-08 -9.580306e-06  0.000000e+00  0.000000e+00  0.000000e+00 
-4.472948e-06 -3.346334e-08 -9.581329e-06  0.000000e+00  0.000000e+00  0.000000e+00 
-4.472317e-06 -3.088531e-08 -9.582352e-06  0.000000e+00  0.000000e+00  0.000000e+00 
-4.471684e-06 -2.830765e-08 -9.583375e-06  0.000000e+00  0.000000e+00  0.000000e+00 
-1.029083e-05 -2.655395e-06  1.359373e-04  0.000000e+00  0.000000e+00  0.000000e+00 
-3.872725e-06 -1.669400e-06  7.951959e-05  0.000000e+00  0.000000e+00  0.000000e+00 
-2.536193e-06 -1.060691e-06  4.593753e-05  0.000000e+00  0.000000e+00  0.000000e+00 
-1.644660e-06 -6.548814e-07  2.354944e-05  0.000000e+00  0.000000e+00  0.000000e+00 
-1.199019e-06 -4.517647e-07  1.235533e-05  0.000000e+00  0.000000e+00  0.000000e+00 
-1.200161e-06 -4.511354e-07  1.235519e-05  0.000000e+00  0.000000e+00  0.000000e+00 
-1.201302e-06 -4.505055e-07  1.235506e-05  0.000000e+00  0.000000e+00  0.000000e+00 
-1.202442e-06 -4.498750e-07  1.235492e-05  0.000000e+00  0.000000e+00  0.000000e+00 
-1.203583e-06 -4.492438e-07  1.235478e-05  0.000000e+00  0.000000e+00  0.000000e+00 
-1.204722e-06 -4.486120e-07  1.235464e-05  0.000000e+00  0.000000e+00  0.000000e+00 
-1.205862e-06 -4.479795e-07  1.235451e-05  0.000000e+00  0.000000e+00  0.000000e+00 
-1.207001e-06 -4.473464e-07  1.235437e-05  0.000000e+00  0.000000e+00  0.000000e+00 
-1.208139e-06 -4.467126e-07  1.235423e-05  0.000000e+00  0.000000e+00  0.000000e+00 
-1.209277e-06 -4.460782e-07  1.235409e-05  0.000000e+00  0.000000e+00  0.000000e+00 
-1.210415e-06 -4.454431e-07  1.235395e-05  0.000000e+00  0.000000e+00  0.000000e+00 
-1.211552e-06 -4.448074e-07  1.235381e-05  0.000000e+00  0.000000e+00  0.000000e+00 
-1.212688e-06 -4.441710e-07  1.235367e-05  0.000000e+00  0.000000e+00  0.000000e+00 
 4.605954e-06  2.186130e-06 -1.331681e-04  0.000000e+00  0.000000e+00  0.000000e+00 
-1.812649e-06  1.203348e-06 -7.675162e-05  0.000000e+00  0.000000e+00  0.000000e+00 
-3.149678e-06  5.978543e-07 -4.317073e-05  0.000000e+00  0.000000e+00  0.000000e+00 
-4.041705e-06  1.952593e-07 -2.078381e-05  0.000000e+00  0.000000e+00  0.000000e+00 
-4.487839e-06 -4.642187e-09 -9.590860e-06  0.000000e+00  0.000000e+00  0.000000e+00 
-4.487187e-06 -2.055884e-09 -9.591888e-06  0.000000e+00  0.000000e+00  0.000000e+00 
-4.486533e-06  5.300425e-10 -9.592916e-06  0.000000e+00  0.000000e+00  0.000000e+00 
-4.485878e-06  3.115592e-09 -9.593944e-06  0.000000e+00  0.000000e+00  0.000000e+00 
 1.338073e-04 -1.006699e-06 -2.433883e-05  0.000000e+00  0.000000e+00  0.000000e+00 
 7.469066e-05 -8.552480e-07 -6.861473e-06  0.000000e+00  0.000000e+00  0.000000e+00 
 4.116489e-05 -6.521394e-07 -3.271273e-06  0.000000e+00  0.000000e+00  0.000000e+00 
 2.440182e-05 -5.527506e-07 -1.475343e-06  0.000000e+00  0.000000e+00  0.000000e+00 
 1.182943e-05 -4.745428e-07 -1.297643e-07  0.000000e+00  0.000000e+00  0.000000e+00 
 7.638399e-06 -4.505691e-07  3.195703e-07  0.000000e+00  0.000000e+00  0.000000e+00 
 3.447363e-06 -4.242209e-07  7.680124e-07  0.000000e+00  0.000000e+00  0.000000e+00 
 3.447007e-06 -4.261768e-07  7.687787e-07  0.000000e+00  0.000000e+00  0.000000e+00 
 3.446650e-06 -4.281326e-07  7.695451e-07  0.000000e+00  0.000000e+00  0.000000e+00 
 3.446291e-06 -4.300881e-07  7.703116e-07  0.000000e+00  0.000000e+00  0.000000e+00 
 3.445931e-06 -4.320435e-07  7.710781e-07  0.000000e+00  0.000000e+00  0.000000e+00 
 3.445570e-06 -4.339986e-07  7.718447e-07  0.000000e+00  0.000000e+00  0.000000e+00 
 3.445207e-06 -4.359535e-07  7.726113e-07  0.000000e+00  0.000000e+00  0.000000e+00 
 3.444842e-06 -4.379082e-07  7.733780e-07  0.000000e+00  0.000000e+00  0.000000e+00 
 3.444477e-06 -4.398626e-07  7.741447e-07  0.000000e+00  0.000000e+00  0.000000e+00 
 3.444110e-06 -4.418169e-07  7.749115e-07  0.000000e+00  0.000000e+00  0.000000e+00 
 3.443741e-06 -4.437710e-07  7.756783e-07  0.000000e+00  0.000000e+00  0.000000e+00 
 3.443371e-06 -4.457248e-07  7.764452e-07  0.000000e+00  0.000000e+00  0.000000e+00 
 3.443000e-06 -4.476784e-07  7.772121e-07  0.000000e+00  0.000000e+00  0.000000e+00 
 3.442627e-06 -4.496318e-07  7.779791e-07  0.000000e+00  0.000000e+00  0.000000e+00 
 3.442253e-06 -4.515850e-07  7.787462e-07  0.000000e+00  0.000000e+00  0.000000e+00 
 3.441877e-06 -4.535379e-07  7.795133e-07  0.000000e+00  0.000000e+00  0.000000e+00 
 3.441500e-06 -4.554907e-07  7.802804e-07  0.000000e+00  0.000000e+00  0.000000e+00 
 3.441122e-06 -4.574432e-07  7.810476e-07  0.000000e+00  0.000000e+00  0.000000e+00 
 3.440742e-06 -4.593955e-07  7.818148e-07  0.000000e+00  0.000000e+00  0.000000e+00 
 3.440360e-06 -4.613475e-07  7.825821e-07  0.000000e+00  0.000000e+00  0.000000e+00 
 3.439978e-06 -4.632994e-07  7.833495e-07  0.000000e+00  0.000000e+00  0.000000e+00 
 3.439594e-06 -4.652510e-07  7.841169e-07  0.000000e+00  0.000000e+00  0.000000e+00 
 3.439208e-06 -4.672024e-07  7.848843e-07  0.000000e+00  0.000000e+00  0.000000e+00 
 3.438821e-06 -4.691536e-07  7.856518e-07  0.000000e+00  0.000000e+00  0.000000e+00 
 3.438433e-06 -4.711045e-07  7.864194e-07  0.000000e+00  0.000000e+00  0.000000e+00 
 3.438043e-06 -4.730552e-07  7.871870e-07  0.000000e+00  0.000000e+00  0.000000e+00 
 3.437652e-06 -4.750057e-07  7.879546e-07  0.000000e+00  0.000000e+00  0.000000e+00 
 3.437259e-06 -4.769560e-07  7.887223e-07  0.000000e+00  0.000000e+00  0.000000e+00 
 3.436865e-06 -4.789060e-07  7.894900e-07  0.000000e+00  0.000000e+00  0.000000e+00 
 3.436470e-06 -4.808558e-07  7.902578e-07  0.000000e+00  0.000000e+00  0.000000e+00 
 3.436073e-06 -4.828054e-07  7.910256e-07  0.000000e+00  0.000000e+00  0.000000e+00 
 3.435675e-06 -4.847547e-07  7.917935e-07  0.000000e+00  0.000000e+00  0.000000e+00 
 3.435275e-06 -4.867038e-07  7.925614e-07  0.000000e+00  0.000000e+00  0.000000e+00 
 3.434874e-06 -4.886527e-07  7.933294e-07  0.000000e+00  0.000000e+00  0.000000e+00 
 3.434472e-06 -4.906013e-07  7.940974e-07  0.000000e+00  0.000000e+00  0.000000e+00 
 3.434068e-06 -4.925497e-07  7.948655e-07  0.000000e+00  0.000000e+00  0.000000e+00 
 3.433663e-06 -4.944978e-07  7.956336e-07  0.000000e+00  0.000000e+00  0.000000e+00 
 3.433256e-06 -4.964458e-07  7.964017e-07  0.000000e+00  0.000000e+00  0.000000e+00 
 3.432848e-06 -4.983934e-07  7.971699e-07  0.000000e+00  0.000000e+00  0.000000e+00 
 3.432439e-06 -5.003409e-07  7.979382e-07  0.000000e+00  0.000000e+00  0.000000e+00 
 3.432028e-06 -5.022881e-07  7.987064e-07  0.000000e+00  0.000000e+00  0.000000e+00 
 3.431615e-06 -5.042350e-07  7.994748e-07  0.000000e+00  0.000000e+00  0.000000e+00 
-1.348613e-04  5.062182e-07  1.554408e-05  0.000000e+00  0.000000e+00  0.000000e+00 
-7.574444e-05  3.554050e-07 -1.933560e-06  0.000000e+00  0.000000e+00  0.000000e+00 
-4.221842e-05  1.529344e-07 -5.524023e-06  0.000000e+00  0.000000e+00  0.000000e+00 
-2.545511e-05  5.418358e-08 -7.320213e-06  0.000000e+00  0.000000e+00  0.000000e+00 
-1.288247e-05 -2.338643e-08 -8.666051e-06  0.000000e+00  0.000000e+00  0.000000e+00 
-8.691189e-06 -4.672239e-08 -9.115645e-06  0.000000e+00  0.000000e+00  0.000000e+00 
-4.499906e-06 -7.243310e-08 -9.564347e-06  0.000000e+00  0.000000e+00  0.000000e+00 
-4.499302e-06 -6.983976e-08 -9.565374e-06  0.000000e+00  0.000000e+00  0.000000e+00 
-4.498697e-06 -6.724676e-08 -9.566401e-06  0.000000e+00  0.000000e+00  0.000000e+00 
-4.498090e-06 -6.465412e-08 -9.567428e-06  0.000000e+00  0.000000e+00  0.000000e+00 
-4.497481e-06 -6.206183e-08 -9.568455e-06  0.000000e+00  0.000000e+00  0.000000e+00 
-4.496871e-06 -5.946989e-08 -9.569481e-06  0.000000e+00  0.000000e+00  0.000000e+00 
-4.496258e-06 -5.687830e-08 -9.570508e-06  0.000000e+00  0.000000e+00  0.000000e+00 
-4.495644e-06 -5.428707e-08 -9.571535e-06  0.000000e+00  0.000000e+00  0.000000e+00 
-4.495027e-06 -5.169619e-08 -9.572562e-06  0.000000e+00  0.000000e+00  0.000000e+00 
-4.494409e-06 -4.910567e-08 -9.573589e-06  0.000000e+00  0.000000e+00  0.000000e+00 
-4.493789e-06 -4.651550e-08 -9.574616e-06  0.000000e+00  0.000000e+00  0.000000e+00 
-4.493167e-06 -4.392570e-08 -9.575643e-06  0.000000e+00  0.000000e+00  0.000000e+00 
-4.492544e-06 -4.133625e-08 -9.576670e-06  0.000000e+00  0.000000e+00  0.000000e+00 
-1.031170e-05 -2.668411e-06  1.359440e-04  0.000000e+00  0.000000e+00  0.000000e+00 
-3.893605e-06 -1.682403e-06  7.952629e-05  0.000000e+00  0.000000e+00  0.000000e+00 
-2.557083e-06 -1.073682e-06  4.594422e-05  0.000000e+00  0.000000e+00  0.000000e+00 
-1.665560e-06 -6.678602e-07  2.355613e-05  0.000000e+00  0.000000e+00  0.000000e+00 
-1.219928e-06 -4.647314e-07  1.236202e-05  0.000000e+00  0.000000e+00  0.000000e+00 
-1.221079e-06 -4.640902e-07  1.236188e-05  0.000000e+00  0.000000e+00  0.000000e+00 
-1.222230e-06 -4.634483e-07  1.236174e-05  0.000000e+00  0.000000e+00  0.000000e+00 
-1.223380e-06 -4.628058e-07  1.236160e-05  0.000000e+00  0.000000e+00  0.000000e+00 
-1.224530e-06 -4.621626e-07  1.236145e-05  0.000000e+00  0.000000e+00  0.000000e+00 
-1.225679e-06 -4.615187e-07  1.236131e-05  0.000000e+00  0.000000e+00  0.000000e+00 
-1.226828e-06 -4.608742e-07  1.236117e-05  0.000000e+00  0.000000e+00  0.000000e+00 
-1.227977e-06 -4.602290e-07  1.236103e-05  0.000000e+00  0.000000e+00  0.000000e+00 
-1.229124e-06 -4.595832e-07  1.236089e-05  0.000000e+00  0.000000e+00  0.000000e+00 
-1.230272e-06 -4.589367e-07  1.236074e-05  0.000000e+00  0.000000e+00  0.000000e+00 
-1.231419e-06 -4.582896e-07  1.236060e-05  0.000000e+00  0.000000e+00  0.000000e+00 
-1.232565e-06 -4.576418e-07  1.236046e-05  0.000000e+00  0.000000e+00  0.000000e+00 
-1.233711e-06 -4.569934e-07  1.236031e-05  0.000000e+00  0.000000e+00  0.000000e+00 
 4.584922e-06  2.173319e-06 -1.331615e-04  0.000000e+00  0.000000e+00  0.000000e+00 
-1.833690e-06  1.190548e-06 -7.674499e-05  0.000000e+00  0.000000e+00  0.000000e+00 
-3.170727e-06  5.850659e-07 -4.316410e-05  0.000000e+00  0.000000e+00  0.000000e+00 
-4.062763e-06  1.824826e-07 -2.077718e-05  0.000000e+00  0.000000e+00  0.000000e+00 
-4.508906e-06 -1.740703e-08 -9.584236e-06  0.000000e+00  0.000000e+00  0.000000e+00 
-3.175817e-07 -4.548762e-08 -1.003205e-05  0.000000e+00  0.000000e+00  0.000000e+00 
-3.169389e-07 -4.526417e-08 -1.003219e-05  0.000000e+00  0.000000e+00  0.000000e+00 
-3.162960e-07 -4.504109e-08 -1.003233e-05  0.000000e+00  0.000000e+00  0.000000e+00 
-3.156529e-07 -4.481837e-08 -1.003247e-05  0.000000e+00  0.000000e+00  0.000000e+00 
-3.150096e-07 -4.459601e-08 -1.003261e-05  0.000000e+00  0.000000e+00  0.000000e+00 
-3.143662e-07 -4.437401e-08 -1.003275e-05  0.000000e+00  0.000000e+00  0.000000e+00 
-3.137226e-07 -4.415238e-08 -1.003289e-05  0.000000e+00  0.000000e+00  0.000000e+00 
-3.130788e-07 -4.393111e-08 -1.003303e-05  0.000000e+00  0.000000e+00  0.000000e+00 
-3.124349e-07 -4.371021e-08 -1.003317e-05  0.000000e+00  0.000000e+00  0.000000e+00 
-3.117908e-07 -4.348966e-08 -1.003330e-05  0.000000e+00  0.000000e+00  0.000000e+00 
-3.111466e-07 -4.326948e-08 -1.003344e-05  0.000000e+00  0.000000e+00  0.000000e+00 
-3.105022e-07 -4.304967e-08 -1.003358e-05  0.000000e+00  0.000000e+00  0.000000e+00 
-3.098576e-07 -4.283021e-08 -1.003372e-05  0.000000e+00  0.000000e+00  0.000000e+00 
-3.092129e-07 -4.261112e-08 -1.003386e-05  0.000000e+00  0.000000e+00  0.000000e+00 
-3.085680e-07 -4.239240e-08 -1.003400e-05  0.000000e+00  0.000000e+00  0.000000e+00 
-3.079230e-07 -4.217403e-08 -1.003413e-05  0.000000e+00  0.000000e+00  0.000000e+00 
-3.072778e-07 -4.195603e-08 -1.003427e-05  0.000000e+00  0.000000e+00  0.000000e+00 
-6.126411e-06 -2.671402e-06  1.354873e-04  0.000000e+00  0.000000e+00  0.000000e+00 
 2.917021e-07 -1.687766e-06  7.907046e-05  0.000000e+00  0.000000e+00  0.000000e+00 
 1.628241e-06 -1.081416e-06  4.548929e-05  0.000000e+00  0.000000e+00  0.000000e+00 
 2.519780e-06 -6.779652e-07  2.310209e-05  0.000000e+00  0.000000e+00  0.000000e+00 
 2.965425e-06 -4.772078e-07  1.190886e-05  0.000000e+00  0.000000e+00  0.000000e+00 
 2.964285e-06 -4.789380e-07  1.190961e-05  0.000000e+00  0.000000e+00  0.000000e+00 
 2.963144e-06 -4.806675e-07  1.191036e-05  0.000000e+00  0.000000e+00  0.000000e+00 
 2.962002e-06 -4.823964e-07  1.191111e-05  0.000000e+00  0.000000e+00  0.000000e+00 
 2.960859e-06 -4.841246e-07  1.191186e-05  0.000000e+00  0.000000e+00  0.000000e+00 
 2.959714e-06 -4.858521e-07  1.191261e-05  0.000000e+00  0.000000e+00  0.000000e+00 
 2.958568e-06 -4.875790e-07  1.191335e-05  0.000000e+00  0.000000e+00  0.000000e+00 
 2.957421e-06 -4.893052e-07  1.191410e-05  0.000000e+00  0.000000e+00  0.000000e+00 
 2.956272e-06 -4.910308e-07  1.191485e-05  0.000000e+00  0.000000e+00  0.000000e+00 
 2.955123e-06 -4.927557e-07  1.191560e-05  0.000000e+00  0.000000e+00  0.000000e+00 
 2.953972e-06 -4.944799e-07  1.191635e-05  0.000000e+00  0.000000e+00  0.000000e+00 
 2.952819e-06 -4.962034e-07  1.191709e-05  0.000000e+00  0.000000e+00  0.000000e+00 
 2.951666e-06 -4.979263e-07  1.191784e-05  0.000000e+00  0.000000e+00  0.000000e+00 
 2.950511e-06 -4.996486e-07  1.191859e-05  0.000000e+00  0.000000e+00  0.000000e+00 
 8.769135e-06  2.128293e-06 -1.336023e-04  0.000000e+00  0.000000e+00  0.000000e+00 
 2.350512e-06  1.143151e-06 -7.718493e-05  0.000000e+00  0.000000e+00  0.000000e+00 
 1.013461e-06  5.352980e-07 -4.360314e-05  0.000000e+00  0.000000e+00  0.000000e+00 
 1.214099e-07  1.303440e-07 -2.121534e-05  0.000000e+00  0.000000e+00  0.000000e+00 
-3.247499e-07 -7.191625e-08 -1.002150e-05  0.000000e+00  0.000000e+00  0.000000e+00 
-3.241261e-07 -7.168867e-08 -1.002164e-05  0.000000e+00  0.000000e+00  0.000000e+00 
-3.235021e-07 -7.146145e-08 -1.002178e-05  0.000000e+00  0.000000e+00  0.000000e+00 
-3.228779e-07 -7.123457e-08 -1.002192e-05  0.000000e+00  0.000000e+00  0.000000e+00 
-3.222535e-07 -7.100805e-08 -1.002206e-05  0.000000e+00  0.000000e+00  0.000000e+00 
-3.216290e-07 -7.078188e-08 -1.002220e-05  0.000000e+00  0.000000e+00  0.000000e+00 
-3.210044e-07 -7.055606e-08 -1.002234e-05  0.000000e+00  0.000000e+00  0.000000e+00 
-3.203795e-07 -7.033060e-08 -1.002248e-05  0.000000e+00  0.000000e+00  0.000000e+00 
-3.197546e-07 -7.010548e-08 -1.002262e-05  0.000000e+00  0.000000e+00  0.000000e+00 
-3.191294e-07 -6.988072e-08 -1.002275e-05  0.000000e+00  0.000000e+00  0.000000e+00 
-3.185041e-07 -6.965632e-08 -1.002289e-05  0.000000e+00  0.000000e+00  0.000000e+00 
-3.178786e-07 -6.943226e-08 -1.002303e-05  0.000000e+00  0.000000e+00  0.000000e+00 
-3.172530e-07 -6.920856e-08 -1.002317e-05  0.000000e+00  0.000000e+00  0.000000e+00 
-3.166271e-07 -6.898521e-08 -1.002331e-05  0.000000e+00  0.000000e+00  0.000000e+00 
-3.160012e-07 -6.876221e-08 -1.002345e-05  0.000000e+00  0.000000e+00  0.000000e+00 
-3.153750e-07 -6.853957e-08 -1.002358e-05  0.000000e+00  0.000000e+00  0.000000e+00 
-3.147488e-07 -6.831728e-08 -1.002372e-05  0.000000e+00  0.000000e+00  0.000000e+00 
-3.141223e-07 -6.809534e-08 -1.002386e-05  0.000000e+00  0.000000e+00  0.000000e+00 
-6.133276e-06 -2.697537e-06  1.354977e-04  0.000000e+00  0.000000e+00  0.000000e+00 
 2.848171e-07 -1.713896e-06  7.908087e-05  0.000000e+00  0.000000e+00  0.000000e+00 
 1.621336e-06 -1.107543e-06  4.549970e-05  0.000000e+00  0.000000e+00  0.000000e+00 
 2.512855e-06 -7.040877e-07  2.311250e-05  0.000000e+00  0.000000e+00  0.000000e+00 
 2.958481e-06 -5.033263e-07  1.191928e-05  0.000000e+00  0.000000e+00  0.000000e+00 
 2.957322e-06 -5.050524e-07  1.192003e-05  0.000000e+00  0.000000e+00  0.000000e+00 
 2.956163e-06 -5.067778e-07  1.192077e-05  0.000000e+00  0.000000e+00  0.000000e+00 
 2.955001e-06 -5.085026e-07  1.192152e-05  0.000000e+00  0.000000e+00  0.000000e+00 
 2.953839e-06 -5.102267e-07  1.192227e-05  0.000000e+00  0.000000e+00  0.000000e+00 
 2.952675e-06 -5.119501e-07  1.192302e-05  0.000000e+00  0.000000e+00  0.000000e+00 
 2.951510e-06 -5.136729e-07  1.192377e-05  0.000000e+00  0.000000e+00  0.000000e+00 
 2.950344e-06 -5.153950e-07  1.192452e-05  0.000000e+00  0.000000e+00  0.000000e+00 
 2.949176e-06 -5.171164e-07  1.192527e-05  0.000000e+00  0.000000e+00  0.000000e+00 
 2.948007e-06 -5.188371e-07  1.192601e-05  0.000000e+00  0.000000e+00  0.000000e+00 
 2.946837e-06 -5.205572e-07  1.192676e-05  0.000000e+00  0.000000e+00  0.000000e+00 
 2.945666e-06 -5.222766e-07  1.192751e-05  0.000000e+00  0.000000e+00  0.000000e+00 
 2.944493e-06 -5.239953e-07  1.192826e-05  0.000000e+00  0.000000e+00  0.000000e+00 
 2.943320e-06 -5.257133e-07  1.192900e-05  0.000000e+00  0.000000e+00  0.000000e+00 
 8.761926e-06  2.102232e-06 -1.335919e-04  0.000000e+00  0.000000e+00  0.000000e+00 
 2.343286e-06  1.117094e-06 -7.717451e-05  0.000000e+00  0.000000e+00  0.000000e+00 
 1.006217e-06  5.092452e-07 -4.359273e-05  0.000000e+00  0.000000e+00  0.000000e+00 
 1.141473e-07  1.042953e-07 -2.120492e-05  0.000000e+00  0.000000e+00  0.000000e+00 
-3.320311e-07 -9.796084e-08 -1.001108e-05  0.000000e+00  0.000000e+00  0.000000e+00 
-3.314259e-07 -9.772907e-08 -1.001122e-05  0.000000e+00  0.000000e+00  0.000000e+00 
-3.308206e-07 -9.749764e-08 -1.001136e-05  0.000000e+00  0.000000e+00  0.000000e+00 
-3.302151e-07 -9.726655e-08 -1.001150e-05  0.000000e+00  0.000000e+00  0.000000e+00 
-3.296094e-07 -9.703580e-08 -1.001164e-05  0.000000e+00  0.000000e+00  0.000000e+00 
-3.290036e-07 -9.680539e-08 -1.001178e-05  0.000000e+00  0.000000e+00  0.000000e+00 
-3.283975e-07 -9.657533e-08 -1.001192e-05  0.000000e+00  0.000000e+00  0.000000e+00 
-3.277914e-07 -9.634560e-08 -1.001206e-05  0.000000e+00  0.000000e+00  0.000000e+00 
-3.271850e-07 -9.611622e-08 -1.001220e-05  0.000000e+00  0.000000e+00  0.000000e+00 
-3.265785e-07 -9.588718e-08 -1.001234e-05  0.000000e+00  0.000000e+00  0.000000e+00 
-3.259718e-07 -9.565849e-08 -1.001248e-05  0.000000e+00  0.000000e+00  0.000000e+00 
-3.253650e-07 -9.543013e-08 -1.001261e-05  0.000000e+00  0.000000e+00  0.000000e+00 
-3.247580e-07 -9.520212e-08 -1.001275e-05  0.000000e+00  0.000000e+00  0.000000e+00 
-3.241508e-07 -9.497445e-08 -1.001289e-05  0.000000e+00  0.000000e+00  0.000000e+00 
-3.235435e-07 -9.474712e-08 -1.001303e-05  0.000000e+00  0.000000e+00  0.000000e+00 
-3.229360e-07 -9.452014e-08 -1.001317e-05  0.000000e+00  0.000000e+00  0.000000e+00 
-3.223283e-07 -9.429350e-08 -1.001331e-05  0.000000e+00  0.000000e+00  0.000000e+00 
-3.217205e-07 -9.406720e-08 -1.001344e-05  0.000000e+00  0.000000e+00  0.000000e+00 
-6.140894e-06 -2.723505e-06  1.355081e-04  0.000000e+00  0.000000e+00  0.000000e+00 
 2.771786e-07 -1.739859e-06  7.909129e-05  0.000000e+00  0.000000e+00  0.000000e+00 
 1.613678e-06 -1.133501e-06  4.551012e-05  0.000000e+00  0.000000e+00  0.000000e+00 
 2.505178e-06 -7.300411e-07  2.312292e-05  0.000000e+00  0.000000e+00  0.000000e+00 
 2.950785e-06 -5.292751e-07  1.192969e-05  0.000000e+00  0.000000e+00  0.000000e+00 
 2.949607e-06 -5.309967e-07  1.193044e-05  0.000000e+00  0.000000e+00  0.000000e+00 
 2.948428e-06 -5.327177e-07  1.193119e-05  0.000000e+00  0.000000e+00  0.000000e+00 
 2.947248e-06 -5.344379e-07  1.193194e-05  0.000000e+00  0.000000e+00  0.000000e+00 
 2.946066e-06 -5.361575e-07  1.193269e-05  0.000000e+00  0.000000e+00  0.000000e+00 
 2.944884e-06 -5.378764e-07  1.193344e-05  0.000000e+00  0.000000e+00  0.000000e+00 
 2.943700e-06 -5.395946e-07  1.193419e-05  0.000000e+00  0.000000e+00  0.000000e+00 
 2.942514e-06 -5.413121e-07  1.193494e-05  0.000000e+00  0.000000e+00  0.000000e+00 
 2.941328e-06 -5.430289e-07  1.193568e-05  0.000000e+00  0.000000e+00  0.000000e+00 
 2.940140e-06 -5.447451e-07  1.193643e-05  0.000000e+00  0.000000e+00  0.000000e+00 
 2.938951e-06 -5.464605e-07  1.193718e-05  0.000000e+00  0.000000e+00  0.000000e+00 
 2.937761e-06 -5.481753e-07  1.193793e-05  0.000000e+00  0.000000e+00  0.000000e+00 
 2.936570e-06 -5.498894e-07  1.193868e-05  0.000000e+00  0.000000e+00  0.000000e+00 
 8.755159e-06  2.078060e-06 -1.335822e-04  0.000000e+00  0.000000e+00  0.000000e+00 
 2.336503e-06  1.092926e-06 -7.716484e-05  0.000000e+00  0.000000e+00  0.000000e+00 
 9.994178e-07  4.850802e-07 -4.358306e-05  0.000000e+00  0.000000e+00  0.000000e+00 
 1.073311e-07  8.013418e-08 -2.119525e-05  0.000000e+00  0.000000e+00  0.000000e+00 
-3.388645e-07 -1.221180e-07 -1.000141e-05  0.000000e+00  0.000000e+00  0.000000e+00 
-3.382766e-07 -1.218823e-07 -1.000155e-05  0.000000e+00  0.000000e+00  0.000000e+00 
-3.376886e-07 -1.216469e-07 -1.000169e-05  0.000000e+00  0.000000e+00  0.000000e+00 
-3.371004e-07 -1.214119e-07 -1.000183e-05  0.000000e+00  0.000000e+00  0.000000e+00 
-3.365121e-07 -1.211772e-07 -1.000197e-05  0.000000e+00  0.000000e+00  0.000000e+00 
-3.359235e-07 -1.209428e-07 -1.000211e-05  0.000000e+00  0.000000e+00  0.000000e+00 
-3.353348e-07 -1.207087e-07 -1.000225e-05  0.000000e+00  0.000000e+00  0.000000e+00 
-3.347459e-07 -1.204750e-07 -1.000239e-05  0.000000e+00  0.000000e+00  0.000000e+00 
-3.341569e-07 -1.202416e-07 -1.000253e-05  0.000000e+00  0.000000e+00  0.000000e+00 
-3.335677e-07 -1.200086e-07 -1.000267e-05  0.000000e+00  0.000000e+00  0.000000e+00 
-3.329783e-07 -1.197759e-07 -1.000280e-05  0.000000e+00  0.000000e+00  0.000000e+00 
-3.323888e-07 -1.195435e-07 -1.000294e-05  0.000000e+00  0.000000e+00  0.000000e+00 
-3.317990e-07 -1.193114e-07 -1.000308e-05  0.000000e+00  0.000000e+00  0.000000e+00 
-3.312091e-07 -1.190797e-07 -1.000322e-05  0.000000e+00  0.000000e+00  0.000000e+00 
-3.306191e-07 -1.188483e-07 -1.000336e-05  0.000000e+00  0.000000e+00  0.000000e+00 
-3.300289e-07 -1.186173e-07 -1.000350e-05  0.000000e+00  0.000000e+00  0.000000e+00 
-3.294385e-07 -1.183865e-07 -1.000363e-05  0.000000e+00  0.000000e+00  0.000000e+00 
-6.148630e-06 -2.747819e-06  1.355179e-04  0.000000e+00  0.000000e+00  0.000000e+00 
 2.694229e-07 -1.764169e-06  7.910110e-05  0.000000e+00  0.000000e+00  0.000000e+00 
 1.605904e-06 -1.157806e-06  4.551993e-05  0.000000e+00  0.000000e+00  0.000000e+00 
 2.497385e-06 -7.543416e-07  2.313273e-05  0.000000e+00  0.000000e+00  0.000000e+00 
 2.942974e-06 -5.535711e-07  1.193950e-05  0.000000e+00  0.000000e+00  0.000000e+00 
 2.941779e-06 -5.552882e-07  1.194025e-05  0.000000e+00  0.000000e+00  0.000000e+00 
 2.940582e-06 -5.570045e-07  1.194100e-05  0.000000e+00  0.000000e+00  0.000000e+00 
 2.939384e-06 -5.587202e-07  1.194175e-05  0.000000e+00  0.000000e+00  0.000000e+00 
 2.938185e-06 -5.604352e-07  1.194250e-05  0.000000e+00  0.000000e+00  0.000000e+00 
 2.936985e-06 -5.621495e-07  1.194325e-05  0.000000e+00  0.000000e+00  0.000000e+00 
 2.935783e-06 -5.638631e-07  1.194400e-05  0.000000e+00  0.000000e+00  0.000000e+00 
 2.934580e-06 -5.655760e-07  1.194474e-05  0.000000e+00  0.000000e+00  0.000000e+00 
 2.933376e-06 -5.672882e-07  1.194549e-05  0.000000e+00  0.000000e+00  0.000000e+00 
 2.932170e-06 -5.689997e-07  1.194624e-05  0.000000e+00  0.000000e+00  0.000000e+00 
 2.930964e-06 -5.707105e-07  1.194699e-05  0.000000e+00  0.000000e+00  0.000000e+00 
 2.929756e-06 -5.724206e-07  1.194774e-05  0.000000e+00  0.000000e+00  0.000000e+00 
 2.928547e-06 -5.741301e-07  1.194848e-05  0.000000e+00  0.000000e+00  0.000000e+00 
 8.747119e-06  2.053823e-06 -1.335724e-04  0.000000e+00  0.000000e+00  0.000000e+00 
 2.328447e-06  1.068694e-06 -7.715503e-05  0.000000e+00  0.000000e+00  0.000000e+00 
 9.913456e-07  4.608528e-07 -4.357325e-05  0.000000e+00  0.000000e+00  0.000000e+00 
 9.924186e-08  5.591129e-08 -2.118544e-05  0.000000e+00  0.000000e+00  0.000000e+00 
-3.469710e-07 -1.463363e-07 -9.991606e-06  0.000000e+00  0.000000e+00  0.000000e+00 
-3.464006e-07 -1.460959e-07 -9.991746e-06  0.000000e+00  0.000000e+00  0.000000e+00 
-3.458299e-07 -1.458559e-07 -9.991885e-06  0.000000e+00  0.000000e+00  0.000000e+00 
-3.452591e-07 -1.456162e-07 -9.992025e-06  0.000000e+00  0.000000e+00  0.000000e+00 
-3.446881e-07 -1.453768e-07 -9.992165e-06  0.000000e+00  0.000000e+00  0.000000e+00 
-3.441169e-07 -1.451377e-07 -9.992304e-06  0.000000e+00  0.000000e+00  0.000000e+00 
-3.435455e-07 -1.448990e-07 -9.992444e-06  0.000000e+00  0.000000e+00  0.000000e+00 
-3.429740e-07 -1.446605e-07 -9.992583e-06  0.000000e+00  0.000000e+00  0.000000e+00 
-3.424023e-07 -1.444224e-07 -9.992722e-06  0.000000e+00  0.000000e+00  0.000000e+00 
-3.418304e-07 -1.441846e-07 -9.992861e-06  0.000000e+00  0.000000e+00  0.000000e+00 
-3.412584e-07 -1.439472e-07 -9.993000e-06  0.000000e+00  0.000000e+00  0.000000e+00 
-3.406862e-07 -1.437100e-07 -9.993139e-06  0.000000e+00  0.000000e+00  0.000000e+00 
-3.401138e-07 -1.434732e-07 -9.993278e-06  0.000000e+00  0.000000e+00  0.000000e+00 
-3.395412e-07 -1.432367e-07 -9.993417e-06  0.000000e+00  0.000000e+00  0.000000e+00 
-3.389685e-07 -1.430006e-07 -9.993555e-06  0.000000e+00  0.000000e+00  0.000000e+00 
-3.383956e-07 -1.427647e-07 -9.993694e-06  0.000000e+00  0.000000e+00  0.000000e+00 
-3.378225e-07 -1.425292e-07 -9.993832e-06  0.000000e+00  0.000000e+00  0.000000e+00 
-6.157033e-06 -2.771957e-06  1.355277e-04  0.000000e+00  0.000000e+00  0.000000e+00 
 2.610015e-07 -1.788301e-06  7.911090e-05  0.000000e+00  0.000000e+00  0.000000e+00 
 1.597464e-06 -1.181933e-06  4.552973e-05  0.000000e+00  0.000000e+00  0.000000e+00 
 2.488927e-06 -7.784640e-07  2.314253e-05  0.000000e+00  0.000000e+00  0.000000e+00 
 2.934499e-06 -5.776885e-07  1.194930e-05  0.000000e+00  0.000000e+00  0.000000e+00 
 2.933286e-06 -5.794006e-07  1.195005e-05  0.000000e+00  0.000000e+00  0.000000e+00 
 2.932072e-06 -5.811120e-07  1.195080e-05  0.000000e+00  0.000000e+00  0.000000e+00 
 2.930856e-06 -5.828227e-07  1.195155e-05  0.000000e+00  0.000000e+00  0.000000e+00 
 2.929639e-06 -5.845327e-07  1.195230e-05  0.000000e+00  0.000000e+00  0.000000e+00 
 2.928421e-06 -5.862420e-07  1.195305e-05  0.000000e+00  0.000000e+00  0.000000e+00 
 2.927202e-06 -5.879507e-07  1.195380e-05  0.000000e+00  0.000000e+00  0.000000e+00 
 2.925981e-06 -5.896586e-07  1.195454e-05  0.000000e+00  0.000000e+00  0.000000e+00 
 2.924759e-06 -5.913658e-07  1.195529e-05  0.000000e+00  0.000000e+00  0.000000e+00 
 2.923536e-06 -5.930723e-07  1.195604e-05  0.000000e+00  0.000000e+00  0.000000e+00 
 2.922312e-06 -5.947780e-07  1.195679e-05  0.000000e+00  0.000000e+00  0.000000e+00 
 2.921087e-06 -5.964831e-07  1.195753e-05  0.000000e+00  0.000000e+00  0.000000e+00 
 2.919860e-06 -5.981875e-07  1.195828e-05  0.000000e+00  0.000000e+00  0.000000e+00 
 8.738416e-06  2.029771e-06 -1.335626e-04  0.000000e+00  0.000000e+00  0.000000e+00 
 2.319728e-06  1.044646e-06 -7.714523e-05  0.000000e+00  0.000000e+00  0.000000e+00 
 9.826099e-07  4.368096e-07 -4.356345e-05  0.000000e+00  0.000000e+00  0.000000e+00 
 9.048925e-08  3.187303e-08 -2.117564e-05  0.000000e+00  0.000000e+00  0.000000e+00 
-3.557408e-07 -1.703695e-07 -9.981809e-06  0.000000e+00  0.000000e+00  0.000000e+00 
-3.551876e-07 -1.701242e-07 -9.981949e-06  0.000000e+00  0.000000e+00  0.000000e+00 
-3.546341e-07 -1.698791e-07 -9.982089e-06  0.000000e+00  0.000000e+00  0.000000e+00 
-3.540805e-07 -1.696343e-07 -9.982230e-06  0.000000e+00  0.000000e+00  0.000000e+00 
-3.535267e-07 -1.693899e-07 -9.982370e-06  0.000000e+00  0.000000e+00  0.000000e+00 
-3.529728e-07 -1.691457e-07 -9.982510e-06  0.000000e+00  0.000000e+00  0.000000e+00 
-3.524187e-07 -1.689019e-07 -9.982649e-06  0.000000e+00  0.000000e+00  0.000000e+00 
-3.518643e-07 -1.686584e-07 -9.982789e-06  0.000000e+00  0.000000e+00  0.000000e+00 
-3.513099e-07 -1.684152e-07 -9.982929e-06  0.000000e+00  0.000000e+00  0.000000e+00 
-3.507552e-07 -1.681723e-07 -9.983068e-06  0.000000e+00  0.000000e+00  0.000000e+00 
-3.502003e-07 -1.679298e-07 -9.983208e-06  0.000000e+00  0.000000e+00  0.000000e+00 
-3.496453e-07 -1.676875e-07 -9.983347e-06  0.000000e+00  0.000000e+00  0.000000e+00 
-3.490901e-07 -1.674456e-07 -9.983486e-06  0.000000e+00  0.000000e+00  0.000000e+00 
-3.485348e-07 -1.672039e-07 -9.983626e-06  0.000000e+00  0.000000e+00  0.000000e+00 
-3.479792e-07 -1.669626e-07 -9.983765e-06  0.000000e+00  0.000000e+00  0.000000e+00 
-3.474235e-07 -1.667216e-07 -9.983904e-06  0.000000e+00  0.000000e+00  0.000000e+00 
