0.000000e+00 6.641201e+03 3.834299e+03
-4.338017e+00 6.641200e+03 3.834299e+03
-8.676032e+00 6.641197e+03 3.834297e+03
-1.301404e+01 6.641192e+03 3.834294e+03
-1.735205e+01 6.641184e+03 3.834289e+03
-2.169006e+01 6.641175e+03 3.834284e+03
-2.602805e+01 6.641163e+03 3.834277e+03
-3.036604e+01 6.641149e+03 3.834269e+03
-3.470402e+01 6.641133e+03 3.834260e+03
-3.904198e+01 6.641115e+03 3.834250e+03
-4.337994e+01 6.641095e+03 3.834238e+03
-4.771788e+01 6.641073e+03 3.834225e+03
-5.205580e+01 6.641048e+03 3.834211e+03
-5.639371e+01 6.641022e+03 3.834196e+03
-6.073160e+01 6.640993e+03 3.834179e+03
-6.506947e+01 6.640962e+03 3.834161e+03
-6.940732e+01 6.640929e+03 3.834142e+03
-7.374515e+01 6.640894e+03 3.834122e+03
-7.808295e+01 6.640857e+03 3.834101e+03
-8.242073e+01 6.640818e+03 3.834078e+03
-8.675848e+01 6.640776e+03 3.834054e+03
-9.109621e+01 6.640733e+03 3.834029e+03
-9.543391e+01 6.640687e+03 3.834002e+03
-9.977157e+01 6.640639e+03 3.833975e+03
-1.041092e+02 6.640589e+03 3.833946e+03
-1.084468e+02 6.640537e+03 3.833916e+03
-1.127844e+02 6.640483e+03 3.833885e+03
-1.171219e+02 6.640427e+03 3.833852e+03
-1.214594e+02 6.640368e+03 3.833818e+03
-1.257968e+02 6.640308e+03 3.833783e+03
-1.301343e+02 6.640245e+03 3.833747e+03
-1.344716e+02 6.640180e+03 3.833710e+03
-1.388090e+02 6.640113e+03 3.833671e+03
-1.431462e+02 6.640044e+03 3.833631e+03
-1.474835e+02 6.639973e+03 3.833590e+03
-1.518207e+02 6.639900e+03 3.833548e+03
-1.561578e+02 6.639824e+03 3.833504e+03
-1.604949e+02 6.639747e+03 3.833459e+03
-1.648319e+02 6.639667e+03 3.833413e+03
-1.691689e+02 6.639585e+03 3.833366e+03
-1.735059e+02 6.639501e+03 3.833318e+03
-1.778427e+02 6.639415e+03 3.833268e+03
-1.821796e+02 6.639327e+03 3.833217e+03
-1.865163e+02 6.639237e+03 3.833165e+03
-1.908530e+02 6.639144e+03 3.833112e+03
-1.951897e+02 6.639050e+03 3.833057e+03
-1.995263e+02 6.638953e+03 3.833001e+03
-2.038628e+02 6.638854e+03 3.832944e+03
-2.081992e+02 6.638753e+03 3.832886e+03
-2.125356e+02 6.638650e+03 3.832826e+03
-2.168719e+02 6.638545e+03 3.832766e+03
-2.212082e+02 6.638438e+03 3.832704e+03
-2.255443e+02 6.638328e+03 3.832641e+03
-2.298804e+02 6.638217e+03 3.832576e+03
-2.342165e+02 6.638103e+03 3.832510e+03
-2.385524e+02 6.637987e+03 3.832444e+03
-2.428883e+02 6.637869e+03 3.832376e+03
-2.472241e+02 6.637749e+03 3.832306e+03
-2.515598e+02 6.637627e+03 3.832236e+03
-2.558955e+02 6.637503e+03 3.832164e+03
-2.602310e+02 6.637376e+03 3.832091e+03
-2.645665e+02 6.637248e+03 3.832017e+03
-2.689019e+02 6.637117e+03 3.831941e+03
-2.732372e+02 6.636984e+03 3.831865e+03
-2.775724e+02 6.636849e+03 3.831787e+03
-2.819076e+02 6.636712e+03 3.831708e+03
-2.862426e+02 6.636573e+03 3.831627e+03
-2.905775e+02 6.636432e+03 3.831546e+03
-2.949124e+02 6.636288e+03 3.831463e+03
-2.992472e+02 6.636143e+03 3.831379e+03
-3.035818e+02 6.635995e+03 3.831294e+03
-3.079164e+02 6.635845e+03 3.831207e+03
-3.122509e+02 6.635693e+03 3.831119e+03
-3.165852e+02 6.635539e+03 3.831030e+03
-3.209195e+02 6.635383e+03 3.830940e+03
-3.252537e+02 6.635225e+03 3.830849e+03
-3.295877e+02 6.635065e+03 3.8307