0.000000e+00 -1.131370e-03 1.084202e-19
-4.145393e-03 -5.815780e-04 -8.177538e-04
-8.307657e-03 -2.810105e-04 -1.136430e-03
-1.247410e-02 -1.149701e-04 -1.309511e-03
-1.664261e-02 -2.461850e-05 -1.407594e-03
-2.081220e-02 2.457773e-05 -1.466279e-03
-2.498216e-02 5.341421e-05 -1.509159e-03
-2.915256e-02 6.874655e-05 -1.536624e-03
-3.332303e-02 7.764710e-05 -1.560248e-03
-3.749359e-02 8.361260e-05 -1.580198e-03
-4.166968e-02 8.433840e-05 -1.462092e-03
-4.584329e-02 8.699217e-05 -1.407552e-03
-5.002117e-02 8.868851e-05 -1.248570e-03
-5.419072e-02 9.186912e-05 -1.298245e-03
-5.836628e-02 9.361957e-05 -1.198407e-03
-6.253443e-02 1.001971e-04 -1.284669e-03
-6.670901e-02 1.021362e-04 -1.209559e-03
-7.088205e-02 1.066726e-04 -1.174458e-03
-7.505442e-02 1.102258e-04 -1.156405e-03
-7.923157e-02 1.139725e-04 -1.020832e-03
-8.340635e-02 1.179848e-04 -9.461206e-04
-8.338900e-02 9.536608e-05 -1.353213e-03
-8.338471e-02 7.873299e-05 -1.433401e-03
-8.338195e-02 6.991888e-05 -1.477283e-03
-8.338568e-02 6.326506e-05 -1.361290e-03
-8.339285e-02 6.014087e-05 -1.163549e-03
-8.339671e-02 6.014295e-05 -1.051544e-03
-8.340443e-02 5.997886e-05 -8.459560e-04
-8.340886e-02 6.282999e-05 -7.256779e-04
-8.341131e-02 6.802878e-05 -6.569257e-04
-8.341307e-02 7.151841e-05 -6.057203e-04
-8.341957e-02 7.419455e-05 -4.377497e-04
-8.342319e-02 7.604473e-05 -3.429307e-04
-8.342573e-02 7.957794e-05 -2.765200e-04
-8.342717e-02 8.472377e-05 -2.383571e-04
-8.343377e-02 8.519062e-05 -7.137243e-05
-8.343753e-02 8.793604e-05 2.288210e-05
-8.343436e-02 9.470448e-05 -5.620718e-05
-8.343812e-02 9.575830e-05 3.869735e-05
-8.344081e-02 9.805172e-05 1.060137e-04
-8.344238e-02 9.811826e-05 1.460458e-04
-8.344331e-02 9.906298e-05 1.698762e-04
-7.924798e-02 7.236559e-05 -3.918618e-04
-7.506285e-02 5.270447e-05 -7.005875e-04
-7.088384e-02 3.502695e-05 -8.574786e-04
-6.671318e-02 1.824279e-05 -8.073741e-04
-6.255311e-02 4.668985e-06 -4.952823e-04
-5.838745e-02 -5.228629e-06 -3.245196e-04
-5.421929e-02 -9.513332e-06 -2.176282e-04
-5.004901e-02 -1.518357e-05 -1.636637e-04
-4.587793e-02 -1.947003e-05 -1.298554e-04
-4.170647e-02 -2.596516e-05 -1.053688e-04
-3.753462e-02 -3.127792e-05 -9.092011e-05
-3.336236e-02 -3.540018e-05 -8.697444e-05
-2.919549e-02 -4.095054e-05 5.157401e-05
-2.502636e-02 -4.786217e-05 1.342637e-04
-2.085007e-02 -5.050970e-05 3.744157e-05
-1.668093e-02 -5.535625e-05 1.190468e-04
-1.250503e-02 -5.950324e-05 3.205002e-05
-8.336249e-03 -6.582709e-05 1.230922e-04
-4.160284e-03 -6.784397e-05 3.384494e-05
1.439721e-05 -7.278315e-05 -2.287626e-05
4.187797e-03 -8.064253e-05 -4.709537e-05
8.360753e-03 -8.424375e-05 -6.158078e-05
1.253377e-02 -9.016387e-05 -7.704889e-05
1.670636e-02 -9.522533e-05 -8.238666e-05
2.087901e-02 -1.026231e-04 -8.841551e-05
2.504630e-02 -1.114093e-04 3.920894e-05
2.922120e-02 -1.157285e-04 -2.387054e-05
3.339475e-02 -1.196432e-04 -5.345709e-05
3.756245e-02 -1.251890e-04 6.275577e-05
4.173775e-02 -1.296934e-04 -1.043263e-05
4.591165e-02 -1.338264e-04 -4.887972e-05
5.008459e-02 -1.407761e-04 -6.306279e-05
4.833181e-02 -1.033685e-04 5.571700