 1.530808e-17  8.660254e-01 -5.000000e-01 -2.651438e-17  0.000000e+00  0.000000e+00  0.000000e+00 
-1.954865e-04  8.662844e-01 -4.995512e-01  1.343828e-04  0.000000e+00  0.000000e+00  0.000000e+00 
-4.610518e-04  8.670608e-01 -4.982021e-01  1.055045e-04  0.000000e+00  0.000000e+00  0.000000e+00 
-7.509484e-04  8.683519e-01 -4.959480e-01 -5.055317e-06  0.000000e+00  0.000000e+00  0.000000e+00 
-1.054357e-03  8.701509e-01 -4.927842e-01 -1.610403e-04  0.000000e+00  0.000000e+00  0.000000e+00 
-1.366026e-03  8.724481e-01 -4.887048e-01 -3.429575e-04  0.000000e+00  0.000000e+00  0.000000e+00 
-1.683604e-03  8.752307e-01 -4.837025e-01 -5.410029e-04  0.000000e+00  0.000000e+00  0.000000e+00 
-2.005573e-03  8.784830e-01 -4.777687e-01 -7.498676e-04  0.000000e+00  0.000000e+00  0.000000e+00 
-2.330814e-03  8.821865e-01 -4.708935e-01 -9.664932e-04  0.000000e+00  0.000000e+00  0.000000e+00 
-2.658814e-03  8.863192e-01 -4.630656e-01 -1.189684e-03  0.000000e+00  0.000000e+00  0.000000e+00 
-2.974050e-03  8.908569e-01 -4.542721e-01 -1.410648e-03  0.000000e+00  0.000000e+00  0.000000e+00 
-3.268089e-03  8.957717e-01 -4.444995e-01 -1.625108e-03  0.000000e+00  0.000000e+00  0.000000e+00 
-3.535831e-03  9.010325e-01 -4.337332e-01 -1.831431e-03  0.000000e+00  0.000000e+00  0.000000e+00 
-3.788583e-03  9.066047e-01 -4.219589e-01 -2.035679e-03  0.000000e+00  0.000000e+00  0.000000e+00 
-4.032538e-03  9.124503e-01 -4.091614e-01 -2.241491e-03  0.000000e+00  0.000000e+00  0.000000e+00 
-4.271375e-03  9.185281e-01 -3.953251e-01 -2.451182e-03  0.000000e+00  0.000000e+00  0.000000e+00 
-4.507431e-03  9.247931e-01 -3.804343e-01 -2.666348e-03  0.000000e+00  0.000000e+00  0.000000e+00 
-4.726422e-03  9.311976e-01 -3.644727e-01 -2.880954e-03  0.000000e+00  0.000000e+00  0.000000e+00 
-4.934378e-03  9.376896e-01 -3.474253e-01 -3.098092e-03  0.000000e+00  0.000000e+00  0.000000e+00 
-5.119017e-03  9.442137e-01 -3.292771e-01 -3.313555e-03  0.000000e+00  0.000000e+00  0.000000e+00 
-5.273078e-03  9.507108e-01 -3.100140e-01 -3.525272e-03  0.000000e+00  0.000000e+00  0.000000e+00 
-5.463557e-03  9.569657e-01 -2.901254e-01 -3.748529e-03  0.000000e+00  0.000000e+00  0.000000e+00 
-5.711307e-03  9.628034e-01 -2.701131e-01 -3.983393e-03  0.000000e+00  0.000000e+00  0.000000e+00 
-5.972369e-03  9.682224e-01 -2.499840e-01 -4.217681e-03  0.000000e+00  0.000000e+00  0.000000e+00 
-6.222564e-03  9.732205e-01 -2.297463e-01 -4.446148e-03  0.000000e+00  0.000000e+00  0.000000e+00 
-6.432155e-03  9.777962e-01 -2.094075e-01 -4.662565e-03  0.000000e+00  0.000000e+00  0.000000e+00 
-6.601193e-03  9.819474e-01 -1.889764e-01 -4.868404e-03  0.000000e+00  0.000000e+00  0.000000e+00 
-6.728366e-03  9.856722e-01 -1.684621e-01 -5.064697e-03  0.000000e+00  0.000000e+00  0.000000e+00 
-6.812422e-03  9.889689e-01 -1.478731e-01 -5.252197e-03  0.000000e+00  0.000000e+00  0.000000e+00 
-6.870008e-03  9.918359e-01 -1.272192e-01 -5.434878e-03  0.000000e+00  0.000000e+00  0.000000e+00 
-6.909599e-03  9.942718e-01 -1.065095e-01 -5.614355e-03  0.000000e+00  0.000000e+00  0.000000e+00 
-6.918852e-03  9.962756e-01 -8.575262e-02 -5.789349e-03  0.000000e+00  0.000000e+00  0.000000e+00 
-6.892323e-03  9.978464e-01 -6.495737e-02 -5.959519e-03  0.000000e+00  0.000000e+00  0.000000e+00 
-6.842646e-03  9.989834e-01 -4.413323e-02 -6.126442e-03  0.000000e+00  0.000000e+00  0.000000e+00 
-6.776890e-03  9.996860e-01 -2.328948e-02 -6.291187e-03  0.000000e+00  0.000000e+00  0.000000e+00 
-6.682526e-03  9.999539e-01 -2.434769e-03 -6.453420e-03  0.000000e+00  0.000000e+00  0.000000e+00 
-6.552600e-03  9.997870e-01  1.842209e-02 -6.613114e-03  0.000000e+00  0.000000e+00  0.000000e+00 
-6.417952e-03  9.991850e-01  3.927099e-02 -6.771006e-03  0.000000e+00  0.000000e+00  0.000000e+00 
-6.278578e-03  9.981484e-01  6.010285e-02 -6.927160e-03  0.000000e+00  0.000000e+00  0.000000e+00 
-6.116256e-03  9.966775e-01  8.090922e-02 -7.081919e-03  0.000000e+00  0.000000e+00  0.000000e+00 
-5.937917e-03  9.947730e-01  1.016808e-01 -7.234957e-03  0.000000e+00  0.000000e+00  0.000000e+00 
-5.749066e-03  9.924357e-01  1.224084e-01 -7.385774e-03  0.000000e+00  0.000000e+00  0.000000e+00 
-5.627939e-03  9.897410e-01  1.425644e-01 -7.518569e-03  0.000000e+00  0.000000e+00  0.000000e+00 
-5.619354e-03  9.868062e-01  1.616286e-01 -7.621480e-03  0.000000e+00  0.000000e+00  0.000000e+00 
-5.673436e-03  9.836923e-01  1.796048e-01 -7.701941e-03  0.000000e+00  0.000000e+00  0.000000e+00 
-5.746142e-03  9.804566e-01  1.964981e-01 -7.767580e-03  0.000000e+00  0.000000e+00  0.000000e+00 
-5.780226e-03  9.771527e-01  2.123155e-01 -7.830431e-03  0.000000e+00  0.000000e+00  0.000000e+00 
-5.761414e-03  9.738309e-01  2.270636e-01 -7.895210e-03  0.000000e+00  0.000000e+00  0.000000e+00 
-5.715378e-03  9.705380e-01  2.407487e-01 -7.958423e-03  0.000000e+00  0.000000e+00  0.000000e+00 
-5.656751e-03  9.673176e-01  2.533778e-01 -8.017823e-03  0.000000e+00  0.000000e+00  0.000000e+00 
-5.594654e-03  9.642098e-01  2.649586e-01 -8.071636e-03  0.000000e+00  0.000000e+00  0.000000e+00 
-5.532841e-03  9.612511e-01  2.754990e-01 -8.119182e-03  0.000000e+00  0.000000e+00  0.000000e+00 
-5.473796e-03  9.584751e-01  2.850069e-01 -8.159993e-03  0.000000e+00  0.000000e+00  0.000000e+00 
-5.420229e-03  9.559117e-01  2.934900e-01 -8.193897e-03  0.000000e+00  0.000000e+00  0.000000e+00 
-5.357449e-03  9.535875e-01  3.009560e-01 -8.225698e-03  0.000000e+00  0.000000e+00  0.000000e+00 
-5.276101e-03  9.515260e-01  3.074120e-01 -8.258300e-03  0.000000e+00  0.000000e+00  0.000000e+00 
-5.204453e-03  9.497477e-01  3.128634e-01 -8.283349e-03  0.000000e+00  0.000000e+00  0.000000e+00 
-5.142824e-03  9.482698e-01  3.173155e-01 -8.301295e-03  0.000000e+00  0.000000e+00  0.000000e+00 
-5.090033e-03  9.471060e-01  3.207728e-01 -8.312424e-03  0.000000e+00  0.000000e+00  0.000000e+00 
-5.044966e-03  9.462674e-01  3.232390e-01 -8.317104e-03  0.000000e+00  0.000000e+00  0.000000e+00 
-5.007996e-03  9.457615e-01  3.247167e-01 -8.315556e-03  0.000000e+00  0.000000e+00  0.000000e+00 
-4.996672e-03  9.455933e-01  3.252068e-01 -8.302024e-03  0.000000e+00  0.000000e+00  0.000000e+00 
-5.003057e-03  9.457641e-01  3.247102e-01 -8.278472e-03  0.000000e+00  0.000000e+00  0.000000e+00 
-5.022184e-03  9.462723e-01  3.232266e-01 -8.246762e-03  0.000000e+00  0.000000e+00  0.000000e+00 
-5.053050e-03  9.471134e-01  3.207542e-01 -8.207438e-03  0.000000e+00  0.000000e+00  0.000000e+00 
-5.094453e-03  9.482795e-01  3.172907e-01 -8.160624e-03  0.000000e+00  0.000000e+00  0.000000e+00 
-5.145136e-03  9.497598e-01  3.128323e-01 -8.106422e-03  0.000000e+00  0.000000e+00  0.000000e+00 
-5.189056e-03  9.515402e-01  3.073751e-01 -8.049437e-03  0.000000e+00  0.000000e+00  0.000000e+00 
-5.233004e-03  9.536036e-01  3.009135e-01 -7.987692e-03  0.000000e+00  0.000000e+00  0.000000e+00 
-5.295746e-03  9.559298e-01  2.934407e-01 -7.915578e-03  0.000000e+00  0.000000e+00  0.000000e+00 
-5.355666e-03  9.584952e-01  2.849507e-01 -7.839386e-03  0.000000e+00  0.000000e+00  0.000000e+00 
-5.417805e-03  9.612729e-01  2.754359e-01 -7.757312e-03  0.000000e+00  0.000000e+00  0.000000e+00 
-5.500569e-03  9.642331e-01  2.648879e-01 -7.663839e-03  0.000000e+00  0.000000e+00  0.000000e+00 
-5.596589e-03  9.673423e-01  2.532991e-01 -7.560523e-03  0.000000e+00  0.000000e+00  0.000000e+00 
-5.621639e-03  9.703857e-01  2.413796e-01 -7.476889e-03  0.000000e+00  0.000000e+00  0.000000e+00 
-5.492747e-03  9.731121e-01  2.301463e-01 -7.443556e-03  0.000000e+00  0.000000e+00  0.000000e+00 
-5.241428e-03  9.754790e-01  2.199037e-01 -7.452303e-03  0.000000e+00  0.000000e+00  0.000000e+00 
-4.934654e-03  9.775187e-01  2.106582e-01 -7.484214e-03  0.000000e+00  0.000000e+00  0.000000e+00 
-4.626332e-03  9.792599e-01  2.024152e-01 -7.525149e-03  0.000000e+00  0.000000e+00  0.000000e+00 
-4.364042e-03  9.807287e-01  1.951793e-01 -7.564063e-03  0.000000e+00  0.000000e+00  0.000000e+00 
-4.157108e-03  9.819475e-01  1.889551e-01 -7.597866e-03  0.000000e+00  0.000000e+00  0.000000e+00 
-4.011061e-03  9.829359e-01  1.837465e-01 -7.625300e-03  0.000000e+00  0.000000e+00  0.000000e+00 
-3.946655e-03  9.837101e-01  1.795561e-01 -7.642435e-03  0.000000e+00  0.000000e+00  0.000000e+00 
-3.925321e-03  9.842832e-01  1.763876e-01 -7.655262e-03  0.000000e+00  0.000000e+00  0.000000e+00 
-3.907305e-03  9.846649e-01  1.742440e-01 -7.670574e-03  0.000000e+00  0.000000e+00  0.000000e+00 
-3.887494e-03  9.848618e-01  1.731269e-01 -7.689819e-03  0.000000e+00  0.000000e+00  0.000000e+00 
-3.881422e-03  9.848776e-01  1.730362e-01 -7.710721e-03  0.000000e+00  0.000000e+00  0.000000e+00 
-3.896220e-03  9.847126e-01  1.739719e-01 -7.731884e-03  0.000000e+00  0.000000e+00  0.000000e+00 
-3.918364e-03  9.843637e-01  1.759337e-01 -7.755577e-03  0.000000e+00  0.000000e+00  0.000000e+00 
-3.924629e-03  9.838247e-01  1.789215e-01 -7.785653e-03  0.000000e+00  0.000000e+00  0.000000e+00 
-3.913437e-03  9.831038e-01  1.828401e-01 -7.821337e-03  0.000000e+00  0.000000e+00  0.000000e+00 
-3.959667e-03  9.822780e-01  1.872237e-01 -7.844924e-03  0.000000e+00  0.000000e+00  0.000000e+00 
-4.104985e-03  9.814599e-01  1.914630e-01 -7.842754e-03  0.000000e+00  0.000000e+00  0.000000e+00 
-4.329512e-03  9.807219e-01  1.952043e-01 -7.815968e-03  0.000000e+00  0.000000e+00  0.000000e+00 
-4.603565e-03  9.801065e-01  1.982669e-01 -7.770412e-03  0.000000e+00  0.000000e+00  0.000000e+00 
-4.878044e-03  9.796272e-01  2.006170e-01 -7.716936e-03  0.000000e+00  0.000000e+00  0.000000e+00 
-5.133003e-03  9.792798e-01  2.023018e-01 -7.661826e-03  0.000000e+00  0.000000e+00  0.000000e+00 
-5.334810e-03  9.790485e-01  2.034149e-01 -7.613873e-03  0.000000e+00  0.000000e+00  0.000000e+00 
-5.461911e-03  9.789107e-01  2.040748e-01 -7.579213e-03  0.000000e+00  0.000000e+00  0.000000e+00 
-5.537310e-03  9.788468e-01  2.043801e-01 -7.554577e-03  0.000000e+00  0.000000e+00  0.000000e+00 
-5.571648e-03  9.788315e-01  2.044530e-01 -7.538990e-03  0.000000e+00  0.000000e+00  0.000000e+00 
-5.557830e-03  9.788471e-01  2.043790e-01 -7.534419e-03  0.000000e+00  0.000000e+00  0.000000e+00 
-5.492419e-03  9.788801e-01  2.042224e-01 -7.541455e-03  0.000000e+00  0.000000e+00  0.000000e+00 
-5.409147e-03  9.789194e-01  2.040353e-01 -7.553947e-03  0.000000e+00  0.000000e+00  0.000000e+00 
-5.332407e-03  9.789625e-01  2.038301e-01 -7.566565e-03  0.000000e+00  0.000000e+00  0.000000e+00 
-5.258354e-03  9.790077e-01  2.036146e-01 -7.579275e-03  0.000000e+00  0.000000e+00  0.000000e+00 
-5.181323e-03  9.790470e-01  2.034268e-01 -7.593651e-03  0.000000e+00  0.000000e+00  0.000000e+00 
-5.100220e-03  9.790762e-01  2.032877e-01 -7.609774e-03  0.000000e+00  0.000000e+00  0.000000e+00 
-5.018695e-03  9.790996e-01  2.031761e-01 -7.626266e-03  0.000000e+00  0.000000e+00  0.000000e+00 
-4.938089e-03  9.791198e-01  2.030803e-01 -7.642729e-03  0.000000e+00  0.000000e+00  0.000000e+00 
-4.873813e-03  9.791347e-01  2.030096e-01 -7.656390e-03  0.000000e+00  0.000000e+00  0.000000e+00 
-4.832846e-03  9.791397e-01  2.029861e-01 -7.665811e-03  0.000000e+00  0.000000e+00  0.000000e+00 
-4.822435e-03  9.791357e-01  2.030055e-01 -7.669170e-03  0.000000e+00  0.000000e+00  0.000000e+00 
-4.847489e-03  9.791266e-01  2.030487e-01 -7.665316e-03  0.000000e+00  0.000000e+00  0.000000e+00 
-4.894578e-03  9.791181e-01  2.030892e-01 -7.656442e-03  0.000000e+00  0.000000e+00  0.000000e+00 
-4.939413e-03  9.791131e-01  2.031124e-01 -7.647359e-03  0.000000e+00  0.000000e+00  0.000000e+00 
-4.966097e-03  9.791101e-01  2.031265e-01 -7.641587e-03  0.000000e+00  0.000000e+00  0.000000e+00 
-4.982476e-03  9.791083e-01  2.031348e-01 -7.637689e-03  0.000000e+00  0.000000e+00  0.000000e+00 
-4.975936e-03  9.791073e-01  2.031398e-01 -7.638068e-03  0.000000e+00  0.000000e+00  0.000000e+00 
-4.939536e-03  9.791068e-01  2.031431e-01 -7.644486e-03  0.000000e+00  0.000000e+00  0.000000e+00 
-4.905443e-03  9.791100e-01  2.031280e-01 -7.651090e-03  0.000000e+00  0.000000e+00  0.000000e+00 
-4.887744e-03  9.791154e-01  2.031022e-01 -7.654882e-03  0.000000e+00  0.000000e+00  0.000000e+00 
-4.875640e-03  9.791185e-01  2.030874e-01 -7.657751e-03  0.000000e+00  0.000000e+00  0.000000e+00 
-4.868282e-03  9.791203e-01  2.030792e-01 -7.659804e-03  0.000000e+00  0.000000e+00  0.000000e+00 
-4.881091e-03  9.791212e-01  2.030743e-01 -7.658098e-03  0.000000e+00  0.000000e+00  0.000000e+00 
-4.904502e-03  9.791217e-01  2.030717e-01 -7.653991e-03  0.000000e+00  0.000000e+00  0.000000e+00 
-4.916625e-03  9.791218e-01  2.030709e-01 -7.651603e-03  0.000000e+00  0.000000e+00  0.000000e+00 
-4.923186e-03  9.791218e-01  2.030709e-01 -7.650272e-03  0.000000e+00  0.000000e+00  0.000000e+00 
-4.926997e-03  9.791218e-01  2.030709e-01 -7.649459e-03  0.000000e+00  0.000000e+00  0.000000e+00 
-4.929432e-03  9.791217e-01  2.030710e-01 -7.648907e-03  0.000000e+00  0.000000e+00  0.000000e+00 
-4.931867e-03  9.791217e-01  2.030711e-01 -7.648354e-03  0.000000e+00  0.000000e+00  0.000000e+00 
-4.934302e-03  9.791217e-01  2.030711e-01 -7.647802e-03  0.000000e+00  0.000000e+00  0.000000e+00 
-4.936737e-03  9.791217e-01  2.030712e-01 -7.647249e-03  0.000000e+00  0.000000e+00  0.000000e+00 
-4.939172e-03  9.791216e-01  2.030713e-01 -7.646697e-03  0.000000e+00  0.000000e+00  0.000000e+00 
-4.941607e-03  9.791216e-01  2.030713e-01 -7.646144e-03  0.000000e+00  0.000000e+00  0.000000e+00 
-4.944042e-03  9.791216e-01  2.030714e-01 -7.645592e-03  0.000000e+00  0.000000e+00  0.000000e+00 
-4.946477e-03  9.791216e-01  2.030715e-01 -7.645039e-03  0.000000e+00  0.000000e+00  0.000000e+00 
-4.948912e-03  9.791216e-01  2.030716e-01 -7.644487e-03  0.000000e+00  0.000000e+00  0.000000e+00 
-4.951347e-03  9.791215e-01  2.030716e-01 -7.643935e-03  0.000000e+00  0.000000e+00  0.000000e+00 
-4.953783e-03  9.791215e-01  2.030717e-01 -7.643382e-03  0.000000e+00  0.000000e+00  0.000000e+00 
-4.956218e-03  9.791215e-01  2.030718e-01 -7.642830e-03  0.000000e+00  0.000000e+00  0.000000e+00 
-4.958653e-03  9.791215e-01  2.030718e-01 -7.642278e-03  0.000000e+00  0.000000e+00  0.000000e+00 
-4.961089e-03  9.791214e-01  2.030719e-01 -7.641726e-03  0.000000e+00  0.000000e+00  0.000000e+00 
-4.963524e-03  9.791214e-01  2.030720e-01 -7.641174e-03  0.000000e+00  0.000000e+00  0.000000e+00 
-4.965960e-03  9.791214e-01  2.030720e-01 -7.640622e-03  0.000000e+00  0.000000e+00  0.000000e+00 
-4.968395e-03  9.791214e-01  2.030721e-01 -7.640069e-03  0.000000e+00  0.000000e+00  0.000000e+00 
-4.970831e-03  9.791213e-01  2.030722e-01 -7.639517e-03  0.000000e+00  0.000000e+00  0.000000e+00 
-4.973266e-03  9.791213e-01  2.030723e-01 -7.638965e-03  0.000000e+00  0.000000e+00  0.000000e+00 
-4.975702e-03  9.791213e-01  2.030723e-01 -7.638413e-03  0.000000e+00  0.000000e+00  0.000000e+00 
-4.978137e-03  9.791213e-01  2.030724e-01 -7.637862e-03  0.000000e+00  0.000000e+00  0.000000e+00 
-4.962690e-03  9.791212e-01  2.030730e-01 -7.640685e-03  0.000000e+00  0.000000e+00  0.000000e+00 
-4.936296e-03  9.791212e-01  2.030735e-01 -7.645569e-03  0.000000e+00  0.000000e+00  0.000000e+00 
-4.920965e-03  9.791213e-01  2.030731e-01 -7.648358e-03  0.000000e+00  0.000000e+00  0.000000e+00 
-4.912512e-03  9.791215e-01  2.030725e-01 -7.649849e-03  0.000000e+00  0.000000e+00  0.000000e+00 
-4.908185e-03  9.791217e-01  2.030718e-01 -7.650560e-03  0.000000e+00  0.000000e+00  0.000000e+00 
-4.905233e-03  9.791218e-01  2.030710e-01 -7.651011e-03  0.000000e+00  0.000000e+00  0.000000e+00 
-4.902281e-03  9.791220e-01  2.030703e-01 -7.651462e-03  0.000000e+00  0.000000e+00  0.000000e+00 
-4.899329e-03  9.791222e-01  2.030695e-01 -7.651913e-03  0.000000e+00  0.000000e+00  0.000000e+00 
-4.896377e-03  9.791223e-01  2.030687e-01 -7.652363e-03  0.000000e+00  0.000000e+00  0.000000e+00 
-4.893424e-03  9.791225e-01  2.030680e-01 -7.652812e-03  0.000000e+00  0.000000e+00  0.000000e+00 
-4.890471e-03  9.791227e-01  2.030672e-01 -7.653262e-03  0.000000e+00  0.000000e+00  0.000000e+00 
-4.887517e-03  9.791229e-01  2.030664e-01 -7.653711e-03  0.000000e+00  0.000000e+00  0.000000e+00 
-4.884564e-03  9.791230e-01  2.030656e-01 -7.654159e-03  0.000000e+00  0.000000e+00  0.000000e+00 
-4.881610e-03  9.791232e-01  2.030649e-01 -7.654607e-03  0.000000e+00  0.000000e+00  0.000000e+00 
-4.878656e-03  9.791234e-01  2.030641e-01 -7.655055e-03  0.000000e+00  0.000000e+00  0.000000e+00 
-4.875701e-03  9.791235e-01  2.030633e-01 -7.655502e-03  0.000000e+00  0.000000e+00  0.000000e+00 
-4.872746e-03  9.791237e-01  2.030626e-01 -7.655949e-03  0.000000e+00  0.000000e+00  0.000000e+00 
-4.869791e-03  9.791239e-01  2.030618e-01 -7.656396e-03  0.000000e+00  0.000000e+00  0.000000e+00 
-4.884719e-03  9.791241e-01  2.030604e-01 -7.653466e-03  0.000000e+00  0.000000e+00  0.000000e+00 
-4.910593e-03  9.791243e-01  2.030593e-01 -7.648477e-03  0.000000e+00  0.000000e+00  0.000000e+00 
-4.925404e-03  9.791243e-01  2.030589e-01 -7.645581e-03  0.000000e+00  0.000000e+00  0.000000e+00 
-4.933337e-03  9.791243e-01  2.030588e-01 -7.643984e-03  0.000000e+00  0.000000e+00  0.000000e+00 
-4.937143e-03  9.791243e-01  2.030589e-01 -7.643165e-03  0.000000e+00  0.000000e+00  0.000000e+00 
-4.939574e-03  9.791242e-01  2.030589e-01 -7.642606e-03  0.000000e+00  0.000000e+00  0.000000e+00 
-4.942005e-03  9.791242e-01  2.030590e-01 -7.642048e-03  0.000000e+00  0.000000e+00  0.000000e+00 
-4.944436e-03  9.791242e-01  2.030591e-01 -7.641489e-03  0.000000e+00  0.000000e+00  0.000000e+00 
-4.946866e-03  9.791242e-01  2.030592e-01 -7.640930e-03  0.000000e+00  0.000000e+00  0.000000e+00 
-4.949297e-03  9.791241e-01  2.030592e-01 -7.640371e-03  0.000000e+00  0.000000e+00  0.000000e+00 
-4.951728e-03  9.791241e-01  2.030593e-01 -7.639813e-03  0.000000e+00  0.000000e+00  0.000000e+00 
-4.954159e-03  9.791241e-01  2.030594e-01 -7.639254e-03  0.000000e+00  0.000000e+00  0.000000e+00 
-4.956590e-03  9.791241e-01  2.030594e-01 -7.638696e-03  0.000000e+00  0.000000e+00  0.000000e+00 
-4.959021e-03  9.791240e-01  2.030595e-01 -7.638137e-03  0.000000e+00  0.000000e+00  0.000000e+00 
-4.961452e-03  9.791240e-01  2.030596e-01 -7.637579e-03  0.000000e+00  0.000000e+00  0.000000e+00 
-4.963883e-03  9.791240e-01  2.030597e-01 -7.637020e-03  0.000000e+00  0.000000e+00  0.000000e+00 
-4.966314e-03  9.791240e-01  2.030597e-01 -7.636462e-03  0.000000e+00  0.000000e+00  0.000000e+00 
-4.968746e-03  9.791240e-01  2.030598e-01 -7.635903e-03  0.000000e+00  0.000000e+00  0.000000e+00 
-4.971177e-03  9.791239e-01  2.030599e-01 -7.635345e-03  0.000000e+00  0.000000e+00  0.000000e+00 
-4.973608e-03  9.791239e-01  2.030600e-01 -7.634786e-03  0.000000e+00  0.000000e+00  0.000000e+00 
-4.976039e-03  9.791239e-01  2.030600e-01 -7.634228e-03  0.000000e+00  0.000000e+00  0.000000e+00 
-4.978471e-03  9.791239e-01  2.030601e-01 -7.633670e-03  0.000000e+00  0.000000e+00  0.000000e+00 
-4.963019e-03  9.791238e-01  2.030607e-01 -7.636487e-03  0.000000e+00  0.000000e+00  0.000000e+00 
-4.936621e-03  9.791238e-01  2.030612e-01 -7.641364e-03  0.000000e+00  0.000000e+00  0.000000e+00 
-4.921286e-03  9.791239e-01  2.030609e-01 -7.644147e-03  0.000000e+00  0.000000e+00  0.000000e+00 
-4.912828e-03  9.791241e-01  2.030603e-01 -7.645631e-03  0.000000e+00  0.000000e+00  0.000000e+00 
-4.908496e-03  9.791242e-01  2.030595e-01 -7.646336e-03  0.000000e+00  0.000000e+00  0.000000e+00 
-4.905540e-03  9.791244e-01  2.030588e-01 -7.646781e-03  0.000000e+00  0.000000e+00  0.000000e+00 
-4.902584e-03  9.791246e-01  2.030580e-01 -7.647225e-03  0.000000e+00  0.000000e+00  0.000000e+00 
-4.899628e-03  9.791247e-01  2.030572e-01 -7.647669e-03  0.000000e+00  0.000000e+00  0.000000e+00 
-4.896671e-03  9.791249e-01  2.030565e-01 -7.648113e-03  0.000000e+00  0.000000e+00  0.000000e+00 
-4.893714e-03  9.791251e-01  2.030557e-01 -7.648556e-03  0.000000e+00  0.000000e+00  0.000000e+00 
-4.890756e-03  9.791253e-01  2.030549e-01 -7.648999e-03  0.000000e+00  0.000000e+00  0.000000e+00 
-4.887799e-03  9.791254e-01  2.030541e-01 -7.649442e-03  0.000000e+00  0.000000e+00  0.000000e+00 
-4.884841e-03  9.791256e-01  2.030534e-01 -7.649884e-03  0.000000e+00  0.000000e+00  0.000000e+00 
-4.881883e-03  9.791258e-01  2.030526e-01 -7.650325e-03  0.000000e+00  0.000000e+00  0.000000e+00 
-4.878924e-03  9.791259e-01  2.030518e-01 -7.650767e-03  0.000000e+00  0.000000e+00  0.000000e+00 
-4.875965e-03  9.791261e-01  2.030511e-01 -7.651208e-03  0.000000e+00  0.000000e+00  0.000000e+00 
-4.873006e-03  9.791263e-01  2.030503e-01 -7.651648e-03  0.000000e+00  0.000000e+00  0.000000e+00 
-4.870047e-03  9.791265e-01  2.030495e-01 -7.652088e-03  0.000000e+00  0.000000e+00  0.000000e+00 
-4.884970e-03  9.791267e-01  2.030482e-01 -7.649153e-03  0.000000e+00  0.000000e+00  0.000000e+00 
-4.910840e-03  9.791268e-01  2.030470e-01 -7.644157e-03  0.000000e+00  0.000000e+00  0.000000e+00 
-4.925646e-03  9.791269e-01  2.030467e-01 -7.641256e-03  0.000000e+00  0.000000e+00  0.000000e+00 
-4.933575e-03  9.791268e-01  2.030466e-01 -7.639652e-03  0.000000e+00  0.000000e+00  0.000000e+00 
-4.937377e-03  9.791268e-01  2.030466e-01 -7.638827e-03  0.000000e+00  0.000000e+00  0.000000e+00 
-4.939804e-03  9.791268e-01  2.030467e-01 -7.638262e-03  0.000000e+00  0.000000e+00  0.000000e+00 
-4.942230e-03  9.791268e-01  2.030468e-01 -7.637697e-03  0.000000e+00  0.000000e+00  0.000000e+00 
-4.944657e-03  9.791268e-01  2.030469e-01 -7.637132e-03  0.000000e+00  0.000000e+00  0.000000e+00 
-4.947083e-03  9.791267e-01  2.030469e-01 -7.636567e-03  0.000000e+00  0.000000e+00  0.000000e+00 
-4.949510e-03  9.791267e-01  2.030470e-01 -7.636002e-03  0.000000e+00  0.000000e+00  0.000000e+00 
-4.951936e-03  9.791267e-01  2.030471e-01 -7.635437e-03  0.000000e+00  0.000000e+00  0.000000e+00 
-4.954363e-03  9.791267e-01  2.030472e-01 -7.634872e-03  0.000000e+00  0.000000e+00  0.000000e+00 
-4.956790e-03  9.791266e-01  2.030472e-01 -7.634307e-03  0.000000e+00  0.000000e+00  0.000000e+00 
-4.959217e-03  9.791266e-01  2.030473e-01 -7.633743e-03  0.000000e+00  0.000000e+00  0.000000e+00 
-4.961643e-03  9.791266e-01  2.030474e-01 -7.633178e-03  0.000000e+00  0.000000e+00  0.000000e+00 
-4.964070e-03  9.791266e-01  2.030475e-01 -7.632613e-03  0.000000e+00  0.000000e+00  0.000000e+00 
-4.966497e-03  9.791265e-01  2.030475e-01 -7.632048e-03  0.000000e+00  0.000000e+00  0.000000e+00 
-4.968924e-03  9.791265e-01  2.030476e-01 -7.631484e-03  0.000000e+00  0.000000e+00  0.000000e+00 
-4.971351e-03  9.791265e-01  2.030477e-01 -7.630919e-03  0.000000e+00  0.000000e+00  0.000000e+00 
-4.973778e-03  9.791265e-01  2.030478e-01 -7.630354e-03  0.000000e+00  0.000000e+00  0.000000e+00 
-4.976205e-03  9.791264e-01  2.030478e-01 -7.629790e-03  0.000000e+00  0.000000e+00  0.000000e+00 
-4.978632e-03  9.791264e-01  2.030479e-01 -7.629225e-03  0.000000e+00  0.000000e+00  0.000000e+00 
-4.963176e-03  9.791263e-01  2.030486e-01 -7.632036e-03  0.000000e+00  0.000000e+00  0.000000e+00 
-4.936773e-03  9.791263e-01  2.030491e-01 -7.636907e-03  0.000000e+00  0.000000e+00  0.000000e+00 
-4.921434e-03  9.791265e-01  2.030487e-01 -7.639683e-03  0.000000e+00  0.000000e+00  0.000000e+00 
-4.912971e-03  9.791266e-01  2.030481e-01 -7.641160e-03  0.000000e+00  0.000000e+00  0.000000e+00 
-4.908636e-03  9.791268e-01  2.030474e-01 -7.641859e-03  0.000000e+00  0.000000e+00  0.000000e+00 
-4.905676e-03  9.791270e-01  2.030466e-01 -7.642297e-03  0.000000e+00  0.000000e+00  0.000000e+00 
-4.902715e-03  9.791271e-01  2.030458e-01 -7.642736e-03  0.000000e+00  0.000000e+00  0.000000e+00 
-4.899754e-03  9.791273e-01  2.030451e-01 -7.643173e-03  0.000000e+00  0.000000e+00  0.000000e+00 
-4.896793e-03  9.791275e-01  2.030443e-01 -7.643611e-03  0.000000e+00  0.000000e+00  0.000000e+00 
-4.893832e-03  9.791276e-01  2.030435e-01 -7.644048e-03  0.000000e+00  0.000000e+00  0.000000e+00 
-4.890870e-03  9.791278e-01  2.030428e-01 -7.644484e-03  0.000000e+00  0.000000e+00  0.000000e+00 
-4.887908e-03  9.791280e-01  2.030420e-01 -7.644920e-03  0.000000e+00  0.000000e+00  0.000000e+00 
-4.884946e-03  9.791282e-01  2.030412e-01 -7.645356e-03  0.000000e+00  0.000000e+00  0.000000e+00 
-4.881983e-03  9.791283e-01  2.030405e-01 -7.645792e-03  0.000000e+00  0.000000e+00  0.000000e+00 
-4.879020e-03  9.791285e-01  2.030397e-01 -7.646227e-03  0.000000e+00  0.000000e+00  0.000000e+00 
-4.876057e-03  9.791287e-01  2.030389e-01 -7.646661e-03  0.000000e+00  0.000000e+00  0.000000e+00 
-4.873094e-03  9.791288e-01  2.030382e-01 -7.647095e-03  0.000000e+00  0.000000e+00  0.000000e+00 
-4.888013e-03  9.791291e-01  2.030368e-01 -7.644154e-03  0.000000e+00  0.000000e+00  0.000000e+00 
-4.913879e-03  9.791292e-01  2.030357e-01 -7.639153e-03  0.000000e+00  0.000000e+00  0.000000e+00 
-4.928682e-03  9.791292e-01  2.030353e-01 -7.636246e-03  0.000000e+00  0.000000e+00  0.000000e+00 
-4.936607e-03  9.791292e-01  2.030352e-01 -7.634637e-03  0.000000e+00  0.000000e+00  0.000000e+00 
-4.940405e-03  9.791292e-01  2.030353e-01 -7.633806e-03  0.000000e+00  0.000000e+00  0.000000e+00 
-4.942827e-03  9.791292e-01  2.030354e-01 -7.633235e-03  0.000000e+00  0.000000e+00  0.000000e+00 
-4.945249e-03  9.791292e-01  2.030354e-01 -7.632664e-03  0.000000e+00  0.000000e+00  0.000000e+00 
-4.947672e-03  9.791291e-01  2.030355e-01 -7.632093e-03  0.000000e+00  0.000000e+00  0.000000e+00 
-4.950095e-03  9.791291e-01  2.030356e-01 -7.631522e-03  0.000000e+00  0.000000e+00  0.000000e+00 
-4.952517e-03  9.791291e-01  2.030357e-01 -7.630951e-03  0.000000e+00  0.000000e+00  0.000000e+00 
-4.954940e-03  9.791291e-01  2.030357e-01 -7.630381e-03  0.000000e+00  0.000000e+00  0.000000e+00 
-4.957362e-03  9.791290e-01  2.030358e-01 -7.629810e-03  0.000000e+00  0.000000e+00  0.000000e+00 
-4.959785e-03  9.791290e-01  2.030359e-01 -7.629239e-03  0.000000e+00  0.000000e+00  0.000000e+00 
-4.962208e-03  9.791290e-01  2.030360e-01 -7.628669e-03  0.000000e+00  0.000000e+00  0.000000e+00 
-4.964631e-03  9.791290e-01  2.030361e-01 -7.628098e-03  0.000000e+00  0.000000e+00  0.000000e+00 
-4.967053e-03  9.791289e-01  2.030361e-01 -7.627527e-03  0.000000e+00  0.000000e+00  0.000000e+00 
-4.969476e-03  9.791289e-01  2.030362e-01 -7.626957e-03  0.000000e+00  0.000000e+00  0.000000e+00 
-4.971899e-03  9.791289e-01  2.030363e-01 -7.626386e-03  0.000000e+00  0.000000e+00  0.000000e+00 
-4.974322e-03  9.791289e-01  2.030364e-01 -7.625816e-03  0.000000e+00  0.000000e+00  0.000000e+00 
-4.976745e-03  9.791288e-01  2.030365e-01 -7.625246e-03  0.000000e+00  0.000000e+00  0.000000e+00 
-4.979168e-03  9.791288e-01  2.030365e-01 -7.624675e-03  0.000000e+00  0.000000e+00  0.000000e+00 
-4.981591e-03  9.791288e-01  2.030366e-01 -7.624105e-03  0.000000e+00  0.000000e+00  0.000000e+00 
-4.966131e-03  9.791287e-01  2.030373e-01 -7.626909e-03  0.000000e+00  0.000000e+00  0.000000e+00 
-4.939725e-03  9.791287e-01  2.030378e-01 -7.631774e-03  0.000000e+00  0.000000e+00  0.000000e+00 
-4.924381e-03  9.791288e-01  2.030374e-01 -7.634544e-03  0.000000e+00  0.000000e+00  0.000000e+00 
-4.915915e-03  9.791290e-01  2.030368e-01 -7.636016e-03  0.000000e+00  0.000000e+00  0.000000e+00 
-4.911575e-03  9.791292e-01  2.030361e-01 -7.636708e-03  0.000000e+00  0.000000e+00  0.000000e+00 
-4.908611e-03  9.791293e-01  2.030353e-01 -7.637141e-03  0.000000e+00  0.000000e+00  0.000000e+00 
-4.905646e-03  9.791295e-01  2.030345e-01 -7.637573e-03  0.000000e+00  0.000000e+00  0.000000e+00 
-4.900770e-03  9.791262e-01  2.030507e-01 -7.638587e-03  0.000000e+00  0.000000e+00  0.000000e+00 
-4.896175e-03  9.791208e-01  2.030765e-01 -7.639687e-03  0.000000e+00  0.000000e+00  0.000000e+00 
-4.894238e-03  9.791178e-01  2.030911e-01 -7.640151e-03  0.000000e+00  0.000000e+00  0.000000e+00 
-4.893059e-03  9.791162e-01  2.030989e-01 -7.640394e-03  0.000000e+00  0.000000e+00  0.000000e+00 
-4.892288e-03  9.791153e-01  2.031032e-01 -7.640517e-03  0.000000e+00  0.000000e+00  0.000000e+00 
-4.891691e-03  9.791147e-01  2.031059e-01 -7.640589e-03  0.000000e+00  0.000000e+00  0.000000e+00 
-4.891212e-03  9.791144e-01  2.031076e-01 -7.640628e-03  0.000000e+00  0.000000e+00  0.000000e+00 
-4.890849e-03  9.791142e-01  2.031083e-01 -7.640632e-03  0.000000e+00  0.000000e+00  0.000000e+00 
-4.890544e-03  9.791142e-01  2.031085e-01 -7.640618e-03  0.000000e+00  0.000000e+00  0.000000e+00 
-4.890238e-03  9.791142e-01  2.031087e-01 -7.640605e-03  0.000000e+00  0.000000e+00  0.000000e+00 
-4.889933e-03  9.791141e-01  2.031088e-01 -7.640592e-03  0.000000e+00  0.000000e+00  0.000000e+00 
-4.889628e-03  9.791141e-01  2.031090e-01 -7.640579e-03  0.000000e+00  0.000000e+00  0.000000e+00 
-4.889324e-03  9.791141e-01  2.031092e-01 -7.640566e-03  0.000000e+00  0.000000e+00  0.000000e+00 
-4.889019e-03  9.791140e-01  2.031094e-01 -7.640553e-03  0.000000e+00  0.000000e+00  0.000000e+00 
-4.888714e-03  9.791140e-01  2.031095e-01 -7.640540e-03  0.000000e+00  0.000000e+00  0.000000e+00 
-4.888409e-03  9.791140e-01  2.031097e-01 -7.640527e-03  0.000000e+00  0.000000e+00  0.000000e+00 
-4.888104e-03  9.791139e-01  2.031099e-01 -7.640515e-03  0.000000e+00  0.000000e+00  0.000000e+00 
-4.887800e-03  9.791139e-01  2.031100e-01 -7.640502e-03  0.000000e+00  0.000000e+00  0.000000e+00 
-4.887495e-03  9.791139e-01  2.031102e-01 -7.640490e-03  0.000000e+00  0.000000e+00  0.000000e+00 
-4.887191e-03  9.791138e-01  2.031104e-01 -7.640477e-03  0.000000e+00  0.000000e+00  0.000000e+00 
-4.886886e-03  9.791138e-01  2.031106e-01 -7.640465e-03  0.000000e+00  0.000000e+00  0.000000e+00 
-4.886582e-03  9.791138e-01  2.031107e-01 -7.640453e-03  0.000000e+00  0.000000e+00  0.000000e+00 
-4.886277e-03  9.791137e-01  2.031109e-01 -7.640441e-03  0.000000e+00  0.000000e+00  0.000000e+00 
-4.885973e-03  9.791137e-01  2.031111e-01 -7.640429e-03  0.000000e+00  0.000000e+00  0.000000e+00 
-4.885668e-03  9.791137e-01  2.031113e-01 -7.640417e-03  0.000000e+00  0.000000e+00  0.000000e+00 
-4.885364e-03  9.791136e-01  2.031114e-01 -7.640405e-03  0.000000e+00  0.000000e+00  0.000000e+00 
-4.885060e-03  9.791136e-01  2.031116e-01 -7.640393e-03  0.000000e+00  0.000000e+00  0.000000e+00 
-4.884756e-03  9.791136e-01  2.031118e-01 -7.640382e-03  0.000000e+00  0.000000e+00  0.000000e+00 
-4.884452e-03  9.791135e-01  2.031120e-01 -7.640370e-03  0.000000e+00  0.000000e+00  0.000000e+00 
-4.884148e-03  9.791135e-01  2.031121e-01 -7.640359e-03  0.000000e+00  0.000000e+00  0.000000e+00 
-4.883844e-03  9.791135e-01  2.031123e-01 -7.640347e-03  0.000000e+00  0.000000e+00  0.000000e+00 
-4.883540e-03  9.791134e-01  2.031125e-01 -7.640336e-03  0.000000e+00  0.000000e+00  0.000000e+00 
-4.883236e-03  9.791134e-01  2.031127e-01 -7.640325e-03  0.000000e+00  0.000000e+00  0.000000e+00 
-4.882932e-03  9.791134e-01  2.031128e-01 -7.640314e-03  0.000000e+00  0.000000e+00  0.000000e+00 
-4.882628e-03  9.791133e-01  2.031130e-01 -7.640303e-03  0.000000e+00  0.000000e+00  0.000000e+00 
-4.882324e-03  9.791133e-01  2.031132e-01 -7.640292e-03  0.000000e+00  0.000000e+00  0.000000e+00 
-4.882021e-03  9.791132e-01  2.031134e-01 -7.640281e-03  0.000000e+00  0.000000e+00  0.000000e+00 
-4.881717e-03  9.791132e-01  2.031135e-01 -7.640270e-03  0.000000e+00  0.000000e+00  0.000000e+00 
-4.881414e-03  9.791132e-01  2.031137e-01 -7.640260e-03  0.000000e+00  0.000000e+00  0.000000e+00 
-4.881110e-03  9.791131e-01  2.031139e-01 -7.640249e-03  0.000000e+00  0.000000e+00  0.000000e+00 
-4.880807e-03  9.791131e-01  2.031141e-01 -7.640239e-03  0.000000e+00  0.000000e+00  0.000000e+00 
-4.880503e-03  9.791131e-01  2.031142e-01 -7.640229e-03  0.000000e+00  0.000000e+00  0.000000e+00 
-4.880200e-03  9.791130e-01  2.031144e-01 -7.640218e-03  0.000000e+00  0.000000e+00  0.000000e+00 
-4.879896e-03  9.791130e-01  2.031146e-01 -7.640208e-03  0.000000e+00  0.000000e+00  0.000000e+00 
-4.879593e-03  9.791130e-01  2.031148e-01 -7.640198e-03  0.000000e+00  0.000000e+00  0.000000e+00 
-4.879290e-03  9.791129e-01  2.031149e-01 -7.640188e-03  0.000000e+00  0.000000e+00  0.000000e+00 
-4.878987e-03  9.791129e-01  2.031151e-01 -7.640178e-03  0.000000e+00  0.000000e+00  0.000000e+00 
-4.878684e-03  9.791129e-01  2.031153e-01 -7.640169e-03  0.000000e+00  0.000000e+00  0.000000e+00 
-4.878381e-03  9.791128e-01  2.031155e-01 -7.640159e-03  0.000000e+00  0.000000e+00  0.000000e+00 
-4.878078e-03  9.791128e-01  2.031156e-01 -7.640149e-03  0.000000e+00  0.000000e+00  0.000000e+00 
-4.877775e-03  9.791128e-01  2.031158e-01 -7.640140e-03  0.000000e+00  0.000000e+00  0.000000e+00 
-4.877472e-03  9.791127e-01  2.031160e-01 -7.640131e-03  0.000000e+00  0.000000e+00  0.000000e+00 
-4.877169e-03  9.791127e-01  2.031162e-01 -7.640121e-03  0.000000e+00  0.000000e+00  0.000000e+00 
-4.876866e-03  9.791127e-01  2.031163e-01 -7.640112e-03  0.000000e+00  0.000000e+00  0.000000e+00 
-4.876563e-03  9.791126e-01  2.031165e-01 -7.640103e-03  0.000000e+00  0.000000e+00  0.000000e+00 
-4.876260e-03  9.791126e-01  2.031167e-01 -7.640094e-03  0.000000e+00  0.000000e+00  0.000000e+00 
-4.875958e-03  9.791126e-01  2.031169e-01 -7.640085e-03  0.000000e+00  0.000000e+00  0.000000e+00 
-4.875655e-03  9.791125e-01  2.031171e-01 -7.640076e-03  0.000000e+00  0.000000e+00  0.000000e+00 
-4.891860e-03  9.791125e-01  2.031167e-01 -7.636951e-03  0.000000e+00  0.000000e+00  0.000000e+00 
-4.917635e-03  9.791125e-01  2.031165e-01 -7.632025e-03  0.000000e+00  0.000000e+00  0.000000e+00 
-4.932348e-03  9.791123e-01  2.031173e-01 -7.629194e-03  0.000000e+00  0.000000e+00  0.000000e+00 
-4.940184e-03  9.791121e-01  2.031182e-01 -7.627662e-03  0.000000e+00  0.000000e+00  0.000000e+00 
-4.943893e-03  9.791118e-01  2.031193e-01 -7.626910e-03  0.000000e+00  0.000000e+00  0.000000e+00 
-4.946227e-03  9.791116e-01  2.031204e-01 -7.626418e-03  0.000000e+00  0.000000e+00  0.000000e+00 
-4.948562e-03  9.791113e-01  2.031215e-01 -7.625927e-03  0.000000e+00  0.000000e+00  0.000000e+00 
-4.950897e-03  9.791111e-01  2.031226e-01 -7.625437e-03  0.000000e+00  0.000000e+00  0.000000e+00 
-4.953232e-03  9.791109e-01  2.031237e-01 -7.624946e-03  0.000000e+00  0.000000e+00  0.000000e+00 
-4.955567e-03  9.791106e-01  2.031248e-01 -7.624457e-03  0.000000e+00  0.000000e+00  0.000000e+00 
-4.957903e-03  9.791104e-01  2.031259e-01 -7.623968e-03  0.000000e+00  0.000000e+00  0.000000e+00 
-4.960240e-03  9.791102e-01  2.031270e-01 -7.623480e-03  0.000000e+00  0.000000e+00  0.000000e+00 
-4.962576e-03  9.791099e-01  2.031281e-01 -7.622992e-03  0.000000e+00  0.000000e+00  0.000000e+00 
-4.964913e-03  9.791097e-01  2.031292e-01 -7.622505e-03  0.000000e+00  0.000000e+00  0.000000e+00 
-4.967251e-03  9.791094e-01  2.031303e-01 -7.622018e-03  0.000000e+00  0.000000e+00  0.000000e+00 
-4.969589e-03  9.791092e-01  2.031314e-01 -7.621532e-03  0.000000e+00  0.000000e+00  0.000000e+00 
-4.971927e-03  9.791090e-01  2.031325e-01 -7.621047e-03  0.000000e+00  0.000000e+00  0.000000e+00 
-4.974265e-03  9.791087e-01  2.031336e-01 -7.620562e-03  0.000000e+00  0.000000e+00  0.000000e+00 
-4.976604e-03  9.791085e-01  2.031347e-01 -7.620078e-03  0.000000e+00  0.000000e+00  0.000000e+00 
-4.978944e-03  9.791083e-01  2.031359e-01 -7.619594e-03  0.000000e+00  0.000000e+00  0.000000e+00 
-4.981284e-03  9.791080e-01  2.031370e-01 -7.619111e-03  0.000000e+00  0.000000e+00  0.000000e+00 
-4.983624e-03  9.791078e-01  2.031381e-01 -7.618628e-03  0.000000e+00  0.000000e+00  0.000000e+00 
-4.968082e-03  9.791075e-01  2.031397e-01 -7.621523e-03  0.000000e+00  0.000000e+00  0.000000e+00 
-4.943505e-03  9.791108e-01  2.031244e-01 -7.625897e-03  0.000000e+00  0.000000e+00  0.000000e+00 
-4.931084e-03  9.791162e-01  2.030984e-01 -7.627828e-03  0.000000e+00  0.000000e+00  0.000000e+00 
-4.922883e-03  9.791193e-01  2.030835e-01 -7.629097e-03  0.000000e+00  0.000000e+00  0.000000e+00 
-4.916676e-03  9.791211e-01  2.030752e-01 -7.630068e-03  0.000000e+00  0.000000e+00  0.000000e+00 
-4.912754e-03  9.791220e-01  2.030709e-01 -7.630657e-03  0.000000e+00  0.000000e+00  0.000000e+00 
-4.909975e-03  9.791225e-01  2.030686e-01 -7.631056e-03  0.000000e+00  0.000000e+00  0.000000e+00 
-4.907079e-03  9.791227e-01  2.030673e-01 -7.631488e-03  0.000000e+00  0.000000e+00  0.000000e+00 
-4.904124e-03  9.791229e-01  2.030665e-01 -7.631937e-03  0.000000e+00  0.000000e+00  0.000000e+00 
-4.901170e-03  9.791231e-01  2.030658e-01 -7.632386e-03  0.000000e+00  0.000000e+00  0.000000e+00 
-4.898215e-03  9.791233e-01  2.030650e-01 -7.632834e-03  0.000000e+00  0.000000e+00  0.000000e+00 
-4.895260e-03  9.791234e-01  2.030642e-01 -7.633282e-03  0.000000e+00  0.000000e+00  0.000000e+00 
-4.892304e-03  9.791236e-01  2.030635e-01 -7.633730e-03  0.000000e+00  0.000000e+00  0.000000e+00 
-4.889348e-03  9.791238e-01  2.030627e-01 -7.634177e-03  0.000000e+00  0.000000e+00  0.000000e+00 
-4.886392e-03  9.791239e-01  2.030620e-01 -7.634624e-03  0.000000e+00  0.000000e+00  0.000000e+00 
-4.883436e-03  9.791241e-01  2.030612e-01 -7.635070e-03  0.000000e+00  0.000000e+00  0.000000e+00 
-4.880480e-03  9.791243e-01  2.030605e-01 -7.635517e-03  0.000000e+00  0.000000e+00  0.000000e+00 
-4.877523e-03  9.791244e-01  2.030597e-01 -7.635962e-03  0.000000e+00  0.000000e+00  0.000000e+00 
-4.874566e-03  9.791246e-01  2.030589e-01 -7.636408e-03  0.000000e+00  0.000000e+00  0.000000e+00 
-4.889491e-03  9.791248e-01  2.030576e-01 -7.633477e-03  0.000000e+00  0.000000e+00  0.000000e+00 
-4.915363e-03  9.791250e-01  2.030564e-01 -7.628486e-03  0.000000e+00  0.000000e+00  0.000000e+00 
-4.930172e-03  9.791250e-01  2.030561e-01 -7.625590e-03  0.000000e+00  0.000000e+00  0.000000e+00 
-4.938103e-03  9.791250e-01  2.030560e-01 -7.623991e-03  0.000000e+00  0.000000e+00  0.000000e+00 
-4.941907e-03  9.791250e-01  2.030561e-01 -7.623172e-03  0.000000e+00  0.000000e+00  0.000000e+00 
-4.944336e-03  9.791249e-01  2.030562e-01 -7.622612e-03  0.000000e+00  0.000000e+00  0.000000e+00 
-4.946765e-03  9.791249e-01  2.030562e-01 -7.622052e-03  0.000000e+00  0.000000e+00  0.000000e+00 
-4.949193e-03  9.791249e-01  2.030563e-01 -7.621492e-03  0.000000e+00  0.000000e+00  0.000000e+00 
-4.951622e-03  9.791249e-01  2.030564e-01 -7.620932e-03  0.000000e+00  0.000000e+00  0.000000e+00 
-4.954051e-03  9.791248e-01  2.030565e-01 -7.620372e-03  0.000000e+00  0.000000e+00  0.000000e+00 
-4.956480e-03  9.791248e-01  2.030566e-01 -7.619813e-03  0.000000e+00  0.000000e+00  0.000000e+00 
-4.958909e-03  9.791248e-01  2.030567e-01 -7.619253e-03  0.000000e+00  0.000000e+00  0.000000e+00 
-4.961338e-03  9.791248e-01  2.030568e-01 -7.618693e-03  0.000000e+00  0.000000e+00  0.000000e+00 
-4.963767e-03  9.791247e-01  2.030568e-01 -7.618134e-03  0.000000e+00  0.000000e+00  0.000000e+00 
-4.966196e-03  9.791247e-01  2.030569e-01 -7.617574e-03  0.000000e+00  0.000000e+00  0.000000e+00 
-4.968625e-03  9.791247e-01  2.030570e-01 -7.617014e-03  0.000000e+00  0.000000e+00  0.000000e+00 
-4.971054e-03  9.791247e-01  2.030571e-01 -7.616455e-03  0.000000e+00  0.000000e+00  0.000000e+00 
-4.973483e-03  9.791246e-01  2.030572e-01 -7.615895e-03  0.000000e+00  0.000000e+00  0.000000e+00 
-4.975913e-03  9.791246e-01  2.030573e-01 -7.615336e-03  0.000000e+00  0.000000e+00  0.000000e+00 
-4.978342e-03  9.791246e-01  2.030573e-01 -7.614777e-03  0.000000e+00  0.000000e+00  0.000000e+00 
-4.980771e-03  9.791246e-01  2.030574e-01 -7.614217e-03  0.000000e+00  0.000000e+00  0.000000e+00 
-4.983200e-03  9.791245e-01  2.030575e-01 -7.613658e-03  0.000000e+00  0.000000e+00  0.000000e+00 
-4.967747e-03  9.791245e-01  2.030582e-01 -7.616474e-03  0.000000e+00  0.000000e+00  0.000000e+00 
-4.941347e-03  9.791244e-01  2.030587e-01 -7.621350e-03  0.000000e+00  0.000000e+00  0.000000e+00 
-4.926009e-03  9.791246e-01  2.030583e-01 -7.624132e-03  0.000000e+00  0.000000e+00  0.000000e+00 
-4.917550e-03  9.791247e-01  2.030577e-01 -7.625615e-03  0.000000e+00  0.000000e+00  0.000000e+00 
-4.913216e-03  9.791249e-01  2.030570e-01 -7.626319e-03  0.000000e+00  0.000000e+00  0.000000e+00 
-4.910258e-03  9.791251e-01  2.030563e-01 -7.626763e-03  0.000000e+00  0.000000e+00  0.000000e+00 
-4.907300e-03  9.791252e-01  2.030555e-01 -7.627206e-03  0.000000e+00  0.000000e+00  0.000000e+00 
-4.904342e-03  9.791254e-01  2.030547e-01 -7.627649e-03  0.000000e+00  0.000000e+00  0.000000e+00 
-4.901383e-03  9.791256e-01  2.030540e-01 -7.628092e-03  0.000000e+00  0.000000e+00  0.000000e+00 
-4.898424e-03  9.791257e-01  2.030532e-01 -7.628534e-03  0.000000e+00  0.000000e+00  0.000000e+00 
-4.895465e-03  9.791259e-01  2.030525e-01 -7.628976e-03  0.000000e+00  0.000000e+00  0.000000e+00 
-4.892505e-03  9.791261e-01  2.030517e-01 -7.629418e-03  0.000000e+00  0.000000e+00  0.000000e+00 
-4.889545e-03  9.791262e-01  2.030510e-01 -7.629859e-03  0.000000e+00  0.000000e+00  0.000000e+00 
-4.886585e-03  9.791264e-01  2.030502e-01 -7.630299e-03  0.000000e+00  0.000000e+00  0.000000e+00 
-4.883624e-03  9.791266e-01  2.030494e-01 -7.630740e-03  0.000000e+00  0.000000e+00  0.000000e+00 
-4.880664e-03  9.791267e-01  2.030487e-01 -7.631180e-03  0.000000e+00  0.000000e+00  0.000000e+00 
-4.877703e-03  9.791269e-01  2.030479e-01 -7.631619e-03  0.000000e+00  0.000000e+00  0.000000e+00 
-4.892624e-03  9.791271e-01  2.030466e-01 -7.628683e-03  0.000000e+00  0.000000e+00  0.000000e+00 
-4.918492e-03  9.791273e-01  2.030454e-01 -7.623687e-03  0.000000e+00  0.000000e+00  0.000000e+00 
-4.933297e-03  9.791273e-01  2.030451e-01 -7.620785e-03  0.000000e+00  0.000000e+00  0.000000e+00 
-4.941225e-03  9.791273e-01  2.030450e-01 -7.619181e-03  0.000000e+00  0.000000e+00  0.000000e+00 
-4.945025e-03  9.791273e-01  2.030451e-01 -7.618356e-03  0.000000e+00  0.000000e+00  0.000000e+00 
-4.947450e-03  9.791272e-01  2.030452e-01 -7.617790e-03  0.000000e+00  0.000000e+00  0.000000e+00 
-4.949875e-03  9.791272e-01  2.030453e-01 -7.617225e-03  0.000000e+00  0.000000e+00  0.000000e+00 
-4.952300e-03  9.791272e-01  2.030453e-01 -7.616659e-03  0.000000e+00  0.000000e+00  0.000000e+00 
-4.954725e-03  9.791272e-01  2.030454e-01 -7.616094e-03  0.000000e+00  0.000000e+00  0.000000e+00 
-4.957150e-03  9.791271e-01  2.030455e-01 -7.615528e-03  0.000000e+00  0.000000e+00  0.000000e+00 
-4.959575e-03  9.791271e-01  2.030456e-01 -7.614963e-03  0.000000e+00  0.000000e+00  0.000000e+00 
-4.962000e-03  9.791271e-01  2.030457e-01 -7.614397e-03  0.000000e+00  0.000000e+00  0.000000e+00 
-4.964425e-03  9.791271e-01  2.030458e-01 -7.613832e-03  0.000000e+00  0.000000e+00  0.000000e+00 
-4.966850e-03  9.791270e-01  2.030459e-01 -7.613267e-03  0.000000e+00  0.000000e+00  0.000000e+00 
-4.969275e-03  9.791270e-01  2.030460e-01 -7.612702e-03  0.000000e+00  0.000000e+00  0.000000e+00 
-4.971700e-03  9.791270e-01  2.030460e-01 -7.612136e-03  0.000000e+00  0.000000e+00  0.000000e+00 
-4.974126e-03  9.791270e-01  2.030461e-01 -7.611571e-03  0.000000e+00  0.000000e+00  0.000000e+00 
-4.976551e-03  9.791269e-01  2.030462e-01 -7.611006e-03  0.000000e+00  0.000000e+00  0.000000e+00 
-4.978976e-03  9.791269e-01  2.030463e-01 -7.610441e-03  0.000000e+00  0.000000e+00  0.000000e+00 
-4.981402e-03  9.791269e-01  2.030464e-01 -7.609876e-03  0.000000e+00  0.000000e+00  0.000000e+00 
-4.983827e-03  9.791268e-01  2.030465e-01 -7.609311e-03  0.000000e+00  0.000000e+00  0.000000e+00 
-4.986253e-03  9.791268e-01  2.030466e-01 -7.608746e-03  0.000000e+00  0.000000e+00  0.000000e+00 
-4.970795e-03  9.791267e-01  2.030472e-01 -7.611557e-03  0.000000e+00  0.000000e+00  0.000000e+00 
-4.944391e-03  9.791267e-01  2.030477e-01 -7.616427e-03  0.000000e+00  0.000000e+00  0.000000e+00 
-4.929050e-03  9.791269e-01  2.030474e-01 -7.619202e-03  0.000000e+00  0.000000e+00  0.000000e+00 
-4.920586e-03  9.791270e-01  2.030468e-01 -7.620680e-03  0.000000e+00  0.000000e+00  0.000000e+00 
-4.916249e-03  9.791272e-01  2.030461e-01 -7.621378e-03  0.000000e+00  0.000000e+00  0.000000e+00 
-4.913287e-03  9.791273e-01  2.030453e-01 -7.621816e-03  0.000000e+00  0.000000e+00  0.000000e+00 
-4.910325e-03  9.791275e-01  2.030446e-01 -7.622254e-03  0.000000e+00  0.000000e+00  0.000000e+00 
-4.907363e-03  9.791277e-01  2.030438e-01 -7.622691e-03  0.000000e+00  0.000000e+00  0.000000e+00 
-4.904400e-03  9.791279e-01  2.030431e-01 -7.623128e-03  0.000000e+00  0.000000e+00  0.000000e+00 
-4.901437e-03  9.791280e-01  2.030423e-01 -7.623565e-03  0.000000e+00  0.000000e+00  0.000000e+00 
-4.898474e-03  9.791282e-01  2.030415e-01 -7.624001e-03  0.000000e+00  0.000000e+00  0.000000e+00 
-4.895511e-03  9.791284e-01  2.030408e-01 -7.624437e-03  0.000000e+00  0.000000e+00  0.000000e+00 
-4.892547e-03  9.791285e-01  2.030400e-01 -7.624872e-03  0.000000e+00  0.000000e+00  0.000000e+00 
-4.889583e-03  9.791287e-01  2.030393e-01 -7.625308e-03  0.000000e+00  0.000000e+00  0.000000e+00 
-4.886618e-03  9.791289e-01  2.030385e-01 -7.625742e-03  0.000000e+00  0.000000e+00  0.000000e+00 
-4.883654e-03  9.791290e-01  2.030378e-01 -7.626177e-03  0.000000e+00  0.000000e+00  0.000000e+00 
-4.880689e-03  9.791292e-01  2.030370e-01 -7.626610e-03  0.000000e+00  0.000000e+00  0.000000e+00 
-4.877724e-03  9.791294e-01  2.030363e-01 -7.627044e-03  0.000000e+00  0.000000e+00  0.000000e+00 
-4.892641e-03  9.791296e-01  2.030350e-01 -7.624102e-03  0.000000e+00  0.000000e+00  0.000000e+00 
-4.918505e-03  9.791297e-01  2.030338e-01 -7.619100e-03  0.000000e+00  0.000000e+00  0.000000e+00 
-4.931395e-03  9.791262e-01  2.030504e-01 -7.616774e-03  0.000000e+00  0.000000e+00  0.000000e+00 
-4.937689e-03  9.791207e-01  2.030769e-01 -7.615833e-03  0.000000e+00  0.000000e+00  0.000000e+00 
-4.942514e-03  9.791175e-01  2.030922e-01 -7.615036e-03  0.000000e+00  0.000000e+00  0.000000e+00 
-4.945346e-03  9.791157e-01  2.031010e-01 -7.614536e-03  0.000000e+00  0.000000e+00  0.000000e+00 
-4.947268e-03  9.791147e-01  2.031057e-01 -7.614159e-03  0.000000e+00  0.000000e+00  0.000000e+00 
-4.949423e-03  9.791142e-01  2.031084e-01 -7.613714e-03  0.000000e+00  0.000000e+00  0.000000e+00 
-4.951695e-03  9.791138e-01  2.031100e-01 -7.613234e-03  0.000000e+00  0.000000e+00  0.000000e+00 
-4.954026e-03  9.791136e-01  2.031111e-01 -7.612738e-03  0.000000e+00  0.000000e+00  0.000000e+00 
-4.956356e-03  9.791133e-01  2.031122e-01 -7.612242e-03  0.000000e+00  0.000000e+00  0.000000e+00 
-4.958687e-03  9.791131e-01  2.031133e-01 -7.611747e-03  0.000000e+00  0.000000e+00  0.000000e+00 
-4.961019e-03  9.791129e-01  2.031144e-01 -7.611252e-03  0.000000e+00  0.000000e+00  0.000000e+00 
-4.963351e-03  9.791126e-01  2.031156e-01 -7.610758e-03  0.000000e+00  0.000000e+00  0.000000e+00 
-4.965683e-03  9.791124e-01  2.031167e-01 -7.610264e-03  0.000000e+00  0.000000e+00  0.000000e+00 
-4.968016e-03  9.791121e-01  2.031178e-01 -7.609771e-03  0.000000e+00  0.000000e+00  0.000000e+00 
-4.970348e-03  9.791119e-01  2.031189e-01 -7.609279e-03  0.000000e+00  0.000000e+00  0.000000e+00 
-4.972682e-03  9.791117e-01  2.031200e-01 -7.608787e-03  0.000000e+00  0.000000e+00  0.000000e+00 
-4.975016e-03  9.791114e-01  2.031211e-01 -7.608296e-03  0.000000e+00  0.000000e+00  0.000000e+00 
-4.977350e-03  9.791112e-01  2.031222e-01 -7.607805e-03  0.000000e+00  0.000000e+00  0.000000e+00 
-4.979684e-03  9.791109e-01  2.031234e-01 -7.607315e-03  0.000000e+00  0.000000e+00  0.000000e+00 
-4.982019e-03  9.791107e-01  2.031245e-01 -7.606826e-03  0.000000e+00  0.000000e+00  0.000000e+00 
-4.984354e-03  9.791105e-01  2.031256e-01 -7.606337e-03  0.000000e+00  0.000000e+00  0.000000e+00 
-4.986690e-03  9.791102e-01  2.031267e-01 -7.605849e-03  0.000000e+00  0.000000e+00  0.000000e+00 
-4.971144e-03  9.791099e-01  2.031284e-01 -7.608738e-03  0.000000e+00  0.000000e+00  0.000000e+00 
-4.944651e-03  9.791097e-01  2.031299e-01 -7.613688e-03  0.000000e+00  0.000000e+00  0.000000e+00 
-4.929221e-03  9.791096e-01  2.031306e-01 -7.616543e-03  0.000000e+00  0.000000e+00  0.000000e+00 
-4.920669e-03  9.791096e-01  2.031310e-01 -7.618100e-03  0.000000e+00  0.000000e+00  0.000000e+00 
-4.916244e-03  9.791095e-01  2.031313e-01 -7.618878e-03  0.000000e+00  0.000000e+00  0.000000e+00 
-4.913194e-03  9.791095e-01  2.031316e-01 -7.619397e-03  0.000000e+00  0.000000e+00  0.000000e+00 
-4.910145e-03  9.791094e-01  2.031319e-01 -7.619915e-03  0.000000e+00  0.000000e+00  0.000000e+00 
-4.907096e-03  9.791094e-01  2.031321e-01 -7.620434e-03  0.000000e+00  0.000000e+00  0.000000e+00 
-4.904046e-03  9.791093e-01  2.031324e-01 -7.620953e-03  0.000000e+00  0.000000e+00  0.000000e+00 
-4.900997e-03  9.791093e-01  2.031327e-01 -7.621472e-03  0.000000e+00  0.000000e+00  0.000000e+00 
-4.897948e-03  9.791092e-01  2.031330e-01 -7.621991e-03  0.000000e+00  0.000000e+00  0.000000e+00 
-4.894899e-03  9.791092e-01  2.031332e-01 -7.622510e-03  0.000000e+00  0.000000e+00  0.000000e+00 
-4.891850e-03  9.791092e-01  2.031335e-01 -7.623030e-03  0.000000e+00  0.000000e+00  0.000000e+00 
-4.888801e-03  9.791091e-01  2.031338e-01 -7.623549e-03  0.000000e+00  0.000000e+00  0.000000e+00 
-4.885752e-03  9.791091e-01  2.031341e-01 -7.624069e-03  0.000000e+00  0.000000e+00  0.000000e+00 
-4.882703e-03  9.791090e-01  2.031343e-01 -7.624589e-03  0.000000e+00  0.000000e+00  0.000000e+00 
-4.879654e-03  9.791090e-01  2.031346e-01 -7.625109e-03  0.000000e+00  0.000000e+00  0.000000e+00 
-4.894488e-03  9.791090e-01  2.031343e-01 -7.622252e-03  0.000000e+00  0.000000e+00  0.000000e+00 
-4.920268e-03  9.791089e-01  2.031342e-01 -7.617335e-03  0.000000e+00  0.000000e+00  0.000000e+00 
-4.934986e-03  9.791087e-01  2.031349e-01 -7.614514e-03  0.000000e+00  0.000000e+00  0.000000e+00 
-4.942827e-03  9.791085e-01  2.031358e-01 -7.612991e-03  0.000000e+00  0.000000e+00  0.000000e+00 
-4.946541e-03  9.791083e-01  2.031369e-01 -7.612249e-03  0.000000e+00  0.000000e+00  0.000000e+00 
-4.948880e-03  9.791080e-01  2.031380e-01 -7.611766e-03  0.000000e+00  0.000000e+00  0.000000e+00 
-4.951220e-03  9.791078e-01  2.031391e-01 -7.611284e-03  0.000000e+00  0.000000e+00  0.000000e+00 
-4.953560e-03  9.791075e-01  2.031402e-01 -7.610803e-03  0.000000e+00  0.000000e+00  0.000000e+00 
-4.957811e-03  9.791108e-01  2.031244e-01 -7.609740e-03  0.000000e+00  0.000000e+00  0.000000e+00 
-4.961780e-03  9.791161e-01  2.030990e-01 -7.608590e-03  0.000000e+00  0.000000e+00  0.000000e+00 
-4.963092e-03  9.791190e-01  2.030848e-01 -7.608076e-03  0.000000e+00  0.000000e+00  0.000000e+00 
-4.963705e-03  9.791207e-01  2.030768e-01 -7.607767e-03  0.000000e+00  0.000000e+00  0.000000e+00 
-4.963909e-03  9.791216e-01  2.030723e-01 -7.607578e-03  0.000000e+00  0.000000e+00  0.000000e+00 
-4.963881e-03  9.791221e-01  2.030700e-01 -7.607458e-03  0.000000e+00  0.000000e+00  0.000000e+00 
-4.963736e-03  9.791224e-01  2.030686e-01 -7.607371e-03  0.000000e+00  0.000000e+00  0.000000e+00 
-4.963533e-03  9.791226e-01  2.030678e-01 -7.607302e-03  0.000000e+00  0.000000e+00  0.000000e+00 
-4.963330e-03  9.791227e-01  2.030669e-01 -7.607232e-03  0.000000e+00  0.000000e+00  0.000000e+00 
-4.963126e-03  9.791229e-01  2.030661e-01 -7.607162e-03  0.000000e+00  0.000000e+00  0.000000e+00 
-4.962922e-03  9.791231e-01  2.030652e-01 -7.607091e-03  0.000000e+00  0.000000e+00  0.000000e+00 
-4.962718e-03  9.791233e-01  2.030644e-01 -7.607020e-03  0.000000e+00  0.000000e+00  0.000000e+00 
-4.962513e-03  9.791234e-01  2.030635e-01 -7.606949e-03  0.000000e+00  0.000000e+00  0.000000e+00 
-4.962308e-03  9.791236e-01  2.030627e-01 -7.606877e-03  0.000000e+00  0.000000e+00  0.000000e+00 
-4.962103e-03  9.791238e-01  2.030618e-01 -7.606804e-03  0.000000e+00  0.000000e+00  0.000000e+00 
-4.961898e-03  9.791240e-01  2.030610e-01 -7.606732e-03  0.000000e+00  0.000000e+00  0.000000e+00 
-4.961692e-03  9.791241e-01  2.030602e-01 -7.606658e-03  0.000000e+00  0.000000e+00  0.000000e+00 
-4.961486e-03  9.791243e-01  2.030593e-01 -7.606584e-03  0.000000e+00  0.000000e+00  0.000000e+00 
-4.961280e-03  9.791245e-01  2.030585e-01 -7.606510e-03  0.000000e+00  0.000000e+00  0.000000e+00 
-4.961073e-03  9.791247e-01  2.030576e-01 -7.606436e-03  0.000000e+00  0.000000e+00  0.000000e+00 
-4.960867e-03  9.791249e-01  2.030568e-01 -7.606361e-03  0.000000e+00  0.000000e+00  0.000000e+00 
-4.960659e-03  9.791250e-01  2.030559e-01 -7.606285e-03  0.000000e+00  0.000000e+00  0.000000e+00 
-4.960452e-03  9.791252e-01  2.030551e-01 -7.606209e-03  0.000000e+00  0.000000e+00  0.000000e+00 
-4.960244e-03  9.791254e-01  2.030543e-01 -7.606133e-03  0.000000e+00  0.000000e+00  0.000000e+00 
-4.960036e-03  9.791256e-01  2.030534e-01 -7.606056e-03  0.000000e+00  0.000000e+00  0.000000e+00 
-4.959828e-03  9.791257e-01  2.030526e-01 -7.605979e-03  0.000000e+00  0.000000e+00  0.000000e+00 
-4.959619e-03  9.791259e-01  2.030517e-01 -7.605901e-03  0.000000e+00  0.000000e+00  0.000000e+00 
-4.959410e-03  9.791261e-01  2.030509e-01 -7.605823e-03  0.000000e+00  0.000000e+00  0.000000e+00 
-4.959201e-03  9.791263e-01  2.030500e-01 -7.605744e-03  0.000000e+00  0.000000e+00  0.000000e+00 
-4.958992e-03  9.791264e-01  2.030492e-01 -7.605665e-03  0.000000e+00  0.000000e+00  0.000000e+00 
-4.958782e-03  9.791266e-01  2.030483e-01 -7.605586e-03  0.000000e+00  0.000000e+00  0.000000e+00 
-4.958572e-03  9.791268e-01  2.030475e-01 -7.605506e-03  0.000000e+00  0.000000e+00  0.000000e+00 
-4.958362e-03  9.791270e-01  2.030467e-01 -7.605426e-03  0.000000e+00  0.000000e+00  0.000000e+00 
-4.958151e-03  9.791271e-01  2.030458e-01 -7.605345e-03  0.000000e+00  0.000000e+00  0.000000e+00 
-4.957940e-03  9.791273e-01  2.030450e-01 -7.605264e-03  0.000000e+00  0.000000e+00  0.000000e+00 
-4.957729e-03  9.791275e-01  2.030441e-01 -7.605182e-03  0.000000e+00  0.000000e+00  0.000000e+00 
-4.957518e-03  9.791277e-01  2.030433e-01 -7.605100e-03  0.000000e+00  0.000000e+00  0.000000e+00 
-4.957306e-03  9.791279e-01  2.030425e-01 -7.605018e-03  0.000000e+00  0.000000e+00  0.000000e+00 
-4.957094e-03  9.791280e-01  2.030416e-01 -7.604935e-03  0.000000e+00  0.000000e+00  0.000000e+00 
-4.956882e-03  9.791282e-01  2.030408e-01 -7.604851e-03  0.000000e+00  0.000000e+00  0.000000e+00 
-4.956669e-03  9.791284e-01  2.030399e-01 -7.604767e-03  0.000000e+00  0.000000e+00  0.000000e+00 
-4.956456e-03  9.791286e-01  2.030391e-01 -7.604683e-03  0.000000e+00  0.000000e+00  0.000000e+00 
-4.956243e-03  9.791287e-01  2.030382e-01 -7.604598e-03  0.000000e+00  0.000000e+00  0.000000e+00 
-4.956029e-03  9.791289e-01  2.030374e-01 -7.604513e-03  0.000000e+00  0.000000e+00  0.000000e+00 
-4.955816e-03  9.791291e-01  2.030366e-01 -7.604428e-03  0.000000e+00  0.000000e+00  0.000000e+00 
-4.955602e-03  9.791293e-01  2.030357e-01 -7.604342e-03  0.000000e+00  0.000000e+00  0.000000e+00 
-4.955387e-03  9.791294e-01  2.030349e-01 -7.604255e-03  0.000000e+00  0.000000e+00  0.000000e+00 
-4.955173e-03  9.791296e-01  2.030340e-01 -7.604168e-03  0.000000e+00  0.000000e+00  0.000000e+00 
-4.953047e-03  9.791263e-01  2.030501e-01 -7.604663e-03  0.000000e+00  0.000000e+00  0.000000e+00 
-4.951203e-03  9.791210e-01  2.030759e-01 -7.605245e-03  0.000000e+00  0.000000e+00  0.000000e+00 
-4.952017e-03  9.791180e-01  2.030903e-01 -7.605192e-03  0.000000e+00  0.000000e+00  0.000000e+00 
-4.953530e-03  9.791162e-01  2.030986e-01 -7.604933e-03  0.000000e+00  0.000000e+00  0.000000e+00 
-4.955451e-03  9.791152e-01  2.031033e-01 -7.604555e-03  0.000000e+00  0.000000e+00  0.000000e+00 
-4.957605e-03  9.791147e-01  2.031060e-01 -7.604108e-03  0.000000e+00  0.000000e+00  0.000000e+00 
-4.959875e-03  9.791143e-01  2.031076e-01 -7.603628e-03  0.000000e+00  0.000000e+00  0.000000e+00 
-4.962204e-03  9.791141e-01  2.031087e-01 -7.603130e-03  0.000000e+00  0.000000e+00  0.000000e+00 
-4.964534e-03  9.791139e-01  2.031098e-01 -7.602633e-03  0.000000e+00  0.000000e+00  0.000000e+00 
-4.966864e-03  9.791136e-01  2.031110e-01 -7.602137e-03  0.000000e+00  0.000000e+00  0.000000e+00 
-4.969194e-03  9.791134e-01  2.031121e-01 -7.601641e-03  0.000000e+00  0.000000e+00  0.000000e+00 
-4.971525e-03  9.791131e-01  2.031132e-01 -7.601146e-03  0.000000e+00  0.000000e+00  0.000000e+00 
-4.973856e-03  9.791129e-01  2.031143e-01 -7.600651e-03  0.000000e+00  0.000000e+00  0.000000e+00 
-4.976187e-03  9.791127e-01  2.031154e-01 -7.600157e-03  0.000000e+00  0.000000e+00  0.000000e+00 
-4.978519e-03  9.791124e-01  2.031166e-01 -7.599664e-03  0.000000e+00  0.000000e+00  0.000000e+00 
-4.980851e-03  9.791122e-01  2.031177e-01 -7.599171e-03  0.000000e+00  0.000000e+00  0.000000e+00 
-4.983184e-03  9.791119e-01  2.031188e-01 -7.598679e-03  0.000000e+00  0.000000e+00  0.000000e+00 
-4.985517e-03  9.791117e-01  2.031199e-01 -7.598187e-03  0.000000e+00  0.000000e+00  0.000000e+00 
-4.987850e-03  9.791115e-01  2.031210e-01 -7.597696e-03  0.000000e+00  0.000000e+00  0.000000e+00 
-4.972301e-03  9.791112e-01  2.031227e-01 -7.600582e-03  0.000000e+00  0.000000e+00  0.000000e+00 
-4.945806e-03  9.791109e-01  2.031243e-01 -7.605529e-03  0.000000e+00  0.000000e+00  0.000000e+00 
-4.930374e-03  9.791109e-01  2.031249e-01 -7.608382e-03  0.000000e+00  0.000000e+00  0.000000e+00 
-4.921819e-03  9.791108e-01  2.031254e-01 -7.609936e-03  0.000000e+00  0.000000e+00  0.000000e+00 
-4.917392e-03  9.791107e-01  2.031257e-01 -7.610711e-03  0.000000e+00  0.000000e+00  0.000000e+00 
-4.914340e-03  9.791107e-01  2.031260e-01 -7.611226e-03  0.000000e+00  0.000000e+00  0.000000e+00 
-4.911288e-03  9.791106e-01  2.031263e-01 -7.611742e-03  0.000000e+00  0.000000e+00  0.000000e+00 
-4.908237e-03  9.791106e-01  2.031265e-01 -7.612258e-03  0.000000e+00  0.000000e+00  0.000000e+00 
-4.905185e-03  9.791106e-01  2.031268e-01 -7.612774e-03  0.000000e+00  0.000000e+00  0.000000e+00 
-4.902133e-03  9.791105e-01  2.031271e-01 -7.613290e-03  0.000000e+00  0.000000e+00  0.000000e+00 
-4.899082e-03  9.791105e-01  2.031274e-01 -7.613807e-03  0.000000e+00  0.000000e+00  0.000000e+00 
-4.896030e-03  9.791104e-01  2.031276e-01 -7.614323e-03  0.000000e+00  0.000000e+00  0.000000e+00 
-4.892979e-03  9.791104e-01  2.031279e-01 -7.614840e-03  0.000000e+00  0.000000e+00  0.000000e+00 
-4.889928e-03  9.791103e-01  2.031282e-01 -7.615356e-03  0.000000e+00  0.000000e+00  0.000000e+00 
-4.886876e-03  9.791103e-01  2.031285e-01 -7.615873e-03  0.000000e+00  0.000000e+00  0.000000e+00 
-4.883825e-03  9.791102e-01  2.031288e-01 -7.616391e-03  0.000000e+00  0.000000e+00  0.000000e+00 
-4.880774e-03  9.791102e-01  2.031290e-01 -7.616908e-03  0.000000e+00  0.000000e+00  0.000000e+00 
-4.895606e-03  9.791102e-01  2.031287e-01 -7.614049e-03  0.000000e+00  0.000000e+00  0.000000e+00 
-4.921384e-03  9.791101e-01  2.031286e-01 -7.609129e-03  0.000000e+00  0.000000e+00  0.000000e+00 
-4.936100e-03  9.791099e-01  2.031293e-01 -7.606305e-03  0.000000e+00  0.000000e+00  0.000000e+00 
-4.943938e-03  9.791097e-01  2.031303e-01 -7.604779e-03  0.000000e+00  0.000000e+00  0.000000e+00 
-4.947650e-03  9.791095e-01  2.031314e-01 -7.604034e-03  0.000000e+00  0.000000e+00  0.000000e+00 
-4.950045e-03  9.791093e-01  2.031320e-01 -7.603531e-03  0.000000e+00  0.000000e+00  0.000000e+00 
-4.952497e-03  9.791093e-01  2.031321e-01 -7.603011e-03  0.000000e+00  0.000000e+00  0.000000e+00 
-4.954950e-03  9.791093e-01  2.031322e-01 -7.602491e-03  0.000000e+00  0.000000e+00  0.000000e+00 
-4.957403e-03  9.791093e-01  2.031322e-01 -7.601971e-03  0.000000e+00  0.000000e+00  0.000000e+00 
-4.959856e-03  9.791092e-01  2.031323e-01 -7.601451e-03  0.000000e+00  0.000000e+00  0.000000e+00 
-4.962309e-03  9.791092e-01  2.031324e-01 -7.600931e-03  0.000000e+00  0.000000e+00  0.000000e+00 
-4.964762e-03  9.791092e-01  2.031325e-01 -7.600411e-03  0.000000e+00  0.000000e+00  0.000000e+00 
-4.967215e-03  9.791091e-01  2.031326e-01 -7.599891e-03  0.000000e+00  0.000000e+00  0.000000e+00 
-4.969668e-03  9.791091e-01  2.031327e-01 -7.599371e-03  0.000000e+00  0.000000e+00  0.000000e+00 
-4.972121e-03  9.791091e-01  2.031328e-01 -7.598851e-03  0.000000e+00  0.000000e+00  0.000000e+00 
-4.974574e-03  9.791091e-01  2.031329e-01 -7.598332e-03  0.000000e+00  0.000000e+00  0.000000e+00 
-4.977027e-03  9.791090e-01  2.031330e-01 -7.597812e-03  0.000000e+00  0.000000e+00  0.000000e+00 
-4.979480e-03  9.791090e-01  2.031331e-01 -7.597292e-03  0.000000e+00  0.000000e+00  0.000000e+00 
-4.981934e-03  9.791090e-01  2.031332e-01 -7.596773e-03  0.000000e+00  0.000000e+00  0.000000e+00 
-4.984387e-03  9.791089e-01  2.031333e-01 -7.596253e-03  0.000000e+00  0.000000e+00  0.000000e+00 
-4.986840e-03  9.791089e-01  2.031334e-01 -7.595733e-03  0.000000e+00  0.000000e+00  0.000000e+00 
-4.989294e-03  9.791089e-01  2.031335e-01 -7.595214e-03  0.000000e+00  0.000000e+00  0.000000e+00 
-4.973865e-03  9.791088e-01  2.031342e-01 -7.598071e-03  0.000000e+00  0.000000e+00  0.000000e+00 
-4.947489e-03  9.791088e-01  2.031347e-01 -7.602989e-03  0.000000e+00  0.000000e+00  0.000000e+00 
-4.932176e-03  9.791089e-01  2.031343e-01 -7.605812e-03  0.000000e+00  0.000000e+00  0.000000e+00 
-4.923740e-03  9.791091e-01  2.031337e-01 -7.607336e-03  0.000000e+00  0.000000e+00  0.000000e+00 
-4.919431e-03  9.791092e-01  2.031330e-01 -7.608080e-03  0.000000e+00  0.000000e+00  0.000000e+00 
-4.916498e-03  9.791094e-01  2.031323e-01 -7.608564e-03  0.000000e+00  0.000000e+00  0.000000e+00 
-4.913564e-03  9.791096e-01  2.031315e-01 -7.609048e-03  0.000000e+00  0.000000e+00  0.000000e+00 
-4.910629e-03  9.791097e-01  2.031308e-01 -7.609531e-03  0.000000e+00  0.000000e+00  0.000000e+00 
-4.907695e-03  9.791099e-01  2.031301e-01 -7.610014e-03  0.000000e+00  0.000000e+00  0.000000e+00 
-4.904760e-03  9.791101e-01  2.031293e-01 -7.610497e-03  0.000000e+00  0.000000e+00  0.000000e+00 
-4.901825e-03  9.791102e-01  2.031286e-01 -7.610979e-03  0.000000e+00  0.000000e+00  0.000000e+00 
-4.898889e-03  9.791104e-01  2.031278e-01 -7.611461e-03  0.000000e+00  0.000000e+00  0.000000e+00 
-4.895954e-03  9.791106e-01  2.031271e-01 -7.611942e-03  0.000000e+00  0.000000e+00  0.000000e+00 
-4.893018e-03  9.791107e-01  2.031263e-01 -7.612423e-03  0.000000e+00  0.000000e+00  0.000000e+00 
-4.890082e-03  9.791109e-01  2.031256e-01 -7.612904e-03  0.000000e+00  0.000000e+00  0.000000e+00 
-4.887145e-03  9.791111e-01  2.031248e-01 -7.613384e-03  0.000000e+00  0.000000e+00  0.000000e+00 
-4.884208e-03  9.791112e-01  2.031241e-01 -7.613864e-03  0.000000e+00  0.000000e+00  0.000000e+00 
-4.881271e-03  9.791114e-01  2.031233e-01 -7.614344e-03  0.000000e+00  0.000000e+00  0.000000e+00 
-4.896217e-03  9.791116e-01  2.031220e-01 -7.611447e-03  0.000000e+00  0.000000e+00  0.000000e+00 
-4.922108e-03  9.791118e-01  2.031209e-01 -7.606488e-03  0.000000e+00  0.000000e+00  0.000000e+00 
-4.936937e-03  9.791118e-01  2.031206e-01 -7.603625e-03  0.000000e+00  0.000000e+00  0.000000e+00 
-4.944888e-03  9.791118e-01  2.031205e-01 -7.602060e-03  0.000000e+00  0.000000e+00  0.000000e+00 
-4.948713e-03  9.791117e-01  2.031205e-01 -7.601274e-03  0.000000e+00  0.000000e+00  0.000000e+00 
-4.951161e-03  9.791117e-01  2.031206e-01 -7.600748e-03  0.000000e+00  0.000000e+00  0.000000e+00 
-4.953610e-03  9.791117e-01  2.031207e-01 -7.600222e-03  0.000000e+00  0.000000e+00  0.000000e+00 
-4.956059e-03  9.791116e-01  2.031208e-01 -7.599696e-03  0.000000e+00  0.000000e+00  0.000000e+00 
-4.958508e-03  9.791116e-01  2.031209e-01 -7.599170e-03  0.000000e+00  0.000000e+00  0.000000e+00 
-4.960957e-03  9.791116e-01  2.031210e-01 -7.598644e-03  0.000000e+00  0.000000e+00  0.000000e+00 
-4.963406e-03  9.791116e-01  2.031211e-01 -7.598118e-03  0.000000e+00  0.000000e+00  0.000000e+00 
-4.965855e-03  9.791115e-01  2.031212e-01 -7.597592e-03  0.000000e+00  0.000000e+00  0.000000e+00 
-4.968304e-03  9.791115e-01  2.031213e-01 -7.597067e-03  0.000000e+00  0.000000e+00  0.000000e+00 
-4.970753e-03  9.791115e-01  2.031214e-01 -7.596541e-03  0.000000e+00  0.000000e+00  0.000000e+00 
-4.973203e-03  9.791114e-01  2.031215e-01 -7.596015e-03  0.000000e+00  0.000000e+00  0.000000e+00 
-4.975652e-03  9.791114e-01  2.031216e-01 -7.595490e-03  0.000000e+00  0.000000e+00  0.000000e+00 
-4.978101e-03  9.791114e-01  2.031217e-01 -7.594964e-03  0.000000e+00  0.000000e+00  0.000000e+00 
-4.980551e-03  9.791114e-01  2.031218e-01 -7.594439e-03  0.000000e+00  0.000000e+00  0.000000e+00 
-4.983000e-03  9.791113e-01  2.031219e-01 -7.593913e-03  0.000000e+00  0.000000e+00  0.000000e+00 
-4.985449e-03  9.791113e-01  2.031220e-01 -7.593388e-03  0.000000e+00  0.000000e+00  0.000000e+00 
-4.987899e-03  9.791113e-01  2.031221e-01 -7.592862e-03  0.000000e+00  0.000000e+00  0.000000e+00 
-4.990348e-03  9.791112e-01  2.031222e-01 -7.592337e-03  0.000000e+00  0.000000e+00  0.000000e+00 
-4.974916e-03  9.791112e-01  2.031229e-01 -7.595188e-03  0.000000e+00  0.000000e+00  0.000000e+00 
-4.948536e-03  9.791111e-01  2.031234e-01 -7.600100e-03  0.000000e+00  0.000000e+00  0.000000e+00 
-4.933219e-03  9.791113e-01  2.031230e-01 -7.602917e-03  0.000000e+00  0.000000e+00  0.000000e+00 
-4.924779e-03  9.791114e-01  2.031225e-01 -7.604435e-03  0.000000e+00  0.000000e+00  0.000000e+00 
-4.920466e-03  9.791116e-01  2.031218e-01 -7.605173e-03  0.000000e+00  0.000000e+00  0.000000e+00 
-4.917529e-03  9.791118e-01  2.031210e-01 -7.605651e-03  0.000000e+00  0.000000e+00  0.000000e+00 
-4.914591e-03  9.791119e-01  2.031203e-01 -7.606129e-03  0.000000e+00  0.000000e+00  0.000000e+00 
-4.911653e-03  9.791121e-01  2.031195e-01 -7.606607e-03  0.000000e+00  0.000000e+00  0.000000e+00 
-4.908714e-03  9.791123e-01  2.031188e-01 -7.607084e-03  0.000000e+00  0.000000e+00  0.000000e+00 
-4.905775e-03  9.791124e-01  2.031180e-01 -7.607561e-03  0.000000e+00  0.000000e+00  0.000000e+00 
-4.902836e-03  9.791126e-01  2.031173e-01 -7.608037e-03  0.000000e+00  0.000000e+00  0.000000e+00 
-4.899897e-03  9.791127e-01  2.031165e-01 -7.608513e-03  0.000000e+00  0.000000e+00  0.000000e+00 
-4.896958e-03  9.791129e-01  2.031158e-01 -7.608988e-03  0.000000e+00  0.000000e+00  0.000000e+00 
-4.894018e-03  9.791131e-01  2.031151e-01 -7.609463e-03  0.000000e+00  0.000000e+00  0.000000e+00 
-4.891078e-03  9.791132e-01  2.031143e-01 -7.609938e-03  0.000000e+00  0.000000e+00  0.000000e+00 
-4.888137e-03  9.791134e-01  2.031136e-01 -7.610413e-03  0.000000e+00  0.000000e+00  0.000000e+00 
-4.885197e-03  9.791136e-01  2.031128e-01 -7.610887e-03  0.000000e+00  0.000000e+00  0.000000e+00 
-4.882256e-03  9.791137e-01  2.031121e-01 -7.611360e-03  0.000000e+00  0.000000e+00  0.000000e+00 
-4.897197e-03  9.791140e-01  2.031108e-01 -7.608457e-03  0.000000e+00  0.000000e+00  0.000000e+00 
-4.923085e-03  9.791141e-01  2.031096e-01 -7.603493e-03  0.000000e+00  0.000000e+00  0.000000e+00 
-4.937910e-03  9.791141e-01  2.031093e-01 -7.600624e-03  0.000000e+00  0.000000e+00  0.000000e+00 
-4.945857e-03  9.791141e-01  2.031092e-01 -7.599053e-03  0.000000e+00  0.000000e+00  0.000000e+00 
-4.949678e-03  9.791141e-01  2.031093e-01 -7.598262e-03  0.000000e+00  0.000000e+00  0.000000e+00 
-4.952123e-03  9.791141e-01  2.031094e-01 -7.597730e-03  0.000000e+00  0.000000e+00  0.000000e+00 
-4.954568e-03  9.791140e-01  2.031095e-01 -7.597198e-03  0.000000e+00  0.000000e+00  0.000000e+00 
-4.957013e-03  9.791140e-01  2.031096e-01 -7.596666e-03  0.000000e+00  0.000000e+00  0.000000e+00 
-4.959458e-03  9.791140e-01  2.031097e-01 -7.596135e-03  0.000000e+00  0.000000e+00  0.000000e+00 
-4.961903e-03  9.791139e-01  2.031098e-01 -7.595603e-03  0.000000e+00  0.000000e+00  0.000000e+00 
-4.964348e-03  9.791139e-01  2.031099e-01 -7.595071e-03  0.000000e+00  0.000000e+00  0.000000e+00 
-4.966793e-03  9.791139e-01  2.031100e-01 -7.594540e-03  0.000000e+00  0.000000e+00  0.000000e+00 
-4.969238e-03  9.791138e-01  2.031101e-01 -7.594008e-03  0.000000e+00  0.000000e+00  0.000000e+00 
-4.971684e-03  9.791138e-01  2.031102e-01 -7.593477e-03  0.000000e+00  0.000000e+00  0.000000e+00 
-4.974129e-03  9.791138e-01  2.031103e-01 -7.592945e-03  0.000000e+00  0.000000e+00  0.000000e+00 
-4.976574e-03  9.791138e-01  2.031104e-01 -7.592414e-03  0.000000e+00  0.000000e+00  0.000000e+00 
-4.979020e-03  9.791137e-01  2.031105e-01 -7.591882e-03  0.000000e+00  0.000000e+00  0.000000e+00 
-4.981465e-03  9.791137e-01  2.031106e-01 -7.591351e-03  0.000000e+00  0.000000e+00  0.000000e+00 
-4.983911e-03  9.791137e-01  2.031107e-01 -7.590820e-03  0.000000e+00  0.000000e+00  0.000000e+00 
-4.986356e-03  9.791136e-01  2.031108e-01 -7.590289e-03  0.000000e+00  0.000000e+00  0.000000e+00 
-4.988802e-03  9.791136e-01  2.031109e-01 -7.589758e-03  0.000000e+00  0.000000e+00  0.000000e+00 
-4.991248e-03  9.791136e-01  2.031110e-01 -7.589226e-03  0.000000e+00  0.000000e+00  0.000000e+00 
-4.975811e-03  9.791135e-01  2.031116e-01 -7.592072e-03  0.000000e+00  0.000000e+00  0.000000e+00 
-4.949427e-03  9.791135e-01  2.031122e-01 -7.596978e-03  0.000000e+00  0.000000e+00  0.000000e+00 
-4.934106e-03  9.791136e-01  2.031118e-01 -7.599788e-03  0.000000e+00  0.000000e+00  0.000000e+00 
-4.925663e-03  9.791138e-01  2.031112e-01 -7.601300e-03  0.000000e+00  0.000000e+00  0.000000e+00 
-4.921346e-03  9.791139e-01  2.031105e-01 -7.602033e-03  0.000000e+00  0.000000e+00  0.000000e+00 
-4.918405e-03  9.791141e-01  2.031098e-01 -7.602505e-03  0.000000e+00  0.000000e+00  0.000000e+00 
-4.915463e-03  9.791143e-01  2.031091e-01 -7.602977e-03  0.000000e+00  0.000000e+00  0.000000e+00 
-4.912521e-03  9.791144e-01  2.031083e-01 -7.603449e-03  0.000000e+00  0.000000e+00  0.000000e+00 
-4.909578e-03  9.791146e-01  2.031076e-01 -7.603920e-03  0.000000e+00  0.000000e+00  0.000000e+00 
-4.906636e-03  9.791148e-01  2.031068e-01 -7.604391e-03  0.000000e+00  0.000000e+00  0.000000e+00 
-4.903693e-03  9.791149e-01  2.031061e-01 -7.604861e-03  0.000000e+00  0.000000e+00  0.000000e+00 
-4.900750e-03  9.791151e-01  2.031053e-01 -7.605331e-03  0.000000e+00  0.000000e+00  0.000000e+00 
-4.897806e-03  9.791153e-01  2.031046e-01 -7.605801e-03  0.000000e+00  0.000000e+00  0.000000e+00 
-4.894862e-03  9.791154e-01  2.031039e-01 -7.606270e-03  0.000000e+00  0.000000e+00  0.000000e+00 
-4.891918e-03  9.791156e-01  2.031031e-01 -7.606739e-03  0.000000e+00  0.000000e+00  0.000000e+00 
-4.888974e-03  9.791158e-01  2.031024e-01 -7.607208e-03  0.000000e+00  0.000000e+00  0.000000e+00 
-4.886030e-03  9.791159e-01  2.031016e-01 -7.607676e-03  0.000000e+00  0.000000e+00  0.000000e+00 
-4.900967e-03  9.791161e-01  2.031003e-01 -7.604768e-03  0.000000e+00  0.000000e+00  0.000000e+00 
-4.926852e-03  9.791163e-01  2.030992e-01 -7.599799e-03  0.000000e+00  0.000000e+00  0.000000e+00 
-4.941673e-03  9.791163e-01  2.030989e-01 -7.596924e-03  0.000000e+00  0.000000e+00  0.000000e+00 
-4.949617e-03  9.791163e-01  2.030988e-01 -7.595348e-03  0.000000e+00  0.000000e+00  0.000000e+00 
-4.953434e-03  9.791163e-01  2.030989e-01 -7.594551e-03  0.000000e+00  0.000000e+00  0.000000e+00 
-4.955875e-03  9.791162e-01  2.030990e-01 -7.594014e-03  0.000000e+00  0.000000e+00  0.000000e+00 
-4.958316e-03  9.791162e-01  2.030991e-01 -7.593477e-03  0.000000e+00  0.000000e+00  0.000000e+00 
-4.960758e-03  9.791162e-01  2.030992e-01 -7.592940e-03  0.000000e+00  0.000000e+00  0.000000e+00 
-4.963199e-03  9.791161e-01  2.030993e-01 -7.592403e-03  0.000000e+00  0.000000e+00  0.000000e+00 
-4.965641e-03  9.791161e-01  2.030994e-01 -7.591865e-03  0.000000e+00  0.000000e+00  0.000000e+00 
-4.968082e-03  9.791161e-01  2.030995e-01 -7.591328e-03  0.000000e+00  0.000000e+00  0.000000e+00 
-4.970524e-03  9.791161e-01  2.030996e-01 -7.590791e-03  0.000000e+00  0.000000e+00  0.000000e+00 
-4.972965e-03  9.791160e-01  2.030997e-01 -7.590255e-03  0.000000e+00  0.000000e+00  0.000000e+00 
-4.975407e-03  9.791160e-01  2.030998e-01 -7.589718e-03  0.000000e+00  0.000000e+00  0.000000e+00 
-4.977849e-03  9.791160e-01  2.030999e-01 -7.589181e-03  0.000000e+00  0.000000e+00  0.000000e+00 
-4.980291e-03  9.791159e-01  2.031000e-01 -7.588644e-03  0.000000e+00  0.000000e+00  0.000000e+00 
-4.982733e-03  9.791159e-01  2.031001e-01 -7.588107e-03  0.000000e+00  0.000000e+00  0.000000e+00 
-4.985174e-03  9.791159e-01  2.031002e-01 -7.587571e-03  0.000000e+00  0.000000e+00  0.000000e+00 
-4.987616e-03  9.791158e-01  2.031003e-01 -7.587034e-03  0.000000e+00  0.000000e+00  0.000000e+00 
-4.990058e-03  9.791158e-01  2.031004e-01 -7.586497e-03  0.000000e+00  0.000000e+00  0.000000e+00 
-4.992500e-03  9.791158e-01  2.031005e-01 -7.585961e-03  0.000000e+00  0.000000e+00  0.000000e+00 
-4.977060e-03  9.791157e-01  2.031011e-01 -7.588801e-03  0.000000e+00  0.000000e+00  0.000000e+00 
-4.950673e-03  9.791157e-01  2.031017e-01 -7.593701e-03  0.000000e+00  0.000000e+00  0.000000e+00 
-4.935348e-03  9.791158e-01  2.031013e-01 -7.596506e-03  0.000000e+00  0.000000e+00  0.000000e+00 
-4.926901e-03  9.791160e-01  2.031007e-01 -7.598012e-03  0.000000e+00  0.000000e+00  0.000000e+00 
-4.922580e-03  9.791161e-01  2.031000e-01 -7.598739e-03  0.000000e+00  0.000000e+00  0.000000e+00 
-4.919635e-03  9.791163e-01  2.030993e-01 -7.599206e-03  0.000000e+00  0.000000e+00  0.000000e+00 
-4.916690e-03  9.791165e-01  2.030986e-01 -7.599673e-03  0.000000e+00  0.000000e+00  0.000000e+00 
-4.913744e-03  9.791166e-01  2.030978e-01 -7.600139e-03  0.000000e+00  0.000000e+00  0.000000e+00 
-4.910798e-03  9.791168e-01  2.030971e-01 -7.600605e-03  0.000000e+00  0.000000e+00  0.000000e+00 
-4.907852e-03  9.791170e-01  2.030963e-01 -7.601070e-03  0.000000e+00  0.000000e+00  0.000000e+00 
-4.904905e-03  9.791171e-01  2.030956e-01 -7.601535e-03  0.000000e+00  0.000000e+00  0.000000e+00 
-4.901958e-03  9.791173e-01  2.030949e-01 -7.602000e-03  0.000000e+00  0.000000e+00  0.000000e+00 
-4.899011e-03  9.791174e-01  2.030941e-01 -7.602464e-03  0.000000e+00  0.000000e+00  0.000000e+00 
-4.896064e-03  9.791176e-01  2.030934e-01 -7.602928e-03  0.000000e+00  0.000000e+00  0.000000e+00 
-4.893116e-03  9.791178e-01  2.030926e-01 -7.603391e-03  0.000000e+00  0.000000e+00  0.000000e+00 
-4.890168e-03  9.791179e-01  2.030919e-01 -7.603854e-03  0.000000e+00  0.000000e+00  0.000000e+00 
-4.887220e-03  9.791181e-01  2.030912e-01 -7.604317e-03  0.000000e+00  0.000000e+00  0.000000e+00 
-4.902154e-03  9.791183e-01  2.030898e-01 -7.601404e-03  0.000000e+00  0.000000e+00  0.000000e+00 
-4.928035e-03  9.791185e-01  2.030887e-01 -7.596429e-03  0.000000e+00  0.000000e+00  0.000000e+00 
-4.942853e-03  9.791185e-01  2.030884e-01 -7.593550e-03  0.000000e+00  0.000000e+00  0.000000e+00 
-4.950793e-03  9.791185e-01  2.030883e-01 -7.591968e-03  0.000000e+00  0.000000e+00  0.000000e+00 
-4.954606e-03  9.791184e-01  2.030884e-01 -7.591166e-03  0.000000e+00  0.000000e+00  0.000000e+00 
-4.957044e-03  9.791184e-01  2.030885e-01 -7.590623e-03  0.000000e+00  0.000000e+00  0.000000e+00 
-4.959481e-03  9.791184e-01  2.030886e-01 -7.590081e-03  0.000000e+00  0.000000e+00  0.000000e+00 
-4.961919e-03  9.791184e-01  2.030887e-01 -7.589538e-03  0.000000e+00  0.000000e+00  0.000000e+00 
-4.964357e-03  9.791183e-01  2.030888e-01 -7.588996e-03  0.000000e+00  0.000000e+00  0.000000e+00 
-4.966795e-03  9.791183e-01  2.030889e-01 -7.588453e-03  0.000000e+00  0.000000e+00  0.000000e+00 
-4.969233e-03  9.791183e-01  2.030890e-01 -7.587911e-03  0.000000e+00  0.000000e+00  0.000000e+00 
-4.971671e-03  9.791182e-01  2.030891e-01 -7.587368e-03  0.000000e+00  0.000000e+00  0.000000e+00 
-4.974109e-03  9.791182e-01  2.030892e-01 -7.586826e-03  0.000000e+00  0.000000e+00  0.000000e+00 
-4.976547e-03  9.791182e-01  2.030893e-01 -7.586284e-03  0.000000e+00  0.000000e+00  0.000000e+00 
-4.978985e-03  9.791182e-01  2.030894e-01 -7.585742e-03  0.000000e+00  0.000000e+00  0.000000e+00 
-4.981423e-03  9.791181e-01  2.030895e-01 -7.585199e-03  0.000000e+00  0.000000e+00  0.000000e+00 
-4.983861e-03  9.791181e-01  2.030896e-01 -7.584657e-03  0.000000e+00  0.000000e+00  0.000000e+00 
-4.986299e-03  9.791181e-01  2.030897e-01 -7.584115e-03  0.000000e+00  0.000000e+00  0.000000e+00 
-4.988738e-03  9.791180e-01  2.030898e-01 -7.583573e-03  0.000000e+00  0.000000e+00  0.000000e+00 
-4.991176e-03  9.791180e-01  2.030899e-01 -7.583031e-03  0.000000e+00  0.000000e+00  0.000000e+00 
-4.993614e-03  9.791180e-01  2.030900e-01 -7.582489e-03  0.000000e+00  0.000000e+00  0.000000e+00 
-4.978170e-03  9.791179e-01  2.030907e-01 -7.585324e-03  0.000000e+00  0.000000e+00  0.000000e+00 
-4.951779e-03  9.791179e-01  2.030912e-01 -7.590218e-03  0.000000e+00  0.000000e+00  0.000000e+00 
-4.936451e-03  9.791180e-01  2.030909e-01 -7.593018e-03  0.000000e+00  0.000000e+00  0.000000e+00 
-4.928000e-03  9.791182e-01  2.030903e-01 -7.594518e-03  0.000000e+00  0.000000e+00  0.000000e+00 
-4.923676e-03  9.791183e-01  2.030896e-01 -7.595240e-03  0.000000e+00  0.000000e+00  0.000000e+00 
-4.920727e-03  9.791185e-01  2.030889e-01 -7.595701e-03  0.000000e+00  0.000000e+00  0.000000e+00 
-4.917778e-03  9.791186e-01  2.030881e-01 -7.596163e-03  0.000000e+00  0.000000e+00  0.000000e+00 
-4.914829e-03  9.791188e-01  2.030874e-01 -7.596623e-03  0.000000e+00  0.000000e+00  0.000000e+00 
-4.911879e-03  9.791190e-01  2.030867e-01 -7.597084e-03  0.000000e+00  0.000000e+00  0.000000e+00 
-4.908929e-03  9.791191e-01  2.030859e-01 -7.597544e-03  0.000000e+00  0.000000e+00  0.000000e+00 
-4.905979e-03  9.791193e-01  2.030852e-01 -7.598003e-03  0.000000e+00  0.000000e+00  0.000000e+00 
-4.903029e-03  9.791195e-01  2.030845e-01 -7.598462e-03  0.000000e+00  0.000000e+00  0.000000e+00 
-4.900078e-03  9.791196e-01  2.030837e-01 -7.598921e-03  0.000000e+00  0.000000e+00  0.000000e+00 
-4.897127e-03  9.791198e-01  2.030830e-01 -7.599380e-03  0.000000e+00  0.000000e+00  0.000000e+00 
-4.894176e-03  9.791200e-01  2.030822e-01 -7.599838e-03  0.000000e+00  0.000000e+00  0.000000e+00 
-4.891224e-03  9.791201e-01  2.030815e-01 -7.600295e-03  0.000000e+00  0.000000e+00  0.000000e+00 
-4.888272e-03  9.791203e-01  2.030808e-01 -7.600753e-03  0.000000e+00  0.000000e+00  0.000000e+00 
-4.903203e-03  9.791205e-01  2.030795e-01 -7.597834e-03  0.000000e+00  0.000000e+00  0.000000e+00 
-4.929080e-03  9.791207e-01  2.030783e-01 -7.592855e-03  0.000000e+00  0.000000e+00  0.000000e+00 
-4.943894e-03  9.791207e-01  2.030780e-01 -7.589970e-03  0.000000e+00  0.000000e+00  0.000000e+00 
-4.951830e-03  9.791207e-01  2.030779e-01 -7.588383e-03  0.000000e+00  0.000000e+00  0.000000e+00 
-4.955640e-03  9.791206e-01  2.030780e-01 -7.587575e-03  0.000000e+00  0.000000e+00  0.000000e+00 
-4.958074e-03  9.791206e-01  2.030781e-01 -7.587027e-03  0.000000e+00  0.000000e+00  0.000000e+00 
-4.960508e-03  9.791206e-01  2.030782e-01 -7.586479e-03  0.000000e+00  0.000000e+00  0.000000e+00 
-4.962942e-03  9.791205e-01  2.030783e-01 -7.585931e-03  0.000000e+00  0.000000e+00  0.000000e+00 
-4.965376e-03  9.791205e-01  2.030784e-01 -7.585384e-03  0.000000e+00  0.000000e+00  0.000000e+00 
-4.967811e-03  9.791205e-01  2.030785e-01 -7.584836e-03  0.000000e+00  0.000000e+00  0.000000e+00 
-4.970245e-03  9.791204e-01  2.030786e-01 -7.584288e-03  0.000000e+00  0.000000e+00  0.000000e+00 
-4.972679e-03  9.791204e-01  2.030787e-01 -7.583740e-03  0.000000e+00  0.000000e+00  0.000000e+00 
-4.975114e-03  9.791204e-01  2.030788e-01 -7.583193e-03  0.000000e+00  0.000000e+00  0.000000e+00 
-4.977548e-03  9.791204e-01  2.030789e-01 -7.582645e-03  0.000000e+00  0.000000e+00  0.000000e+00 
-4.979983e-03  9.791203e-01  2.030791e-01 -7.582098e-03  0.000000e+00  0.000000e+00  0.000000e+00 
-4.982417e-03  9.791203e-01  2.030792e-01 -7.581550e-03  0.000000e+00  0.000000e+00  0.000000e+00 
-4.984852e-03  9.791203e-01  2.030793e-01 -7.581003e-03  0.000000e+00  0.000000e+00  0.000000e+00 
-4.987286e-03  9.791202e-01  2.030794e-01 -7.580455e-03  0.000000e+00  0.000000e+00  0.000000e+00 
-4.989721e-03  9.791202e-01  2.030795e-01 -7.579908e-03  0.000000e+00  0.000000e+00  0.000000e+00 
-4.992156e-03  9.791202e-01  2.030796e-01 -7.579361e-03  0.000000e+00  0.000000e+00  0.000000e+00 
